曲线名称,曲线类型,日期,标准期限(年),收益率(%),N(年),K(年),期限描述
上海清算所城投债收益率曲线(AA+),远期的到期,2026-02-26,0,3.0026,5,3,3Y
上海清算所城投债收益率曲线(AA+),远期的到期,2026-02-26,0,2.9805,5,2,2Y
上海清算所城投债收益率曲线(AA+),远期的到期,2026-02-26,0,2.5959,5,1,1Y
上海清算所城投债收益率曲线(AA+),远期的到期,2026-02-26,0,2.9942,6,9,9Y
上海清算所城投债收益率曲线(AA+),远期的到期,2026-02-26,0,3.0001,6,8,8Y
上海清算所城投债收益率曲线(AA+),远期的到期,2026-02-26,0,3.0014,6,7,7Y
上海清算所城投债收益率曲线(AA+),远期的到期,2026-02-26,0,3.003,6,6,6Y
上海清算所城投债收益率曲线(AA+),远期的到期,2026-02-26,0,3.0185,6,5,5Y
上海清算所城投债收益率曲线(AA+),远期的到期,2026-02-26,0,3.0904,6,4,4Y
上海清算所城投债收益率曲线(AA+),远期的到期,2026-02-26,0,3.0986,6,3,3Y
上海清算所城投债收益率曲线(AA+),远期的到期,2026-02-26,0,3.216,6,2,2Y
上海清算所城投债收益率曲线(AA+),远期的到期,2026-02-26,0,3.3781,6,1,1Y
上海清算所城投债收益率曲线(AA+),远期的到期,2026-02-26,0,2.9397,7,8,8Y
上海清算所城投债收益率曲线(AA+),远期的到期,2026-02-26,0,2.9396,7,7,7Y
上海清算所城投债收益率曲线(AA+),远期的到期,2026-02-26,0,2.9319,7,6,6Y
上海清算所城投债收益率曲线(AA+),远期的到期,2026-02-26,0,2.9212,7,5,5Y
上海清算所城投债收益率曲线(AA+),远期的到期,2026-02-26,0,2.9218,7,4,4Y
上海清算所城投债收益率曲线(AA+),远期的到期,2026-02-26,0,2.9888,7,3,3Y
上海清算所城投债收益率曲线(AA+),远期的到期,2026-02-26,0,2.9525,7,2,2Y
上海清算所城投债收益率曲线(AA+),远期的到期,2026-02-26,0,3.0488,7,1,1Y
上海清算所城投债收益率曲线(AA+),远期的到期,2026-02-26,0,2.9222,8,7,7Y
上海清算所城投债收益率曲线(AA+),远期的到期,2026-02-26,0,2.9195,8,6,6Y
上海清算所城投债收益率曲线(AA+),远期的到期,2026-02-26,0,2.9065,8,5,5Y
上海清算所城投债收益率曲线(AA+),远期的到期,2026-02-26,0,2.8869,8,4,4Y
上海清算所城投债收益率曲线(AA+),远期的到期,2026-02-26,0,2.8769,8,3,3Y
上海清算所城投债收益率曲线(AA+),远期的到期,2026-02-26,0,2.9574,8,2,2Y
上海清算所城投债收益率曲线(AA+),远期的到期,2026-02-26,0,2.8535,8,1,1Y
上海清算所城投债收益率曲线(AA+),远期的到期,2026-02-26,0,2.9349,9,6,6Y
上海清算所城投债收益率曲线(AA+),远期的到期,2026-02-26,0,2.9339,9,5,5Y
上海清算所城投债收益率曲线(AA+),远期的到期,2026-02-26,0,2.9207,9,4,4Y
上海清算所城投债收益率曲线(AA+),远期的到期,2026-02-26,0,2.8988,9,3,3Y
上海清算所城投债收益率曲线(AA+),远期的到期,2026-02-26,0,2.8892,9,2,2Y
上海清算所城投债收益率曲线(AA+),远期的到期,2026-02-26,0,3.0645,9,1,1Y
上海清算所城投债收益率曲线(AA+),远期的到期,2026-02-26,0,2.9067,10,5,5Y
上海清算所城投债收益率曲线(AA+),远期的到期,2026-02-26,0,2.8988,10,4,4Y
上海清算所城投债收益率曲线(AA+),远期的到期,2026-02-26,0,2.8701,10,3,3Y
上海清算所城投债收益率曲线(AA+),远期的到期,2026-02-26,0,2.8124,10,2,2Y
上海清算所城投债收益率曲线(AA+),远期的到期,2026-02-26,0,2.7092,10,1,1Y
上海清算所城投债收益率曲线(AA+),远期的到期,2026-02-26,0,2.9598,11,4,4Y
上海清算所城投债收益率曲线(AA+),远期的到期,2026-02-26,0,2.9658,11,3,3Y
上海清算所城投债收益率曲线(AA+),远期的到期,2026-02-26,0,2.9541,11,2,2Y
上海清算所城投债收益率曲线(AA+),远期的到期,2026-02-26,0,2.9187,11,1,1Y
上海清算所城投债收益率曲线(AA+),远期的到期,2026-02-26,0,2.9743,12,3,3Y
上海清算所城投债收益率曲线(AA+),远期的到期,2026-02-26,0,2.9904,12,2,2Y
上海清算所城投债收益率曲线(AA+),远期的到期,2026-02-26,0,2.9905,12,1,1Y
上海清算所城投债收益率曲线(AA+),远期的到期,2026-02-26,0,2.9659,13,2,2Y
上海清算所城投债收益率曲线(AA+),远期的到期,2026-02-26,0,2.9904,13,1,1Y
上海清算所城投债收益率曲线(AA+),远期的到期,2026-02-26,0,2.9406,14,1,1Y
上海清算所城投债收益率曲线(AA+),远期的到期,2026-02-27,0,2.6938,1,14,14Y
上海清算所城投债收益率曲线(AA+),远期的到期,2026-02-27,0,2.6736,1,13,13Y
上海清算所城投债收益率曲线(AA+),远期的到期,2026-02-27,0,2.6568,1,12,12Y
上海清算所城投债收益率曲线(AA+),远期的到期,2026-02-27,0,2.6323,1,11,11Y
上海清算所城投债收益率曲线(AA+),远期的到期,2026-02-27,0,2.6166,1,10,10Y
上海清算所城投债收益率曲线(AA+),远期的到期,2026-02-27,0,2.57,1,9,9Y
上海清算所城投债收益率曲线(AA+),远期的到期,2026-02-27,0,2.5054,1,8,8Y
上海清算所城投债收益率曲线(AA+),远期的到期,2026-02-27,0,2.4915,1,7,7Y
上海清算所城投债收益率曲线(AA+),远期的到期,2026-02-27,0,2.39,1,6,6Y
上海清算所城投债收益率曲线(AA+),远期的到期,2026-02-27,0,2.173,1,5,5Y
上海清算所城投债收益率曲线(AA+),远期的到期,2026-02-27,0,2.1101,1,4,4Y
上海清算所城投债收益率曲线(AA+),远期的到期,2026-02-27,0,2.0509,1,3,3Y
上海清算所城投债收益率曲线(AA+),远期的到期,2026-02-27,0,1.9014,1,2,2Y
上海清算所城投债收益率曲线(AA+),远期的到期,2026-02-27,0,1.8908,1,1,1Y
上海清算所城投债收益率曲线(AA+),远期的到期,2026-02-27,0,2.7676,2,13,13Y
上海清算所城投债收益率曲线(AA+),远期的到期,2026-02-27,0,2.7504,2,12,12Y
上海清算所城投债收益率曲线(AA+),远期的到期,2026-02-27,0,2.7378,2,11,11Y
上海清算所城投债收益率曲线(AA+),远期的到期,2026-02-27,0,2.7173,2,10,10Y
上海清算所城投债收益率曲线(AA+),远期的到期,2026-02-27,0,2.7078,2,9,9Y
上海清算所城投债收益率曲线(AA+),远期的到期,2026-02-27,0,2.6647,2,8,8Y
上海清算所城投债收益率曲线(AA+),远期的到期,2026-02-27,0,2.602,2,7,7Y
上海清算所城投债收益率曲线(AA+),远期的到期,2026-02-27,0,2.6001,2,6,6Y
上海清算所城投债收益率曲线(AA+),远期的到期,2026-02-27,0,2.4968,2,5,5Y
上海清算所城投债收益率曲线(AA+),远期的到期,2026-02-27,0,2.2475,2,4,4Y
上海清算所城投债收益率曲线(AA+),远期的到期,2026-02-27,0,2.1863,2,3,3Y
上海清算所城投债收益率曲线(AA+),远期的到期,2026-02-27,0,2.1335,2,2,2Y
上海清算所城投债收益率曲线(AA+),远期的到期,2026-02-27,0,1.9122,2,1,1Y
上海清算所城投债收益率曲线(AA+),远期的到期,2026-02-27,0,2.8524,3,12,12Y
上海清算所城投债收益率曲线(AA+),远期的到期,2026-02-27,0,2.8398,3,11,11Y
上海清算所城投债收益率曲线(AA+),远期的到期,2026-02-27,0,2.8333,3,10,10Y
上海清算所城投债收益率曲线(AA+),远期的到期,2026-02-27,0,2.8193,3,9,9Y
上海清算所城投债收益率曲线(AA+),远期的到期,2026-02-27,0,2.8197,3,8,8Y
上海清算所城投债收益率曲线(AA+),远期的到期,2026-02-27,0,2.7839,3,7,7Y
上海清算所城投债收益率曲线(AA+),远期的到期,2026-02-27,0,2.7277,3,6,6Y
上海清算所城投债收益率曲线(AA+),远期的到期,2026-02-27,0,2.7484,3,5,5Y
上海清算所城投债收益率曲线(AA+),远期的到期,2026-02-27,0,2.6521,3,4,4Y
上海清算所城投债收益率曲线(AA+),远期的到期,2026-02-27,0,2.3645,3,3,3Y
上海清算所城投债收益率曲线(AA+),远期的到期,2026-02-27,0,2.3282,3,2,2Y
上海清算所城投债收益率曲线(AA+),远期的到期,2026-02-27,0,2.3599,3,1,1Y
上海清算所城投债收益率曲线(AA+),远期的到期,2026-02-27,0,2.9052,4,11,11Y
上海清算所城投债收益率曲线(AA+),远期的到期,2026-02-27,0,2.8956,4,10,10Y
上海清算所城投债收益率曲线(AA+),远期的到期,2026-02-27,0,2.8936,4,9,9Y
上海清算所城投债收益率曲线(AA+),远期的到期,2026-02-27,0,2.8843,4,8,8Y
上海清算所城投债收益率曲线(AA+),远期的到期,2026-02-27,0,2.8929,4,7,7Y
上海清算所城投债收益率曲线(AA+),远期的到期,2026-02-27,0,2.8615,4,6,6Y
上海清算所城投债收益率曲线(AA+),远期的到期,2026-02-27,0,2.8074,4,5,5Y
上海清算所城投债收益率曲线(AA+),远期的到期,2026-02-27,0,2.8521,4,4,4Y
上海清算所城投债收益率曲线(AA+),远期的到期,2026-02-27,0,2.7544,4,3,3Y
上海清算所城投债收益率曲线(AA+),远期的到期,2026-02-27,0,2.3669,4,2,2Y
上海清算所城投债收益率曲线(AA+),远期的到期,2026-02-27,0,2.2957,4,1,1Y
上海清算所城投债收益率曲线(AA+),远期的到期,2026-02-27,0,2.9765,5,10,10Y
上海清算所城投债收益率曲线(AA+),远期的到期,2026-02-27,0,2.9726,5,9,9Y
上海清算所城投债收益率曲线(AA+),远期的到期,2026-02-27,0,2.9787,5,8,8Y
上海清算所城投债收益率曲线(AA+),远期的到期,2026-02-27,0,2.9786,5,7,7Y
上海清算所城投债收益率曲线(AA+),远期的到期,2026-02-27,0,3.0031,5,6,6Y
上海清算所城投债收益率曲线(AA+),远期的到期,2026-02-27,0,2.9849,5,5,5Y
上海清算所城投债收益率曲线(AA+),远期的到期,2026-02-27,0,2.9448,5,4,4Y
上海清算所城投债收益率曲线(AA+),远期的到期,2026-02-27,0,3.0486,5,3,3Y
上海清算所城投债收益率曲线(AA+),远期的到期,2026-02-27,0,2.9935,5,2,2Y
上海清算所城投债收益率曲线(AA+),远期的到期,2026-02-27,0,2.4399,5,1,1Y
上海清算所城投债收益率曲线(AA+),远期的到期,2026-02-27,0,3.0457,6,9,9Y
上海清算所城投债收益率曲线(AA+),远期的到期,2026-02-27,0,3.0488,6,8,8Y
上海清算所城投债收益率曲线(AA+),远期的到期,2026-02-27,0,3.0656,6,7,7Y
上海清算所城投债收益率曲线(AA+),远期的到期,2026-02-27,0,3.0786,6,6,6Y
上海清算所城投债收益率曲线(AA+),远期的到期,2026-02-27,0,3.1267,6,5,5Y
上海清算所城投债收益率曲线(AA+),远期的到期,2026-02-27,0,3.1323,6,4,4Y
上海清算所城投债收益率曲线(AA+),远期的到期,2026-02-27,0,3.1243,6,3,3Y
上海清算所城投债收益率曲线(AA+),远期的到期,2026-02-27,0,3.3687,6,2,2Y
上海清算所城投债收益率曲线(AA+),远期的到期,2026-02-27,0,3.5669,6,1,1Y
上海清算所城投债收益率曲线(AA+),远期的到期,2026-02-27,0,2.9716,7,8,8Y
上海清算所城投债收益率曲线(AA+),远期的到期,2026-02-27,0,2.9658,7,7,7Y
上海清算所城投债收益率曲线(AA+),远期的到期,2026-02-27,0,2.9731,7,6,6Y
上海清算所城投债收益率曲线(AA+),远期的到期,2026-02-27,0,2.972,7,5,5Y
上海清算所城投债收益率曲线(AA+),远期的到期,2026-02-27,0,3.0083,7,4,4Y
上海清算所城投债收益率曲线(AA+),远期的到期,2026-02-27,0,2.9787,7,3,3Y
上海清算所城投债收益率曲线(AA+),远期的到期,2026-02-27,0,2.893,7,2,2Y
上海清算所城投债收益率曲线(AA+),远期的到期,2026-02-27,0,3.1642,7,1,1Y
上海清算所城投债收益率曲线(AA+),远期的到期,2026-02-27,0,2.9407,8,7,7Y
上海清算所城投债收益率曲线(AA+),远期的到期,2026-02-27,0,2.9292,8,6,6Y
上海清算所城投债收益率曲线(AA+),远期的到期,2026-02-27,0,2.9315,8,5,5Y
上海清算所城投债收益率曲线(AA+),远期的到期,2026-02-27,0,2.9205,8,4,4Y
上海清算所城投债收益率曲线(AA+),远期的到期,2026-02-27,0,2.9533,8,3,3Y
上海清算所城投债收益率曲线(AA+),远期的到期,2026-02-27,0,2.8821,8,2,2Y
上海清算所城投债收益率曲线(AA+),远期的到期,2026-02-27,0,2.6147,8,1,1Y
上海清算所城投债收益率曲线(AA+),远期的到期,2026-02-27,0,3.001,9,6,6Y
上海清算所城投债收益率曲线(AA+),远期的到期,2026-02-27,0,2.998,9,5,5Y
上海清算所城投债收益率曲线(AA+),远期的到期,2026-02-27,0,3.0168,9,4,4Y
上海清算所城投债收益率曲线(AA+),远期的到期,2026-02-27,0,3.0287,9,3,3Y
上海清算所城投债收益率曲线(AA+),远期的到期,2026-02-27,0,3.1306,9,2,2Y
上海清算所城投债收益率曲线(AA+),远期的到期,2026-02-27,0,3.1579,9,1,1Y
上海清算所城投债收益率曲线(AA+),远期的到期,2026-02-27,0,2.9668,10,5,5Y
上海清算所城投债收益率曲线(AA+),远期的到期,2026-02-27,0,2.955,10,4,4Y
上海清算所城投债收益率曲线(AA+),远期的到期,2026-02-27,0,2.967,10,3,3Y
上海清算所城投债收益率曲线(AA+),远期的到期,2026-02-27,0,2.9613,10,2,2Y
上海清算所城投债收益率曲线(AA+),远期的到期,2026-02-27,0,3.1026,10,1,1Y
上海清算所城投债收益率曲线(AA+),远期的到期,2026-02-27,0,2.9303,11,4,4Y
上海清算所城投债收益率曲线(AA+),远期的到期,2026-02-27,0,2.9029,11,3,3Y
上海清算所城投债收益率曲线(AA+),远期的到期,2026-02-27,0,2.8963,11,2,2Y
上海清算所城投债收益率曲线(AA+),远期的到期,2026-02-27,0,2.816,11,1,1Y
上海清算所城投债收益率曲线(AA+),远期的到期,2026-02-27,0,2.9707,12,3,3Y
上海清算所城投债收益率曲线(AA+),远期的到期,2026-02-27,0,2.9483,12,2,2Y
上海清算所城投债收益率曲线(AA+),远期的到期,2026-02-27,0,2.9789,12,1,1Y
上海清算所城投债收益率曲线(AA+),远期的到期,2026-02-27,0,2.9664,13,2,2Y
上海清算所城投债收益率曲线(AA+),远期的到期,2026-02-27,0,2.9169,13,1,1Y
上海清算所城投债收益率曲线(AA+),远期的到期,2026-02-27,0,3.0174,14,1,1Y
上海清算所城投债收益率曲线(AA+),远期的到期,2026-02-28,0,2.6788,1,14,14Y
上海清算所城投债收益率曲线(AA+),远期的到期,2026-02-28,0,2.6567,1,13,13Y
上海清算所城投债收益率曲线(AA+),远期的到期,2026-02-28,0,2.6393,1,12,12Y
上海清算所城投债收益率曲线(AA+),远期的到期,2026-02-28,0,2.6152,1,11,11Y
上海清算所城投债收益率曲线(AA+),远期的到期,2026-02-28,0,2.6007,1,10,10Y
上海清算所城投债收益率曲线(AA+),远期的到期,2026-02-28,0,2.556,1,9,9Y
上海清算所城投债收益率曲线(AA+),远期的到期,2026-02-28,0,2.494,1,8,8Y
上海清算所城投债收益率曲线(AA+),远期的到期,2026-02-28,0,2.483,1,7,7Y
上海清算所城投债收益率曲线(AA+),远期的到期,2026-02-28,0,2.3837,1,6,6Y
上海清算所城投债收益率曲线(AA+),远期的到期,2026-02-28,0,2.1652,1,5,5Y
上海清算所城投债收益率曲线(AA+),远期的到期,2026-02-28,0,2.0999,1,4,4Y
上海清算所城投债收益率曲线(AA+),远期的到期,2026-02-28,0,2.0433,1,3,3Y
上海清算所城投债收益率曲线(AA+),远期的到期,2026-02-28,0,1.8975,1,2,2Y
上海清算所城投债收益率曲线(AA+),远期的到期,2026-02-28,0,1.8876,1,1,1Y
上海清算所城投债收益率曲线(AA+),远期的到期,2026-02-28,0,2.7515,2,13,13Y
上海清算所城投债收益率曲线(AA+),远期的到期,2026-02-28,0,2.7321,2,12,12Y
上海清算所城投债收益率曲线(AA+),远期的到期,2026-02-28,0,2.7187,2,11,11Y
上海清算所城投债收益率曲线(AA+),远期的到期,2026-02-28,0,2.6986,2,10,10Y
上海清算所城投债收益率曲线(AA+),远期的到期,2026-02-28,0,2.6903,2,9,9Y
上海清算所城投债收益率曲线(AA+),远期的到期,2026-02-28,0,2.6491,2,8,8Y
上海清算所城投债收益率曲线(AA+),远期的到期,2026-02-28,0,2.5892,2,7,7Y
上海清算所城投债收益率曲线(AA+),远期的到期,2026-02-28,0,2.5906,2,6,6Y
上海清算所城投债收益率曲线(AA+),远期的到期,2026-02-28,0,2.4898,2,5,5Y
上海清算所城投债收益率曲线(AA+),远期的到期,2026-02-28,0,2.2384,2,4,4Y
上海清算所城投债收益率曲线(AA+),远期的到期,2026-02-28,0,2.1737,2,3,3Y
上海清算所城投债收益率曲线(AA+),远期的到期,2026-02-28,0,2.1236,2,2,2Y
上海清算所城投债收益率曲线(AA+),远期的到期,2026-02-28,0,1.9077,2,1,1Y
上海清算所城投债收益率曲线(AA+),远期的到期,2026-02-28,0,2.835,3,12,12Y
上海清算所城投债收益率曲线(AA+),远期的到期,2026-02-28,0,2.82,3,11,11Y
上海清算所城投债收益率曲线(AA+),远期的到期,2026-02-28,0,2.8124,3,10,10Y
上海清算所城投债收益率曲线(AA+),远期的到期,2026-02-28,0,2.7987,3,9,9Y
上海清算所城投债收益率曲线(AA+),远期的到期,2026-02-28,0,2.8003,3,8,8Y
上海清算所城投债收益率曲线(AA+),远期的到期,2026-02-28,0,2.7665,3,7,7Y
上海清算所城投债收益率曲线(AA+),远期的到期,2026-02-28,0,2.7134,3,6,6Y
上海清算所城投债收益率曲线(AA+),远期的到期,2026-02-28,0,2.7378,3,5,5Y
上海清算所城投债收益率曲线(AA+),远期的到期,2026-02-28,0,2.6444,3,4,4Y
上海清算所城投债收益率曲线(AA+),远期的到期,2026-02-28,0,2.3539,3,3,3Y
上海清算所城投债收益率曲线(AA+),远期的到期,2026-02-28,0,2.3114,3,2,2Y
上海清算所城投债收益率曲线(AA+),远期的到期,2026-02-28,0,2.3446,3,1,1Y
上海清算所城投债收益率曲线(AA+),远期的到期,2026-02-28,0,2.8875,4,11,11Y
上海清算所城投债收益率曲线(AA+),远期的到期,2026-02-28,0,2.8752,4,10,10Y
上海清算所城投债收益率曲线(AA+),远期的到期,2026-02-28,0,2.872,4,9,9Y
上海清算所城投债收益率曲线(AA+),远期的到期,2026-02-28,0,2.8629,4,8,8Y
上海清算所城投债收益率曲线(AA+),远期的到期,2026-02-28,0,2.8728,4,7,7Y
上海清算所城投债收益率曲线(AA+),远期的到期,2026-02-28,0,2.8438,4,6,6Y
上海清算所城投债收益率曲线(AA+),远期的到期,2026-02-28,0,2.7932,4,5,5Y
上海清算所城投债收益率曲线(AA+),远期的到期,2026-02-28,0,2.8428,4,4,4Y
上海清算所城投债收益率曲线(AA+),远期的到期,2026-02-28,0,2.7494,4,3,3Y
上海清算所城投债收益率曲线(AA+),远期的到期,2026-02-28,0,2.3587,4,2,2Y
上海清算所城投债收益率曲线(AA+),远期的到期,2026-02-28,0,2.2775,4,1,1Y
上海清算所城投债收益率曲线(AA+),远期的到期,2026-02-28,0,2.9589,5,10,10Y
上海清算所城投债收益率曲线(AA+),远期的到期,2026-02-28,0,2.9518,5,9,9Y
上海清算所城投债收益率曲线(AA+),远期的到期,2026-02-28,0,2.9565,5,8,8Y
上海清算所城投债收益率曲线(AA+),远期的到期,2026-02-28,0,2.9567,5,7,7Y
上海清算所城投债收益率曲线(AA+),远期的到期,2026-02-28,0,2.9826,5,6,6Y
上海清算所城投债收益率曲线(AA+),远期的到期,2026-02-28,0,2.9672,5,5,5Y
上海清算所城投债收益率曲线(AA+),远期的到期,2026-02-28,0,2.9318,5,4,4Y
上海清算所城投债收益率曲线(AA+),远期的到期,2026-02-28,0,3.0424,5,3,3Y
上海清算所城投债收益率曲线(AA+),远期的到期,2026-02-28,0,2.9954,5,2,2Y
上海清算所城投债收益率曲线(AA+),远期的到期,2026-02-28,0,2.4419,5,1,1Y
上海清算所城投债收益率曲线(AA+),远期的到期,2026-02-28,0,3.0255,6,9,9Y
上海清算所城投债收益率曲线(AA+),远期的到期,2026-02-28,0,3.0247,6,8,8Y
上海清算所城投债收益率曲线(AA+),远期的到期,2026-02-28,0,3.0395,6,7,7Y
上海清算所城投债收益率曲线(AA+),远期的到期,2026-02-28,0,3.0521,6,6,6Y
上海清算所城投债收益率曲线(AA+),远期的到期,2026-02-28,0,3.1012,6,5,5Y
上海清算所城投债收益率曲线(AA+),远期的到期,2026-02-28,0,3.1092,6,4,4Y
上海清算所城投债收益率曲线(AA+),远期的到期,2026-02-28,0,3.1058,6,3,3Y
上海清算所城投债收益率曲线(AA+),远期的到期,2026-02-28,0,3.3581,6,2,2Y
上海清算所城投债收益率曲线(AA+),远期的到期,2026-02-28,0,3.5686,6,1,1Y
上海清算所城投债收益率曲线(AA+),远期的到期,2026-02-28,0,2.9483,7,8,8Y
上海清算所城投债收益率曲线(AA+),远期的到期,2026-02-28,0,2.9376,7,7,7Y
上海清算所城投债收益率曲线(AA+),远期的到期,2026-02-28,0,2.9419,7,6,6Y
上海清算所城投债收益率曲线(AA+),远期的到期,2026-02-28,0,2.9395,7,5,5Y
上海清算所城投债收益率曲线(AA+),远期的到期,2026-02-28,0,2.9755,7,4,4Y
上海清算所城投债收益率曲线(AA+),远期的到期,2026-02-28,0,2.9469,7,3,3Y
上海清算所城投债收益率曲线(AA+),远期的到期,2026-02-28,0,2.8641,7,2,2Y
上海清算所城投债收益率曲线(AA+),远期的到期,2026-02-28,0,3.1409,7,1,1Y
上海清算所城投债收益率曲线(AA+),远期的到期,2026-02-28,0,2.9175,8,7,7Y
上海清算所城投债收益率曲线(AA+),远期的到期,2026-02-28,0,2.9002,8,6,6Y
上海清算所城投债收益率曲线(AA+),远期的到期,2026-02-28,0,2.8986,8,5,5Y
上海清算所城投债收益率曲线(AA+),远期的到期,2026-02-28,0,2.8855,8,4,4Y
上海清算所城投债收益率曲线(AA+),远期的到期,2026-02-28,0,2.9172,8,3,3Y
上海清算所城投债收益率曲线(AA+),远期的到期,2026-02-28,0,2.8459,8,2,2Y
上海清算所城投债收益率曲线(AA+),远期的到期,2026-02-28,0,2.5801,8,1,1Y
上海清算所城投债收益率曲线(AA+),远期的到期,2026-02-28,0,2.9798,9,6,6Y
上海清算所城投债收益率曲线(AA+),远期的到期,2026-02-28,0,2.9701,9,5,5Y
上海清算所城投债收益率曲线(AA+),远期的到期,2026-02-28,0,2.9843,9,4,4Y
上海清算所城投债收益率曲线(AA+),远期的到期,2026-02-28,0,2.9935,9,3,3Y
上海清算所城投债收益率曲线(AA+),远期的到期,2026-02-28,0,3.0937,9,2,2Y
上海清算所城投债收益率曲线(AA+),远期的到期,2026-02-28,0,3.1199,9,1,1Y
上海清算所城投债收益率曲线(AA+),远期的到期,2026-02-28,0,2.9493,10,5,5Y
上海清算所城投债收益率曲线(AA+),远期的到期,2026-02-28,0,2.9299,10,4,4Y
上海清算所城投债收益率曲线(AA+),远期的到期,2026-02-28,0,2.9365,10,3,3Y
上海清算所城投债收益率曲线(AA+),远期的到期,2026-02-28,0,2.9275,10,2,2Y
上海清算所城投债收益率曲线(AA+),远期的到期,2026-02-28,0,3.0666,10,1,1Y
上海清算所城投债收益率曲线(AA+),远期的到期,2026-02-28,0,2.9178,11,4,4Y
上海清算所城投债收益率曲线(AA+),远期的到期,2026-02-28,0,2.8817,11,3,3Y
上海清算所城投债收益率曲线(AA+),远期的到期,2026-02-28,0,2.8686,11,2,2Y
上海清算所城投债收益率曲线(AA+),远期的到期,2026-02-28,0,2.7845,11,1,1Y
上海清算所城投债收益率曲线(AA+),远期的到期,2026-02-28,0,2.9649,12,3,3Y
上海清算所城投债收益率曲线(AA+),远期的到期,2026-02-28,0,2.9324,12,2,2Y
上海清算所城投债收益率曲线(AA+),远期的到期,2026-02-28,0,2.9552,12,1,1Y
上海清算所城投债收益率曲线(AA+),远期的到期,2026-02-28,0,2.97,13,2,2Y
上海清算所城投债收益率曲线(AA+),远期的到期,2026-02-28,0,2.9089,13,1,1Y
上海清算所城投债收益率曲线(AA+),远期的到期,2026-02-28,0,3.0328,14,1,1Y
上海清算所城投债收益率曲线(AA+),远期的到期,2026-03-02,0,2.6687,1,14,14Y
上海清算所城投债收益率曲线(AA+),远期的到期,2026-03-02,0,2.6521,1,13,13Y
上海清算所城投债收益率曲线(AA+),远期的到期,2026-03-02,0,2.6348,1,12,12Y
上海清算所城投债收益率曲线(AA+),远期的到期,2026-03-02,0,2.6157,1,11,11Y
上海清算所城投债收益率曲线(AA+),远期的到期,2026-03-02,0,2.5937,1,10,10Y
上海清算所城投债收益率曲线(AA+),远期的到期,2026-03-02,0,2.5678,1,9,9Y
上海清算所城投债收益率曲线(AA+),远期的到期,2026-03-02,0,2.516,1,8,8Y
上海清算所城投债收益率曲线(AA+),远期的到期,2026-03-02,0,2.4359,1,7,7Y
上海清算所城投债收益率曲线(AA+),远期的到期,2026-03-02,0,2.3992,1,6,6Y
上海清算所城投债收益率曲线(AA+),远期的到期,2026-03-02,0,2.1421,1,5,5Y
上海清算所城投债收益率曲线(AA+),远期的到期,2026-03-02,0,2.0739,1,4,4Y
上海清算所城投债收益率曲线(AA+),远期的到期,2026-03-02,0,2.0574,1,3,3Y
上海清算所城投债收益率曲线(AA+),远期的到期,2026-03-02,0,1.9496,1,2,2Y
上海清算所城投债收益率曲线(AA+),远期的到期,2026-03-02,0,1.9021,1,1,1Y
上海清算所城投债收益率曲线(AA+),远期的到期,2026-03-02,0,2.7391,2,13,13Y
上海清算所城投债收益率曲线(AA+),远期的到期,2026-03-02,0,2.7257,2,12,12Y
上海清算所城投债收益率曲线(AA+),远期的到期,2026-03-02,0,2.7122,2,11,11Y
上海清算所城投债收益率曲线(AA+),远期的到期,2026-03-02,0,2.6975,2,10,10Y
上海清算所城投债收益率曲线(AA+),远期的到期,2026-03-02,0,2.6806,2,9,9Y
上海清算所城投债收益率曲线(AA+),远期的到期,2026-03-02,0,2.6605,2,8,8Y
上海清算所城投债收益率曲线(AA+),远期的到期,2026-03-02,0,2.6123,2,7,7Y
上海清算所城投债收益率曲线(AA+),远期的到期,2026-03-02,0,2.5323,2,6,6Y
上海清算所城投债收益率曲线(AA+),远期的到期,2026-03-02,0,2.5055,2,5,5Y
上海清算所城投债收益率曲线(AA+),远期的到期,2026-03-02,0,2.2053,2,4,4Y
上海清算所城投债收益率曲线(AA+),远期的到期,2026-03-02,0,2.1336,2,3,3Y
上海清算所城投债收益率曲线(AA+),远期的到期,2026-03-02,0,2.1375,2,2,2Y
上海清算所城投债收益率曲线(AA+),远期的到期,2026-03-02,0,1.998,2,1,1Y
上海清算所城投债收益率曲线(AA+),远期的到期,2026-03-02,0,2.8123,3,12,12Y
上海清算所城投债收益率曲线(AA+),远期的到期,2026-03-02,0,2.8031,3,11,11Y
上海清算所城投债收益率曲线(AA+),远期的到期,2026-03-02,0,2.7946,3,10,10Y
上海清算所城投债收益率曲线(AA+),远期的到期,2026-03-02,0,2.786,3,9,9Y
上海清算所城投债收益率曲线(AA+),远期的到期,2026-03-02,0,2.7764,3,8,8Y
上海清算所城投债收益率曲线(AA+),远期的到期,2026-03-02,0,2.7653,3,7,7Y
上海清算所城投债收益率曲线(AA+),远期的到期,2026-03-02,0,2.7241,3,6,6Y
上海清算所城投债收益率曲线(AA+),远期的到期,2026-03-02,0,2.6473,3,5,5Y
上海清算所城投债收益率曲线(AA+),远期的到期,2026-03-02,0,2.6402,3,4,4Y
上海清算所城投债收益率曲线(AA+),远期的到期,2026-03-02,0,2.2775,3,3,3Y
上海清算所城投债收益率曲线(AA+),远期的到期,2026-03-02,0,2.2036,3,2,2Y
上海清算所城投债收益率曲线(AA+),远期的到期,2026-03-02,0,2.2801,3,1,1Y
上海清算所城投债收益率曲线(AA+),远期的到期,2026-03-02,0,2.8693,4,11,11Y
上海清算所城投债收益率曲线(AA+),远期的到期,2026-03-02,0,2.8638,4,10,10Y
上海清算所城投债收益率曲线(AA+),远期的到期,2026-03-02,0,2.8601,4,9,9Y
上海清算所城投债收益率曲线(AA+),远期的到期,2026-03-02,0,2.8574,4,8,8Y
上海清算所城投债收益率曲线(AA+),远期的到期,2026-03-02,0,2.8553,4,7,7Y
上海清算所城投债收益率曲线(AA+),远期的到期,2026-03-02,0,2.854,4,6,6Y
上海清算所城投债收益率曲线(AA+),远期的到期,2026-03-02,0,2.8201,4,5,5Y
上海清算所城投债收益率曲线(AA+),远期的到期,2026-03-02,0,2.7451,4,4,4Y
上海清算所城投债收益率曲线(AA+),远期的到期,2026-03-02,0,2.7662,4,3,3Y
上海清算所城投债收益率曲线(AA+),远期的到期,2026-03-02,0,2.2762,4,2,2Y
上海清算所城投债收益率曲线(AA+),远期的到期,2026-03-02,0,2.1255,4,1,1Y
上海清算所城投债收益率曲线(AA+),远期的到期,2026-03-02,0,2.9564,5,10,10Y
上海清算所城投债收益率曲线(AA+),远期的到期,2026-03-02,0,2.9585,5,9,9Y
上海清算所城投债收益率曲线(AA+),远期的到期,2026-03-02,0,2.9646,5,8,8Y
上海清算所城投债收益率曲线(AA+),远期的到期,2026-03-02,0,2.9747,5,7,7Y
上海清算所城投债收益率曲线(AA+),远期的到期,2026-03-02,0,2.9899,5,6,6Y
上海清算所城投债收益率曲线(AA+),远期的到期,2026-03-02,0,3.013,5,5,5Y
上海清算所城投债收益率曲线(AA+),远期的到期,2026-03-02,0,3.0068,5,4,4Y
上海清算所城投债收益率曲线(AA+),远期的到期,2026-03-02,0,2.9638,5,3,3Y
上海清算所城投债收益率曲线(AA+),远期的到期,2026-03-02,0,3.1005,5,2,2Y
上海清算所城投债收益率曲线(AA+),远期的到期,2026-03-02,0,2.4306,5,1,1Y
上海清算所城投债收益率曲线(AA+),远期的到期,2026-03-02,0,3.0242,6,9,9Y
上海清算所城投债收益率曲线(AA+),远期的到期,2026-03-02,0,3.0341,6,8,8Y
上海清算所城投债收益率曲线(AA+),远期的到期,2026-03-02,0,3.0508,6,7,7Y
上海清算所城投债收益率曲线(AA+),远期的到期,2026-03-02,0,3.0758,6,6,6Y
上海清算所城投债收益率曲线(AA+),远期的到期,2026-03-02,0,3.1128,6,5,5Y
上海清算所城投债收益率曲线(AA+),远期的到期,2026-03-02,0,3.1706,6,4,4Y
上海清算所城投债收益率曲线(AA+),远期的到期,2026-03-02,0,3.2118,6,3,3Y
上海清算所城投债收益率曲线(AA+),远期的到期,2026-03-02,0,3.2442,6,2,2Y
上海清算所城投债收益率曲线(AA+),远期的到期,2026-03-02,0,3.7958,6,1,1Y
上海清算所城投债收益率曲线(AA+),远期的到期,2026-03-02,0,2.9147,7,8,8Y
上海清算所城投债收益率曲线(AA+),远期的到期,2026-03-02,0,2.9122,7,7,7Y
上海清算所城投债收益率曲线(AA+),远期的到期,2026-03-02,0,2.9136,7,6,6Y
上海清算所城投债收益率曲线(AA+),远期的到期,2026-03-02,0,2.9189,7,5,5Y
上海清算所城投债收益率曲线(AA+),远期的到期,2026-03-02,0,2.9295,7,4,4Y
上海清算所城投债收益率曲线(AA+),远期的到期,2026-03-02,0,2.95,7,3,3Y
上海清算所城投债收益率曲线(AA+),远期的到期,2026-03-02,0,2.9073,7,2,2Y
上海清算所城投债收益率曲线(AA+),远期的到期,2026-03-02,0,2.6779,7,1,1Y
上海清算所城投债收益率曲线(AA+),远期的到期,2026-03-02,0,2.9526,8,7,7Y
上海清算所城投债收益率曲线(AA+),远期的到期,2026-03-02,0,2.9555,8,6,6Y
上海清算所城投债收益率曲线(AA+),远期的到期,2026-03-02,0,2.9651,8,5,5Y
上海清算所城投债收益率曲线(AA+),远期的到期,2026-03-02,0,2.9838,8,4,4Y
上海清算所城投债收益率曲线(AA+),远期的到期,2026-03-02,0,3.0185,8,3,3Y
上海清算所城投债收益率曲线(AA+),远期的到期,2026-03-02,0,3.0925,8,2,2Y
上海清算所城投债收益率曲线(AA+),远期的到期,2026-03-02,0,3.144,8,1,1Y
上海清算所城投债收益率曲线(AA+),远期的到期,2026-03-02,0,2.9174,9,6,6Y
上海清算所城投债收益率曲线(AA+),远期的到期,2026-03-02,0,2.9144,9,5,5Y
上海清算所城投债收益率曲线(AA+),远期的到期,2026-03-02,0,2.9171,9,4,4Y
上海清算所城投债收益率曲线(AA+),远期的到期,2026-03-02,0,2.9273,9,3,3Y
上海清算所城投债收益率曲线(AA+),远期的到期,2026-03-02,0,2.953,9,2,2Y
上海清算所城投债收益率曲线(AA+),远期的到期,2026-03-02,0,3.0395,9,1,1Y
上海清算所城投债收益率曲线(AA+),远期的到期,2026-03-02,0,2.8909,10,5,5Y
上海清算所城投债收益率曲线(AA+),远期的到期,2026-03-02,0,2.8809,10,4,4Y
上海清算所城投债收益率曲线(AA+),远期的到期,2026-03-02,0,2.8739,10,3,3Y
上海清算所城投债收益率曲线(AA+),远期的到期,2026-03-02,0,2.8687,10,2,2Y
上海清算所城投债收益率曲线(AA+),远期的到期,2026-03-02,0,2.864,10,1,1Y
上海清算所城投债收益率曲线(AA+),远期的到期,2026-03-02,0,2.8981,11,4,4Y
上海清算所城投债收益率曲线(AA+),远期的到期,2026-03-02,0,2.8868,11,3,3Y
上海清算所城投债收益率曲线(AA+),远期的到期,2026-03-02,0,2.8791,11,2,2Y
上海清算所城投债收益率曲线(AA+),远期的到期,2026-03-02,0,2.8736,11,1,1Y
上海清算所城投债收益率曲线(AA+),远期的到期,2026-03-02,0,2.9067,12,3,3Y
上海清算所城投债收益率曲线(AA+),远期的到期,2026-03-02,0,2.8937,12,2,2Y
上海清算所城投债收益率曲线(AA+),远期的到期,2026-03-02,0,2.8848,12,1,1Y
上海清算所城投债收益率曲线(AA+),远期的到期,2026-03-02,0,2.9181,13,2,2Y
上海清算所城投债收益率曲线(AA+),远期的到期,2026-03-02,0,2.9029,13,1,1Y
上海清算所城投债收益率曲线(AA+),远期的到期,2026-03-02,0,2.9338,14,1,1Y
上海清算所城投债收益率曲线(AA+),远期的到期,2026-03-03,0,2.6583,1,14,14Y
上海清算所城投债收益率曲线(AA+),远期的到期,2026-03-03,0,2.6403,1,13,13Y
上海清算所城投债收益率曲线(AA+),远期的到期,2026-03-03,0,2.6219,1,12,12Y
上海清算所城投债收益率曲线(AA+),远期的到期,2026-03-03,0,2.6027,1,11,11Y
上海清算所城投债收益率曲线(AA+),远期的到期,2026-03-03,0,2.5818,1,10,10Y
上海清算所城投债收益率曲线(AA+),远期的到期,2026-03-03,0,2.5587,1,9,9Y
上海清算所城投债收益率曲线(AA+),远期的到期,2026-03-03,0,2.5234,1,8,8Y
上海清算所城投债收益率曲线(AA+),远期的到期,2026-03-03,0,2.4275,1,7,7Y
上海清算所城投债收益率曲线(AA+),远期的到期,2026-03-03,0,2.3886,1,6,6Y
上海清算所城投债收益率曲线(AA+),远期的到期,2026-03-03,0,2.1332,1,5,5Y
上海清算所城投债收益率曲线(AA+),远期的到期,2026-03-03,0,2.0691,1,4,4Y
上海清算所城投债收益率曲线(AA+),远期的到期,2026-03-03,0,2.0477,1,3,3Y
上海清算所城投债收益率曲线(AA+),远期的到期,2026-03-03,0,1.9526,1,2,2Y
上海清算所城投债收益率曲线(AA+),远期的到期,2026-03-03,0,1.8913,1,1,1Y
上海清算所城投债收益率曲线(AA+),远期的到期,2026-03-03,0,2.7287,2,13,13Y
上海清算所城投债收益率曲线(AA+),远期的到期,2026-03-03,0,2.7137,2,12,12Y
上海清算所城投债收益率曲线(AA+),远期的到期,2026-03-03,0,2.699,2,11,11Y
上海清算所城投债收益率曲线(AA+),远期的到期,2026-03-03,0,2.6841,2,10,10Y
上海清算所城投债收益率曲线(AA+),远期的到期,2026-03-03,0,2.6684,2,9,9Y
上海清算所城投债收益率曲线(AA+),远期的到期,2026-03-03,0,2.6516,2,8,8Y
上海清算所城投债收益率曲线(AA+),远期的到期,2026-03-03,0,2.6226,2,7,7Y
上海清算所城投债收益率曲线(AA+),远期的到期,2026-03-03,0,2.5244,2,6,6Y
上海清算所城投债收益率曲线(AA+),远期的到期,2026-03-03,0,2.4949,2,5,5Y
上海清算所城投债收益率曲线(AA+),远期的到期,2026-03-03,0,2.197,2,4,4Y
上海清算所城投债收益率曲线(AA+),远期的到期,2026-03-03,0,2.1309,2,3,3Y
上海清算所城投债收益率曲线(AA+),远期的到期,2026-03-03,0,2.1284,2,2,2Y
上海清算所城投债收益率曲线(AA+),远期的到期,2026-03-03,0,2.0151,2,1,1Y
上海清算所城投债收益率曲线(AA+),远期的到期,2026-03-03,0,2.7992,3,12,12Y
上海清算所城投债收益率曲线(AA+),远期的到期,2026-03-03,0,2.788,3,11,11Y
上海清算所城投债收益率曲线(AA+),远期的到期,2026-03-03,0,2.7779,3,10,10Y
上海清算所城投债收益率曲线(AA+),远期的到期,2026-03-03,0,2.7687,3,9,9Y
上海清算所城投债收益率曲线(AA+),远期的到期,2026-03-03,0,2.7601,3,8,8Y
上海清算所城投债收益率曲线(AA+),远期的到期,2026-03-03,0,2.7523,3,7,7Y
上海清算所城投债收益率曲线(AA+),远期的到期,2026-03-03,0,2.7331,3,6,6Y
上海清算所城投债收益率曲线(AA+),远期的到期,2026-03-03,0,2.6339,3,5,5Y
上海清算所城投债收益率曲线(AA+),远期的到期,2026-03-03,0,2.6221,3,4,4Y
上海清算所城投债收益率曲线(AA+),远期的到期,2026-03-03,0,2.2603,3,3,3Y
上海清算所城投债收益率曲线(AA+),远期的到期,2026-03-03,0,2.1907,3,2,2Y
上海清算所城投债收益率曲线(AA+),远期的到期,2026-03-03,0,2.2441,3,1,1Y
上海清算所城投债收益率曲线(AA+),远期的到期,2026-03-03,0,2.8585,4,11,11Y
上海清算所城投债收益率曲线(AA+),远期的到期,2026-03-03,0,2.8511,4,10,10Y
上海清算所城投债收益率曲线(AA+),远期的到期,2026-03-03,0,2.8458,4,9,9Y
上海清算所城投债收益率曲线(AA+),远期的到期,2026-03-03,0,2.8427,4,8,8Y
上海清算所城投债收益率曲线(AA+),远期的到期,2026-03-03,0,2.8421,4,7,7Y
上海清算所城投债收益率曲线(AA+),远期的到期,2026-03-03,0,2.8452,4,6,6Y
上海清算所城投债收益率曲线(AA+),远期的到期,2026-03-03,0,2.8388,4,5,5Y
上海清算所城投债收益率曲线(AA+),远期的到期,2026-03-03,0,2.7377,4,4,4Y
上海清算所城投债收益率曲线(AA+),远期的到期,2026-03-03,0,2.7544,4,3,3Y
上海清算所城投债收益率曲线(AA+),远期的到期,2026-03-03,0,2.2687,4,2,2Y
上海清算所城投债收益率曲线(AA+),远期的到期,2026-03-03,0,2.1361,4,1,1Y
上海清算所城投债收益率曲线(AA+),远期的到期,2026-03-03,0,2.943,5,10,10Y
上海清算所城投债收益率曲线(AA+),远期的到期,2026-03-03,0,2.9427,5,9,9Y
上海清算所城投债收益率曲线(AA+),远期的到期,2026-03-03,0,2.9468,5,8,8Y
上海清算所城投债收益率曲线(AA+),远期的到期,2026-03-03,0,2.956,5,7,7Y
上海清算所城投债收益率曲线(AA+),远期的到期,2026-03-03,0,2.9724,5,6,6Y
上海清算所城投债收益率曲线(AA+),远期的到期,2026-03-03,0,2.9999,5,5,5Y
上海清算所城投债收益率曲线(AA+),远期的到期,2026-03-03,0,3.0277,5,4,4Y
上海清算所城投债收益率曲线(AA+),远期的到期,2026-03-03,0,2.95,5,3,3Y
上海清算所城投债收益率曲线(AA+),远期的到期,2026-03-03,0,3.0769,5,2,2Y
上海清算所城投债收益率曲线(AA+),远期的到期,2026-03-03,0,2.4045,5,1,1Y
上海清算所城投债收益率曲线(AA+),远期的到期,2026-03-03,0,3.0125,6,9,9Y
上海清算所城投债收益率曲线(AA+),远期的到期,2026-03-03,0,3.0197,6,8,8Y
上海清算所城投债收益率曲线(AA+),远期的到期,2026-03-03,0,3.0342,6,7,7Y
上海清算所城投债收益率曲线(AA+),远期的到期,2026-03-03,0,3.0583,6,6,6Y
上海清算所城投债收益率曲线(AA+),远期的到期,2026-03-03,0,3.0971,6,5,5Y
上海清算所城投债收益率曲线(AA+),远期的到期,2026-03-03,0,3.1611,6,4,4Y
上海清算所城投债收益率曲线(AA+),远期的到期,2026-03-03,0,3.2494,6,3,3Y
上海清算所城投债收益率曲线(AA+),远期的到期,2026-03-03,0,3.2368,6,2,2Y
上海清算所城投债收益率曲线(AA+),远期的到期,2026-03-03,0,3.7746,6,1,1Y
上海清算所城投债收益率曲线(AA+),远期的到期,2026-03-03,0,2.9043,7,8,8Y
上海清算所城投债收益率曲线(AA+),远期的到期,2026-03-03,0,2.899,7,7,7Y
上海清算所城投债收益率曲线(AA+),远期的到期,2026-03-03,0,2.898,7,6,6Y
上海清算所城投债收益率曲线(AA+),远期的到期,2026-03-03,0,2.9023,7,5,5Y
上海清算所城投债收益率曲线(AA+),远期的到期,2026-03-03,0,2.9152,7,4,4Y
上海清算所城投债收益率曲线(AA+),远期的到期,2026-03-03,0,2.9445,7,3,3Y
上海清算所城投债收益率曲线(AA+),远期的到期,2026-03-03,0,2.9754,7,2,2Y
上海清算所城投债收益率曲线(AA+),远期的到期,2026-03-03,0,2.6846,7,1,1Y
上海清算所城投债收益率曲线(AA+),远期的到期,2026-03-03,0,2.9395,8,7,7Y
上海清算所城投债收益率曲线(AA+),远期的到期,2026-03-03,0,2.9385,8,6,6Y
上海清算所城投债收益率曲线(AA+),远期的到期,2026-03-03,0,2.9446,8,5,5Y
上海清算所城投债收益率曲线(AA+),远期的到期,2026-03-03,0,2.961,8,4,4Y
上海清算所城投债收益率曲线(AA+),远期的到期,2026-03-03,0,2.9968,8,3,3Y
上海清算所城投债收益率曲线(AA+),远期的到期,2026-03-03,0,3.0807,8,2,2Y
上海清算所城投债收益率曲线(AA+),远期的到期,2026-03-03,0,3.2757,8,1,1Y
上海清算所城投债收益率曲线(AA+),远期的到期,2026-03-03,0,2.8778,9,6,6Y
上海清算所城投债收益率曲线(AA+),远期的到期,2026-03-03,0,2.8652,9,5,5Y
上海清算所城投债收益率曲线(AA+),远期的到期,2026-03-03,0,2.8558,9,4,4Y
上海清算所城投债收益率曲线(AA+),远期的到期,2026-03-03,0,2.85,9,3,3Y
上海清算所城投债收益率曲线(AA+),远期的到期,2026-03-03,0,2.8514,9,2,2Y
上海清算所城投债收益率曲线(AA+),远期的到期,2026-03-03,0,2.8801,9,1,1Y
上海清算所城投债收益率曲线(AA+),远期的到期,2026-03-03,0,2.8773,10,5,5Y
上海清算所城投债收益率曲线(AA+),远期的到期,2026-03-03,0,2.8612,10,4,4Y
上海清算所城投债收益率曲线(AA+),远期的到期,2026-03-03,0,2.8472,10,3,3Y
上海清算所城投债收益率曲线(AA+),远期的到期,2026-03-03,0,2.8343,10,2,2Y
上海清算所城投债收益率曲线(AA+),远期的到期,2026-03-03,0,2.8218,10,1,1Y
上海清算所城投债收益率曲线(AA+),远期的到期,2026-03-03,0,2.8921,11,4,4Y
上海清算所城投债收益率曲线(AA+),远期的到期,2026-03-03,0,2.8751,11,3,3Y
上海清算所城投债收益率曲线(AA+),远期的到期,2026-03-03,0,2.8605,11,2,2Y
上海清算所城投债收益率曲线(AA+),远期的到期,2026-03-03,0,2.8472,11,1,1Y
上海清算所城投债收益率曲线(AA+),远期的到期,2026-03-03,0,2.908,12,3,3Y
上海清算所城投债收益率曲线(AA+),远期的到期,2026-03-03,0,2.8897,12,2,2Y
上海清算所城投债收益率曲线(AA+),远期的到期,2026-03-03,0,2.8741,12,1,1Y
上海清算所城投债收益率曲线(AA+),远期的到期,2026-03-03,0,2.9257,13,2,2Y
上海清算所城投债收益率曲线(AA+),远期的到期,2026-03-03,0,2.9058,13,1,1Y
上海清算所城投债收益率曲线(AA+),远期的到期,2026-03-03,0,2.9462,14,1,1Y
上海清算所城投债收益率曲线(AA+),远期的到期,2026-03-04,0,2.6561,1,14,14Y
上海清算所城投债收益率曲线(AA+),远期的到期,2026-03-04,0,2.6379,1,13,13Y
上海清算所城投债收益率曲线(AA+),远期的到期,2026-03-04,0,2.619,1,12,12Y
上海清算所城投债收益率曲线(AA+),远期的到期,2026-03-04,0,2.5984,1,11,11Y
上海清算所城投债收益率曲线(AA+),远期的到期,2026-03-04,0,2.5749,1,10,10Y
上海清算所城投债收益率曲线(AA+),远期的到期,2026-03-04,0,2.5477,1,9,9Y
上海清算所城投债收益率曲线(AA+),远期的到期,2026-03-04,0,2.4974,1,8,8Y
上海清算所城投债收益率曲线(AA+),远期的到期,2026-03-04,0,2.423,1,7,7Y
上海清算所城投债收益率曲线(AA+),远期的到期,2026-03-04,0,2.3888,1,6,6Y
上海清算所城投债收益率曲线(AA+),远期的到期,2026-03-04,0,2.1395,1,5,5Y
上海清算所城投债收益率曲线(AA+),远期的到期,2026-03-04,0,2.0397,1,4,4Y
上海清算所城投债收益率曲线(AA+),远期的到期,2026-03-04,0,2.0144,1,3,3Y
上海清算所城投债收益率曲线(AA+),远期的到期,2026-03-04,0,1.9209,1,2,2Y
上海清算所城投债收益率曲线(AA+),远期的到期,2026-03-04,0,1.8962,1,1,1Y
上海清算所城投债收益率曲线(AA+),远期的到期,2026-03-04,0,2.7257,2,13,13Y
上海清算所城投债收益率曲线(AA+),远期的到期,2026-03-04,0,2.7105,2,12,12Y
上海清算所城投债收益率曲线(AA+),远期的到期,2026-03-04,0,2.6952,2,11,11Y
上海清算所城投债收益率曲线(AA+),远期的到期,2026-03-04,0,2.6787,2,10,10Y
上海清算所城投债收益率曲线(AA+),远期的到期,2026-03-04,0,2.6601,2,9,9Y
上海清算所城投债收益率曲线(AA+),远期的到期,2026-03-04,0,2.6384,2,8,8Y
上海清算所城投债收益率曲线(AA+),远期的到期,2026-03-04,0,2.5917,2,7,7Y
上海清算所城投债收益率曲线(AA+),远期的到期,2026-03-04,0,2.5181,2,6,6Y
上海清算所城投债收益率曲线(AA+),远期的到期,2026-03-04,0,2.4941,2,5,5Y
上海清算所城投债收益率曲线(AA+),远期的到期,2026-03-04,0,2.2035,2,4,4Y
上海清算所城投债收益率曲线(AA+),远期的到期,2026-03-04,0,2.0896,2,3,3Y
上海清算所城投债收益率曲线(AA+),远期的到期,2026-03-04,0,2.0753,2,2,2Y
上海清算所城投债收益率曲线(AA+),远期的到期,2026-03-04,0,1.9461,2,1,1Y
上海清算所城投债收益率曲线(AA+),远期的到期,2026-03-04,0,2.8028,3,12,12Y
上海清算所城投债收益率曲线(AA+),远期的到期,2026-03-04,0,2.7918,3,11,11Y
上海清算所城投债收益率曲线(AA+),远期的到期,2026-03-04,0,2.7816,3,10,10Y
上海清算所城投债收益率曲线(AA+),远期的到期,2026-03-04,0,2.7713,3,9,9Y
上海清算所城投债收益率曲线(AA+),远期的到期,2026-03-04,0,2.7602,3,8,8Y
上海清算所城投债收益率曲线(AA+),远期的到期,2026-03-04,0,2.7478,3,7,7Y
上海清算所城投债收益率曲线(AA+),远期的到期,2026-03-04,0,2.7091,3,6,6Y
上海清算所城投债收益率曲线(AA+),远期的到期,2026-03-04,0,2.6412,3,5,5Y
上海清算所城投债收益率曲线(AA+),远期的到期,2026-03-04,0,2.6394,3,4,4Y
上海清算所城投债收益率曲线(AA+),远期的到期,2026-03-04,0,2.2932,3,3,3Y
上海清算所城投债收益率曲线(AA+),远期的到期,2026-03-04,0,2.1636,3,2,2Y
上海清算所城投债收益率曲线(AA+),远期的到期,2026-03-04,0,2.2073,3,1,1Y
上海清算所城投债收益率曲线(AA+),远期的到期,2026-03-04,0,2.8665,4,11,11Y
上海清算所城投债收益率曲线(AA+),远期的到期,2026-03-04,0,2.8596,4,10,10Y
上海清算所城投债收益率曲线(AA+),远期的到期,2026-03-04,0,2.8547,4,9,9Y
上海清算所城投债收益率曲线(AA+),远期的到期,2026-03-04,0,2.8509,4,8,8Y
上海清算所城投债收益率曲线(AA+),远期的到期,2026-03-04,0,2.8482,4,7,7Y
上海清算所城投债收益率曲线(AA+),远期的到期,2026-03-04,0,2.8467,4,6,6Y
上海清算所城投债收益率曲线(AA+),远期的到期,2026-03-04,0,2.8177,4,5,5Y
上海清算所城投债收益率曲线(AA+),远期的到期,2026-03-04,0,2.7568,4,4,4Y
上海清算所城投债收益率曲线(AA+),远期的到期,2026-03-04,0,2.7908,4,3,3Y
上海清算所城投债收益率曲线(AA+),远期的到期,2026-03-04,0,2.3377,4,2,2Y
上海清算所城投债收益率曲线(AA+),远期的到期,2026-03-04,0,2.1191,4,1,1Y
上海清算所城投债收益率曲线(AA+),远期的到期,2026-03-04,0,2.954,5,10,10Y
上海清算所城投债收益率曲线(AA+),远期的到期,2026-03-04,0,2.9546,5,9,9Y
上海清算所城投债收益率曲线(AA+),远期的到期,2026-03-04,0,2.9593,5,8,8Y
上海清算所城投债收益率曲线(AA+),远期的到期,2026-03-04,0,2.9683,5,7,7Y
上海清算所城投债收益率曲线(AA+),远期的到期,2026-03-04,0,2.9827,5,6,6Y
上海清算所城投债收益率曲线(AA+),远期的到期,2026-03-04,0,3.0055,5,5,5Y
上海清算所城投债收益率曲线(AA+),远期的到期,2026-03-04,0,3.0056,5,4,4Y
上海清算所城投债收益率曲线(AA+),远期的到期,2026-03-04,0,2.9822,5,3,3Y
上海清算所城投债收益率曲线(AA+),远期的到期,2026-03-04,0,3.1416,5,2,2Y
上海清算所城投债收益率曲线(AA+),远期的到期,2026-03-04,0,2.5618,5,1,1Y
上海清算所城投债收益率曲线(AA+),远期的到期,2026-03-04,0,3.0045,6,9,9Y
上海清算所城投债收益率曲线(AA+),远期的到期,2026-03-04,0,3.0108,6,8,8Y
上海清算所城投债收益率曲线(AA+),远期的到期,2026-03-04,0,3.0234,6,7,7Y
上海清算所城投债收益率曲线(AA+),远期的到期,2026-03-04,0,3.0437,6,6,6Y
上海清算所城投债收益率曲线(AA+),远期的到期,2026-03-04,0,3.075,6,5,5Y
上海清算所城投债收益率曲线(AA+),远期的到期,2026-03-04,0,3.1255,6,4,4Y
上海清算所城投债收益率曲线(AA+),远期的到期,2026-03-04,0,3.1633,6,3,3Y
上海清算所城投债收益率曲线(AA+),远期的到期,2026-03-04,0,3.203,6,2,2Y
上海清算所城投债收益率曲线(AA+),远期的到期,2026-03-04,0,3.743,6,1,1Y
上海清算所城投债收益率曲线(AA+),远期的到期,2026-03-04,0,2.8998,7,8,8Y
上海清算所城投债收益率曲线(AA+),远期的到期,2026-03-04,0,2.8938,7,7,7Y
上海清算所城投债收益率曲线(AA+),远期的到期,2026-03-04,0,2.8911,7,6,6Y
上海清算所城投债收益率曲线(AA+),远期的到期,2026-03-04,0,2.8915,7,5,5Y
上海清算所城投债收益率曲线(AA+),远期的到期,2026-03-04,0,2.8959,7,4,4Y
上海清算所城投债收益率曲线(AA+),远期的到期,2026-03-04,0,2.9078,7,3,3Y
上海清算所城投债收益率曲线(AA+),远期的到期,2026-03-04,0,2.8613,7,2,2Y
上海清算所城投债收益率曲线(AA+),远期的到期,2026-03-04,0,2.6487,7,1,1Y
上海清算所城投债收益率曲线(AA+),远期的到期,2026-03-04,0,2.94,8,7,7Y
上海清算所城投债收益率曲线(AA+),远期的到期,2026-03-04,0,2.939,8,6,6Y
上海清算所城投债收益率曲线(AA+),远期的到期,2026-03-04,0,2.944,8,5,5Y
上海清算所城投债收益率曲线(AA+),远期的到期,2026-03-04,0,2.9568,8,4,4Y
上海清算所城投债收益率曲线(AA+),远期的到期,2026-03-04,0,2.9833,8,3,3Y
上海清算所城投债收益率曲线(AA+),远期的到期,2026-03-04,0,3.0434,8,2,2Y
上海清算所城投债收益率曲线(AA+),远期的到期,2026-03-04,0,3.0804,8,1,1Y
上海清算所城投债收益率曲线(AA+),远期的到期,2026-03-04,0,2.9142,9,6,6Y
上海清算所城投债收益率曲线(AA+),远期的到期,2026-03-04,0,2.9082,9,5,5Y
上海清算所城投债收益率曲线(AA+),远期的到期,2026-03-04,0,2.9073,9,4,4Y
上海清算所城投债收益率曲线(AA+),远期的到期,2026-03-04,0,2.9132,9,3,3Y
上海清算所城投债收益率曲线(AA+),远期的到期,2026-03-04,0,2.9326,9,2,2Y
上海清算所城投债收益率曲线(AA+),远期的到期,2026-03-04,0,3.0052,9,1,1Y
上海清算所城投债收益率曲线(AA+),远期的到期,2026-03-04,0,2.8944,10,5,5Y
上海清算所城投债收益率曲线(AA+),远期的到期,2026-03-04,0,2.8821,10,4,4Y
上海清算所城投债收益率曲线(AA+),远期的到期,2026-03-04,0,2.8728,10,3,3Y
上海清算所城投债收益率曲线(AA+),远期的到期,2026-03-04,0,2.8652,10,2,2Y
上海清算所城投债收益率曲线(AA+),远期的到期,2026-03-04,0,2.858,10,1,1Y
上海清算所城投债收益率曲线(AA+),远期的到期,2026-03-04,0,2.9041,11,4,4Y
上海清算所城投债收益率曲线(AA+),远期的到期,2026-03-04,0,2.8906,11,3,3Y
上海清算所城投债收益率曲线(AA+),远期的到期,2026-03-04,0,2.8805,11,2,2Y
上海清算所城投债收益率曲线(AA+),远期的到期,2026-03-04,0,2.8726,11,1,1Y
上海清算所城投债收益率曲线(AA+),远期的到期,2026-03-04,0,2.9152,12,3,3Y
上海清算所城投债收益率曲线(AA+),远期的到期,2026-03-04,0,2.9,12,2,2Y
上海清算所城投债收益率曲线(AA+),远期的到期,2026-03-04,0,2.8887,12,1,1Y
上海清算所城投债收益率曲线(AA+),远期的到期,2026-03-04,0,2.9291,13,2,2Y
上海清算所城投债收益率曲线(AA+),远期的到期,2026-03-04,0,2.9117,13,1,1Y
上海清算所城投债收益率曲线(AA+),远期的到期,2026-03-04,0,2.947,14,1,1Y
上海清算所城投债收益率曲线(AA+),远期的到期,2026-03-05,0,2.6452,1,14,14Y
上海清算所城投债收益率曲线(AA+),远期的到期,2026-03-05,0,2.6291,1,13,13Y
上海清算所城投债收益率曲线(AA+),远期的到期,2026-03-05,0,2.6123,1,12,12Y
上海清算所城投债收益率曲线(AA+),远期的到期,2026-03-05,0,2.5939,1,11,11Y
上海清算所城投债收益率曲线(AA+),远期的到期,2026-03-05,0,2.5729,1,10,10Y
上海清算所城投债收益率曲线(AA+),远期的到期,2026-03-05,0,2.5481,1,9,9Y
上海清算所城投债收益率曲线(AA+),远期的到期,2026-03-05,0,2.4998,1,8,8Y
上海清算所城投债收益率曲线(AA+),远期的到期,2026-03-05,0,2.4012,1,7,7Y
上海清算所城投债收益率曲线(AA+),远期的到期,2026-03-05,0,2.367,1,6,6Y
上海清算所城投债收益率曲线(AA+),远期的到期,2026-03-05,0,2.1288,1,5,5Y
上海清算所城投债收益率曲线(AA+),远期的到期,2026-03-05,0,2.0472,1,4,4Y
上海清算所城投债收益率曲线(AA+),远期的到期,2026-03-05,0,2.0282,1,3,3Y
上海清算所城投债收益率曲线(AA+),远期的到期,2026-03-05,0,1.913,1,2,2Y
上海清算所城投债收益率曲线(AA+),远期的到期,2026-03-05,0,1.8774,1,1,1Y
上海清算所城投债收益率曲线(AA+),远期的到期,2026-03-05,0,2.7155,2,13,13Y
上海清算所城投债收益率曲线(AA+),远期的到期,2026-03-05,0,2.7027,2,12,12Y
上海清算所城投债收益率曲线(AA+),远期的到期,2026-03-05,0,2.6898,2,11,11Y
上海清算所城投债收益率曲线(AA+),远期的到期,2026-03-05,0,2.6759,2,10,10Y
上海清算所城投债收益率曲线(AA+),远期的到期,2026-03-05,0,2.6601,2,9,9Y
上海清算所城投债收益率曲线(AA+),远期的到期,2026-03-05,0,2.6415,2,8,8Y
上海清算所城投债收益率曲线(AA+),远期的到期,2026-03-05,0,2.5974,2,7,7Y
上海清算所城投债收益率曲线(AA+),远期的到期,2026-03-05,0,2.4957,2,6,6Y
上海清算所城投债收益率曲线(AA+),远期的到期,2026-03-05,0,2.4716,2,5,5Y
上海清算所城投债收益率曲线(AA+),远期的到期,2026-03-05,0,2.195,2,4,4Y
上海清算所城投债收益率曲线(AA+),远期的到期,2026-03-05,0,2.1062,2,3,3Y
上海清算所城投债收益率曲线(AA+),远期的到期,2026-03-05,0,2.1059,2,2,2Y
上海清算所城投债收益率曲线(AA+),远期的到期,2026-03-05,0,1.9493,2,1,1Y
上海清算所城投债收益率曲线(AA+),远期的到期,2026-03-05,0,2.7912,3,12,12Y
上海清算所城投债收益率曲线(AA+),远期的到期,2026-03-05,0,2.7827,3,11,11Y
上海清算所城投债收益率曲线(AA+),远期的到期,2026-03-05,0,2.7752,3,10,10Y
上海清算所城投债收益率曲线(AA+),远期的到期,2026-03-05,0,2.7678,3,9,9Y
上海清算所城投债收益率曲线(AA+),远期的到期,2026-03-05,0,2.7598,3,8,8Y
上海清算所城投债收益率曲线(AA+),远期的到期,2026-03-05,0,2.7508,3,7,7Y
上海清算所城投债收益率曲线(AA+),远期的到期,2026-03-05,0,2.7152,3,6,6Y
上海清算所城投债收益率曲线(AA+),远期的到期,2026-03-05,0,2.6132,3,5,5Y
上海清算所城投债收益率曲线(AA+),远期的到期,2026-03-05,0,2.6101,3,4,4Y
上海清算所城投债收益率曲线(AA+),远期的到期,2026-03-05,0,2.2806,3,3,3Y
上海清算所城投债收益率曲线(AA+),远期的到期,2026-03-05,0,2.1873,3,2,2Y
上海清算所城投债收益率曲线(AA+),远期的到期,2026-03-05,0,2.266,3,1,1Y
上海清算所城投债收益率曲线(AA+),远期的到期,2026-03-05,0,2.8473,4,11,11Y
上海清算所城投债收益率曲线(AA+),远期的到期,2026-03-05,0,2.8427,4,10,10Y
上海清算所城投债收益率曲线(AA+),远期的到期,2026-03-05,0,2.8399,4,9,9Y
上海清算所城投债收益率曲线(AA+),远期的到期,2026-03-05,0,2.8385,4,8,8Y
上海清算所城投债收益率曲线(AA+),远期的到期,2026-03-05,0,2.8383,4,7,7Y
上海清算所城投债收益率曲线(AA+),远期的到期,2026-03-05,0,2.8395,4,6,6Y
上海清算所城投债收益率曲线(AA+),远期的到期,2026-03-05,0,2.8123,4,5,5Y
上海清算所城投债收益率曲线(AA+),远期的到期,2026-03-05,0,2.7057,4,4,4Y
上海清算所城投债收益率曲线(AA+),远期的到期,2026-03-05,0,2.7306,4,3,3Y
上海清算所城投债收益率曲线(AA+),远期的到期,2026-03-05,0,2.2882,4,2,2Y
上海清算所城投债收益率曲线(AA+),远期的到期,2026-03-05,0,2.1069,4,1,1Y
上海清算所城投债收益率曲线(AA+),远期的到期,2026-03-05,0,2.9339,5,10,10Y
上海清算所城投债收益率曲线(AA+),远期的到期,2026-03-05,0,2.937,5,9,9Y
上海清算所城投债收益率曲线(AA+),远期的到期,2026-03-05,0,2.9442,5,8,8Y
上海清算所城投债收益率曲线(AA+),远期的到期,2026-03-05,0,2.9558,5,7,7Y
上海清算所城投债收益率曲线(AA+),远期的到期,2026-03-05,0,2.9731,5,6,6Y
上海清算所城投债收益率曲线(AA+),远期的到期,2026-03-05,0,2.9993,5,5,5Y
上海清算所城投债收益率曲线(AA+),远期的到期,2026-03-05,0,3.0018,5,4,4Y
上海清算所城投债收益率曲线(AA+),远期的到期,2026-03-05,0,2.9169,5,3,3Y
上海清算所城投债收益率曲线(AA+),远期的到期,2026-03-05,0,3.0559,5,2,2Y
上海清算所城投债收益率曲线(AA+),远期的到期,2026-03-05,0,2.474,5,1,1Y
上海清算所城投债收益率曲线(AA+),远期的到期,2026-03-05,0,2.9931,6,9,9Y
上海清算所城投债收益率曲线(AA+),远期的到期,2026-03-05,0,3.0032,6,8,8Y
上海清算所城投债收益率曲线(AA+),远期的到期,2026-03-05,0,3.0199,6,7,7Y
上海清算所城投债收益率曲线(AA+),远期的到期,2026-03-05,0,3.0451,6,6,6Y
上海清算所城投债收益率曲线(AA+),远期的到期,2026-03-05,0,3.0826,6,5,5Y
上海清算所城投债收益率曲线(AA+),远期的到期,2026-03-05,0,3.1413,6,4,4Y
上海清算所城投债收益率曲线(AA+),远期的到期,2026-03-05,0,3.1893,6,3,3Y
上海清算所城投债收益率曲线(AA+),远期的到期,2026-03-05,0,3.1495,6,2,2Y
上海清算所城投债收益率曲线(AA+),远期的到期,2026-03-05,0,3.6591,6,1,1Y
上海清算所城投债收益率曲线(AA+),远期的到期,2026-03-05,0,2.8987,7,8,8Y
上海清算所城投债收益率曲线(AA+),远期的到期,2026-03-05,0,2.8983,7,7,7Y
上海清算所城投债收益率曲线(AA+),远期的到期,2026-03-05,0,2.9023,7,6,6Y
上海清算所城投债收益率曲线(AA+),远期的到期,2026-03-05,0,2.9114,7,5,5Y
上海清算所城投债收益率曲线(AA+),远期的到期,2026-03-05,0,2.9279,7,4,4Y
上海清算所城投债收益率曲线(AA+),远期的到期,2026-03-05,0,2.9586,7,3,3Y
上海清算所城投债收益率曲线(AA+),远期的到期,2026-03-05,0,2.9443,7,2,2Y
上海清算所城投债收益率曲线(AA+),远期的到期,2026-03-05,0,2.6266,7,1,1Y
上海清算所城投债收益率曲线(AA+),远期的到期,2026-03-05,0,2.9423,8,7,7Y
上海清算所城投债收益率曲线(AA+),远期的到期,2026-03-05,0,2.9484,8,6,6Y
上海清算所城投债收益率曲线(AA+),远期的到期,2026-03-05,0,2.9626,8,5,5Y
上海清算所城投债收益率曲线(AA+),远期的到期,2026-03-05,0,2.9882,8,4,4Y
上海清算所城投债收益率曲线(AA+),远期的到期,2026-03-05,0,3.0346,8,3,3Y
上海清算所城投债收益率曲线(AA+),远期的到期,2026-03-05,0,3.1326,8,2,2Y
上海清算所城投债收益率曲线(AA+),远期的到期,2026-03-05,0,3.2725,8,1,1Y
上海清算所城投债收益率曲线(AA+),远期的到期,2026-03-05,0,2.8816,9,6,6Y
上海清算所城投债收益率曲线(AA+),远期的到期,2026-03-05,0,2.8779,9,5,5Y
上海清算所城投债收益率曲线(AA+),远期的到期,2026-03-05,0,2.8794,9,4,4Y
上海清算所城投债收益率曲线(AA+),远期的到期,2026-03-05,0,2.8878,9,3,3Y
上海清算所城投债收益率曲线(AA+),远期的到期,2026-03-05,0,2.9104,9,2,2Y
上海清算所城投债收益率曲线(AA+),远期的到期,2026-03-05,0,2.9884,9,1,1Y
上海清算所城投债收益率曲线(AA+),远期的到期,2026-03-05,0,2.8583,10,5,5Y
上海清算所城投债收益率曲线(AA+),远期的到期,2026-03-05,0,2.8482,10,4,4Y
上海清算所城投债收益率曲线(AA+),远期的到期,2026-03-05,0,2.841,10,3,3Y
上海清算所城投债收益率曲线(AA+),远期的到期,2026-03-05,0,2.8354,10,2,2Y
上海清算所城投债收益率曲线(AA+),远期的到期,2026-03-05,0,2.8302,10,1,1Y
上海清算所城投债收益率曲线(AA+),远期的到期,2026-03-05,0,2.8659,11,4,4Y
上海清算所城投债收益率曲线(AA+),远期的到期,2026-03-05,0,2.8546,11,3,3Y
上海清算所城投债收益率曲线(AA+),远期的到期,2026-03-05,0,2.8466,11,2,2Y
上海清算所城投债收益率曲线(AA+),远期的到期,2026-03-05,0,2.8407,11,1,1Y
上海清算所城投债收益率曲线(AA+),远期的到期,2026-03-05,0,2.8748,12,3,3Y
上海清算所城投债收益率曲线(AA+),远期的到期,2026-03-05,0,2.8618,12,2,2Y
上海清算所城投债收益率曲线(AA+),远期的到期,2026-03-05,0,2.8527,12,1,1Y
上海清算所城投债收益率曲线(AA+),远期的到期,2026-03-05,0,2.8863,13,2,2Y
上海清算所城投债收益率曲线(AA+),远期的到期,2026-03-05,0,2.8713,13,1,1Y
上海清算所城投债收益率曲线(AA+),远期的到期,2026-03-05,0,2.9018,14,1,1Y
上海清算所城投债收益率曲线(AA-),即期,2026-02-03,0,1.7817,,,0M
上海清算所城投债收益率曲线(AA-),即期,2026-02-04,0,1.7939,,,0M
上海清算所城投债收益率曲线(AA-),即期,2026-02-05,0,1.7833,,,0M
上海清算所城投债收益率曲线(AA-),即期,2026-02-06,0,1.7806,,,0M
上海清算所城投债收益率曲线(AA-),即期,2026-02-09,0,1.7659,,,0M
上海清算所城投债收益率曲线(AA-),即期,2026-02-10,0,1.7581,,,0M
上海清算所城投债收益率曲线(AA-),即期,2026-02-11,0,1.7543,,,0M
上海清算所城投债收益率曲线(AA-),即期,2026-02-12,0,1.7555,,,0M
上海清算所城投债收益率曲线(AA-),即期,2026-02-13,0,1.76,,,0M
上海清算所城投债收益率曲线(AA-),即期,2026-02-14,0,1.7269,,,0M
上海清算所城投债收益率曲线(AA-),即期,2026-02-24,0,1.7486,,,0M
上海清算所城投债收益率曲线(AA-),即期,2026-02-25,0,1.7843,,,0M
上海清算所城投债收益率曲线(AA-),即期,2026-02-26,0,1.7914,,,0M
上海清算所城投债收益率曲线(AA-),即期,2026-02-27,0,1.7741,,,0M
上海清算所城投债收益率曲线(AA-),即期,2026-02-28,0,1.7769,,,0M
上海清算所城投债收益率曲线(AA-),即期,2026-03-02,0,1.7352,,,0M
上海清算所城投债收益率曲线(AA-),即期,2026-03-03,0,1.7204,,,0M
上海清算所城投债收益率曲线(AA-),即期,2026-03-04,0,1.7084,,,0M
上海清算所城投债收益率曲线(AA-),即期,2026-03-05,0,1.6922,,,0M
上海清算所城投债收益率曲线(AA-),即期,2026-02-03,0.08,1.7976,,,1M
上海清算所城投债收益率曲线(AA-),即期,2026-02-04,0.08,1.8073,,,1M
上海清算所城投债收益率曲线(AA-),即期,2026-02-05,0.08,1.8043,,,1M
上海清算所城投债收益率曲线(AA-),即期,2026-02-06,0.08,1.8017,,,1M
上海清算所城投债收益率曲线(AA-),即期,2026-02-09,0.08,1.8042,,,1M
上海清算所城投债收益率曲线(AA-),即期,2026-02-10,0.08,1.7916,,,1M
上海清算所城投债收益率曲线(AA-),即期,2026-02-11,0.08,1.7858,,,1M
上海清算所城投债收益率曲线(AA-),即期,2026-02-12,0.08,1.798,,,1M
上海清算所城投债收益率曲线(AA-),即期,2026-02-13,0.08,1.7911,,,1M
上海清算所城投债收益率曲线(AA-),即期,2026-02-14,0.08,1.7846,,,1M
上海清算所城投债收益率曲线(AA-),即期,2026-02-24,0.08,1.8132,,,1M
上海清算所城投债收益率曲线(AA-),即期,2026-02-25,0.08,1.8137,,,1M
上海清算所城投债收益率曲线(AA-),即期,2026-02-26,0.08,1.8057,,,1M
上海清算所城投债收益率曲线(AA-),即期,2026-02-27,0.08,1.8069,,,1M
上海清算所城投债收益率曲线(AA-),即期,2026-02-28,0.08,1.8011,,,1M
上海清算所城投债收益率曲线(AA-),即期,2026-03-02,0.08,1.7766,,,1M
上海清算所城投债收益率曲线(AA-),即期,2026-03-03,0.08,1.7712,,,1M
上海清算所城投债收益率曲线(AA-),即期,2026-03-04,0.08,1.771,,,1M
上海清算所城投债收益率曲线(AA-),即期,2026-03-05,0.08,1.7465,,,1M
上海清算所城投债收益率曲线(AA-),即期,2026-02-03,0.25,1.8127,,,3M
上海清算所城投债收益率曲线(AA-),即期,2026-02-04,0.25,1.819,,,3M
上海清算所城投债收益率曲线(AA-),即期,2026-02-05,0.25,1.8268,,,3M
上海清算所城投债收益率曲线(AA-),即期,2026-02-06,0.25,1.8282,,,3M
上海清算所城投债收益率曲线(AA-),即期,2026-02-09,0.25,1.8115,,,3M
上海清算所城投债收益率曲线(AA-),即期,2026-02-10,0.25,1.8114,,,3M
上海清算所城投债收益率曲线(AA-),即期,2026-02-11,0.25,1.8163,,,3M
上海清算所城投债收益率曲线(AA-),即期,2026-02-12,0.25,1.803,,,3M
上海清算所城投债收益率曲线(AA-),即期,2026-02-13,0.25,1.7936,,,3M
上海清算所城投债收益率曲线(AA-),即期,2026-02-14,0.25,1.7913,,,3M
上海清算所城投债收益率曲线(AA-),即期,2026-02-24,0.25,1.797,,,3M
上海清算所城投债收益率曲线(AA-),即期,2026-02-25,0.25,1.8136,,,3M
上海清算所城投债收益率曲线(AA-),即期,2026-02-26,0.25,1.7983,,,3M
上海清算所城投债收益率曲线(AA-),即期,2026-02-27,0.25,1.8157,,,3M
上海清算所城投债收益率曲线(AA-),即期,2026-02-28,0.25,1.8029,,,3M
上海清算所城投债收益率曲线(AA-),即期,2026-03-02,0.25,1.7911,,,3M
上海清算所城投债收益率曲线(AA-),即期,2026-03-03,0.25,1.7843,,,3M
上海清算所城投债收益率曲线(AA-),即期,2026-03-04,0.25,1.7857,,,3M
上海清算所城投债收益率曲线(AA-),即期,2026-03-05,0.25,1.7677,,,3M
上海清算所城投债收益率曲线(AA-),即期,2026-02-03,0.5,1.8369,,,6M
上海清算所城投债收益率曲线(AA-),即期,2026-02-04,0.5,1.8383,,,6M
上海清算所城投债收益率曲线(AA-),即期,2026-02-05,0.5,1.8451,,,6M
上海清算所城投债收益率曲线(AA-),即期,2026-02-06,0.5,1.8655,,,6M
上海清算所城投债收益率曲线(AA-),即期,2026-02-09,0.5,1.8174,,,6M
上海清算所城投债收益率曲线(AA-),即期,2026-02-10,0.5,1.8122,,,6M
上海清算所城投债收益率曲线(AA-),即期,2026-02-11,0.5,1.834,,,6M
上海清算所城投债收益率曲线(AA-),即期,2026-02-12,0.5,1.8135,,,6M
上海清算所城投债收益率曲线(AA-),即期,2026-02-13,0.5,1.802,,,6M
上海清算所城投债收益率曲线(AA-),即期,2026-02-14,0.5,1.8034,,,6M
上海清算所城投债收益率曲线(AA-),即期,2026-02-24,0.5,1.7938,,,6M
上海清算所城投债收益率曲线(AA-),即期,2026-02-25,0.5,1.7819,,,6M
上海清算所城投债收益率曲线(AA-),即期,2026-02-26,0.5,1.7806,,,6M
上海清算所城投债收益率曲线(AA-),即期,2026-02-27,0.5,1.7808,,,6M
上海清算所城投债收益率曲线(AA-),即期,2026-02-28,0.5,1.7835,,,6M
上海清算所城投债收益率曲线(AA-),即期,2026-03-02,0.5,1.7949,,,6M
上海清算所城投债收益率曲线(AA-),即期,2026-03-03,0.5,1.7869,,,6M
上海清算所城投债收益率曲线(AA-),即期,2026-03-04,0.5,1.7891,,,6M
上海清算所城投债收益率曲线(AA-),即期,2026-03-05,0.5,1.776,,,6M
上海清算所城投债收益率曲线(AA-),即期,2026-02-03,0.75,1.8605,,,9M
上海清算所城投债收益率曲线(AA-),即期,2026-02-04,0.75,1.8747,,,9M
上海清算所城投债收益率曲线(AA-),即期,2026-02-05,0.75,1.8704,,,9M
上海清算所城投债收益率曲线(AA-),即期,2026-02-06,0.75,1.8757,,,9M
上海清算所城投债收益率曲线(AA-),即期,2026-02-09,0.75,1.8327,,,9M
上海清算所城投债收益率曲线(AA-),即期,2026-02-10,0.75,1.8258,,,9M
上海清算所城投债收益率曲线(AA-),即期,2026-02-11,0.75,1.8495,,,9M
上海清算所城投债收益率曲线(AA-),即期,2026-02-12,0.75,1.8181,,,9M
上海清算所城投债收益率曲线(AA-),即期,2026-02-13,0.75,1.8099,,,9M
上海清算所城投债收益率曲线(AA-),即期,2026-02-14,0.75,1.8098,,,9M
上海清算所城投债收益率曲线(AA-),即期,2026-02-24,0.75,1.7846,,,9M
上海清算所城投债收益率曲线(AA-),即期,2026-02-25,0.75,1.793,,,9M
上海清算所城投债收益率曲线(AA-),即期,2026-02-26,0.75,1.7991,,,9M
上海清算所城投债收益率曲线(AA-),即期,2026-02-27,0.75,1.7987,,,9M
上海清算所城投债收益率曲线(AA-),即期,2026-02-28,0.75,1.8047,,,9M
上海清算所城投债收益率曲线(AA-),即期,2026-03-02,0.75,1.8005,,,9M
上海清算所城投债收益率曲线(AA-),即期,2026-03-03,0.75,1.7875,,,9M
上海清算所城投债收益率曲线(AA-),即期,2026-03-04,0.75,1.7946,,,9M
上海清算所城投债收益率曲线(AA-),即期,2026-03-05,0.75,1.7852,,,9M
上海清算所城投债收益率曲线(AA-),即期,2026-02-03,1,1.8518,,,1Y
上海清算所城投债收益率曲线(AA-),即期,2026-02-04,1,1.8579,,,1Y
上海清算所城投债收益率曲线(AA-),即期,2026-02-05,1,1.8583,,,1Y
上海清算所城投债收益率曲线(AA-),即期,2026-02-06,1,1.8638,,,1Y
上海清算所城投债收益率曲线(AA-),即期,2026-02-09,1,1.8453,,,1Y
上海清算所城投债收益率曲线(AA-),即期,2026-02-10,1,1.8391,,,1Y
上海清算所城投债收益率曲线(AA-),即期,2026-02-11,1,1.8501,,,1Y
上海清算所城投债收益率曲线(AA-),即期,2026-02-12,1,1.8452,,,1Y
上海清算所城投债收益率曲线(AA-),即期,2026-02-13,1,1.8447,,,1Y
上海清算所城投债收益率曲线(AA-),即期,2026-02-14,1,1.8445,,,1Y
上海清算所城投债收益率曲线(AA-),即期,2026-02-24,1,1.8439,,,1Y
上海清算所城投债收益率曲线(AA-),即期,2026-02-25,1,1.8404,,,1Y
上海清算所城投债收益率曲线(AA-),即期,2026-02-26,1,1.8484,,,1Y
上海清算所城投债收益率曲线(AA-),即期,2026-02-27,1,1.8449,,,1Y
上海清算所城投债收益率曲线(AA-),即期,2026-02-28,1,1.8451,,,1Y
上海清算所城投债收益率曲线(AA-),即期,2026-03-02,1,1.8293,,,1Y
上海清算所城投债收益率曲线(AA-),即期,2026-03-03,1,1.8234,,,1Y
上海清算所城投债收益率曲线(AA-),即期,2026-03-04,1,1.8172,,,1Y
上海清算所城投债收益率曲线(AA-),即期,2026-03-05,1,1.819,,,1Y
上海清算所城投债收益率曲线(AA-),即期,2026-02-03,10,4.0437,,,10Y
上海清算所城投债收益率曲线(AA-),即期,2026-02-04,10,4.0348,,,10Y
上海清算所城投债收益率曲线(AA-),即期,2026-02-05,10,4.0704,,,10Y
上海清算所城投债收益率曲线(AA-),即期,2026-02-06,10,4.0787,,,10Y
上海清算所城投债收益率曲线(AA-),即期,2026-02-09,10,4.0396,,,10Y
上海清算所城投债收益率曲线(AA-),即期,2026-02-10,10,4.034,,,10Y
上海清算所城投债收益率曲线(AA-),即期,2026-02-11,10,4.0583,,,10Y
上海清算所城投债收益率曲线(AA-),即期,2026-02-12,10,4.0472,,,10Y
上海清算所城投债收益率曲线(AA-),即期,2026-02-13,10,4.0261,,,10Y
上海清算所城投债收益率曲线(AA-),即期,2026-02-14,10,4.0052,,,10Y
上海清算所城投债收益率曲线(AA-),即期,2026-02-24,10,4.0006,,,10Y
上海清算所城投债收益率曲线(AA-),即期,2026-02-25,10,4.0183,,,10Y
上海清算所城投债收益率曲线(AA-),即期,2026-02-26,10,4.0273,,,10Y
上海清算所城投债收益率曲线(AA-),即期,2026-02-27,10,4.0293,,,10Y
上海清算所城投债收益率曲线(AA-),即期,2026-02-28,10,4.0153,,,10Y
上海清算所城投债收益率曲线(AA-),即期,2026-03-02,10,4.0278,,,10Y
上海清算所城投债收益率曲线(AA-),即期,2026-03-03,10,4.0433,,,10Y
上海清算所城投债收益率曲线(AA-),即期,2026-03-04,10,4.0325,,,10Y
上海清算所城投债收益率曲线(AA-),即期,2026-03-05,10,4.033,,,10Y
上海清算所城投债收益率曲线(AA-),即期,2026-02-03,11,4.0569,,,11Y
上海清算所城投债收益率曲线(AA-),即期,2026-02-04,11,4.0718,,,11Y
上海清算所城投债收益率曲线(AA-),即期,2026-02-05,11,4.0967,,,11Y
上海清算所城投债收益率曲线(AA-),即期,2026-02-06,11,4.0826,,,11Y
上海清算所城投债收益率曲线(AA-),即期,2026-02-09,11,4.0663,,,11Y
上海清算所城投债收益率曲线(AA-),即期,2026-02-10,11,4.0592,,,11Y
上海清算所城投债收益率曲线(AA-),即期,2026-02-11,11,4.0807,,,11Y
上海清算所城投债收益率曲线(AA-),即期,2026-02-12,11,4.0773,,,11Y
上海清算所城投债收益率曲线(AA-),即期,2026-02-13,11,4.0605,,,11Y
上海清算所城投债收益率曲线(AA-),即期,2026-02-14,11,4.0449,,,11Y
上海清算所城投债收益率曲线(AA-),即期,2026-02-24,11,4.0269,,,11Y
上海清算所城投债收益率曲线(AA-),即期,2026-02-25,11,4.0378,,,11Y
上海清算所城投债收益率曲线(AA-),即期,2026-02-26,11,4.046,,,11Y
上海清算所城投债收益率曲线(AA-),即期,2026-02-27,11,4.087,,,11Y
上海清算所城投债收益率曲线(AA-),即期,2026-02-28,11,4.0708,,,11Y
上海清算所城投债收益率曲线(AA-),即期,2026-03-02,11,4.0591,,,11Y
上海清算所城投债收益率曲线(AA-),即期,2026-03-03,11,4.0748,,,11Y
上海清算所城投债收益率曲线(AA-),即期,2026-03-04,11,4.0678,,,11Y
上海清算所城投债收益率曲线(AA-),即期,2026-03-05,11,4.0639,,,11Y
上海清算所城投债收益率曲线(AA-),即期,2026-02-03,12,4.0924,,,12Y
上海清算所城投债收益率曲线(AA-),即期,2026-02-04,12,4.1021,,,12Y
上海清算所城投债收益率曲线(AA-),即期,2026-02-05,12,4.1113,,,12Y
上海清算所城投债收益率曲线(AA-),即期,2026-02-06,12,4.1137,,,12Y
上海清算所城投债收益率曲线(AA-),即期,2026-02-09,12,4.0889,,,12Y
上海清算所城投债收益率曲线(AA-),即期,2026-02-10,12,4.0801,,,12Y
上海清算所城投债收益率曲线(AA-),即期,2026-02-11,12,4.0978,,,12Y
上海清算所城投债收益率曲线(AA-),即期,2026-02-12,12,4.1006,,,12Y
上海清算所城投债收益率曲线(AA-),即期,2026-02-13,12,4.0882,,,12Y
上海清算所城投债收益率曲线(AA-),即期,2026-02-14,12,4.0775,,,12Y
上海清算所城投债收益率曲线(AA-),即期,2026-02-24,12,4.0672,,,12Y
上海清算所城投债收益率曲线(AA-),即期,2026-02-25,12,4.07,,,12Y
上海清算所城投债收益率曲线(AA-),即期,2026-02-26,12,4.0794,,,12Y
上海清算所城投债收益率曲线(AA-),即期,2026-02-27,12,4.1073,,,12Y
上海清算所城投债收益率曲线(AA-),即期,2026-02-28,12,4.0896,,,12Y
上海清算所城投债收益率曲线(AA-),即期,2026-03-02,12,4.086,,,12Y
上海清算所城投债收益率曲线(AA-),即期,2026-03-03,12,4.1013,,,12Y
上海清算所城投债收益率曲线(AA-),即期,2026-03-04,12,4.0969,,,12Y
上海清算所城投债收益率曲线(AA-),即期,2026-03-05,12,4.0899,,,12Y
上海清算所城投债收益率曲线(AA-),即期,2026-02-03,13,4.1268,,,13Y
上海清算所城投债收益率曲线(AA-),即期,2026-02-04,13,4.1293,,,13Y
上海清算所城投债收益率曲线(AA-),即期,2026-02-05,13,4.1195,,,13Y
上海清算所城投债收益率曲线(AA-),即期,2026-02-06,13,4.1246,,,13Y
上海清算所城投债收益率曲线(AA-),即期,2026-02-09,13,4.1085,,,13Y
上海清算所城投债收益率曲线(AA-),即期,2026-02-10,13,4.0978,,,13Y
上海清算所城投债收益率曲线(AA-),即期,2026-02-11,13,4.1111,,,13Y
上海清算所城投债收益率曲线(AA-),即期,2026-02-12,13,4.1189,,,13Y
上海清算所城投债收益率曲线(AA-),即期,2026-02-13,13,4.1109,,,13Y
上海清算所城投债收益率曲线(AA-),即期,2026-02-14,13,4.1047,,,13Y
上海清算所城投债收益率曲线(AA-),即期,2026-02-24,13,4.0992,,,13Y
上海清算所城投债收益率曲线(AA-),即期,2026-02-25,13,4.1012,,,13Y
上海清算所城投债收益率曲线(AA-),即期,2026-02-26,13,4.1129,,,13Y
上海清算所城投债收益率曲线(AA-),即期,2026-02-27,13,4.1374,,,13Y
上海清算所城投债收益率曲线(AA-),即期,2026-02-28,13,4.1192,,,13Y
上海清算所城投债收益率曲线(AA-),即期,2026-03-02,13,4.1097,,,13Y
上海清算所城投债收益率曲线(AA-),即期,2026-03-03,13,4.1242,,,13Y
上海清算所城投债收益率曲线(AA-),即期,2026-03-04,13,4.1215,,,13Y
上海清算所城投债收益率曲线(AA-),即期,2026-03-05,13,4.1124,,,13Y
上海清算所城投债收益率曲线(AA-),即期,2026-02-03,14,4.1345,,,14Y
上海清算所城投债收益率曲线(AA-),即期,2026-02-04,14,4.1567,,,14Y
上海清算所城投债收益率曲线(AA-),即期,2026-02-05,14,4.127,,,14Y
上海清算所城投债收益率曲线(AA-),即期,2026-02-06,14,4.131,,,14Y
上海清算所城投债收益率曲线(AA-),即期,2026-02-09,14,4.1264,,,14Y
上海清算所城投债收益率曲线(AA-),即期,2026-02-10,14,4.1136,,,14Y
上海清算所城投债收益率曲线(AA-),即期,2026-02-11,14,4.1221,,,14Y
上海清算所城投债收益率曲线(AA-),即期,2026-02-12,14,4.134,,,14Y
上海清算所城投债收益率曲线(AA-),即期,2026-02-13,14,4.1306,,,14Y
上海清算所城投债收益率曲线(AA-),即期,2026-02-14,14,4.1286,,,14Y
上海清算所城投债收益率曲线(AA-),即期,2026-02-24,14,4.1254,,,14Y
上海清算所城投债收益率曲线(AA-),即期,2026-02-25,14,4.1265,,,14Y
上海清算所城投债收益率曲线(AA-),即期,2026-02-26,14,4.1408,,,14Y
上海清算所城投债收益率曲线(AA-),即期,2026-02-27,14,4.1575,,,14Y
上海清算所城投债收益率曲线(AA-),即期,2026-02-28,14,4.1401,,,14Y
上海清算所城投债收益率曲线(AA-),即期,2026-03-02,14,4.1315,,,14Y
上海清算所城投债收益率曲线(AA-),即期,2026-03-03,14,4.1449,,,14Y
上海清算所城投债收益率曲线(AA-),即期,2026-03-04,14,4.1433,,,14Y
上海清算所城投债收益率曲线(AA-),即期,2026-03-05,14,4.1327,,,14Y
上海清算所城投债收益率曲线(AA-),即期,2026-02-03,15,4.1571,,,15Y
上海清算所城投债收益率曲线(AA-),即期,2026-02-04,15,4.1852,,,15Y
上海清算所城投债收益率曲线(AA-),即期,2026-02-05,15,4.1347,,,15Y
上海清算所城投债收益率曲线(AA-),即期,2026-02-06,15,4.1398,,,15Y
上海清算所城投债收益率曲线(AA-),即期,2026-02-09,15,4.1439,,,15Y
上海清算所城投债收益率曲线(AA-),即期,2026-02-10,15,4.1289,,,15Y
上海清算所城投债收益率曲线(AA-),即期,2026-02-11,15,4.1322,,,15Y
上海清算所城投债收益率曲线(AA-),即期,2026-02-12,15,4.148,,,15Y
上海清算所城投债收益率曲线(AA-),即期,2026-02-13,15,4.1491,,,15Y
上海清算所城投债收益率曲线(AA-),即期,2026-02-14,15,4.1514,,,15Y
上海清算所城投债收益率曲线(AA-),即期,2026-02-24,15,4.1631,,,15Y
上海清算所城投债收益率曲线(AA-),即期,2026-02-25,15,4.1445,,,15Y
上海清算所城投债收益率曲线(AA-),即期,2026-02-26,15,4.1607,,,15Y
上海清算所城投债收益率曲线(AA-),即期,2026-02-27,15,4.182,,,15Y
上海清算所城投债收益率曲线(AA-),即期,2026-02-28,15,4.167,,,15Y
上海清算所城投债收益率曲线(AA-),即期,2026-03-02,15,4.1529,,,15Y
上海清算所城投债收益率曲线(AA-),即期,2026-03-03,15,4.165,,,15Y
上海清算所城投债收益率曲线(AA-),即期,2026-03-04,15,4.1642,,,15Y
上海清算所城投债收益率曲线(AA-),即期,2026-03-05,15,4.1524,,,15Y
上海清算所城投债收益率曲线(AA-),即期,2026-02-03,2,2.1003,,,2Y
上海清算所城投债收益率曲线(AA-),即期,2026-02-04,2,2.0974,,,2Y
上海清算所城投债收益率曲线(AA-),即期,2026-02-05,2,2.0969,,,2Y
上海清算所城投债收益率曲线(AA-),即期,2026-02-06,2,2.0899,,,2Y
上海清算所城投债收益率曲线(AA-),即期,2026-02-09,2,2.0889,,,2Y
上海清算所城投债收益率曲线(AA-),即期,2026-02-10,2,2.0854,,,2Y
上海清算所城投债收益率曲线(AA-),即期,2026-02-11,2,2.0691,,,2Y
上海清算所城投债收益率曲线(AA-),即期,2026-02-12,2,2.0623,,,2Y
上海清算所城投债收益率曲线(AA-),即期,2026-02-13,2,2.0568,,,2Y
上海清算所城投债收益率曲线(AA-),即期,2026-02-14,2,2.0633,,,2Y
上海清算所城投债收益率曲线(AA-),即期,2026-02-24,2,2.0623,,,2Y
上海清算所城投债收益率曲线(AA-),即期,2026-02-25,2,2.0365,,,2Y
上海清算所城投债收益率曲线(AA-),即期,2026-02-26,2,2.0411,,,2Y
上海清算所城投债收益率曲线(AA-),即期,2026-02-27,2,2.0568,,,2Y
上海清算所城投债收益率曲线(AA-),即期,2026-02-28,2,2.0552,,,2Y
上海清算所城投债收益率曲线(AA-),即期,2026-03-02,2,2.0601,,,2Y
上海清算所城投债收益率曲线(AA-),即期,2026-03-03,2,2.0517,,,2Y
上海清算所城投债收益率曲线(AA-),即期,2026-03-04,2,2.0511,,,2Y
上海清算所城投债收益率曲线(AA-),即期,2026-03-05,2,2.0203,,,2Y
上海清算所城投债收益率曲线(AA-),即期,2026-02-03,3,2.3227,,,3Y
上海清算所城投债收益率曲线(AA-),即期,2026-02-04,3,2.3211,,,3Y
上海清算所城投债收益率曲线(AA-),即期,2026-02-05,3,2.3325,,,3Y
上海清算所城投债收益率曲线(AA-),即期,2026-02-06,3,2.3301,,,3Y
上海清算所城投债收益率曲线(AA-),即期,2026-02-09,3,2.2872,,,3Y
上海清算所城投债收益率曲线(AA-),即期,2026-02-10,3,2.2968,,,3Y
上海清算所城投债收益率曲线(AA-),即期,2026-02-11,3,2.2682,,,3Y
上海清算所城投债收益率曲线(AA-),即期,2026-02-12,3,2.2786,,,3Y
上海清算所城投债收益率曲线(AA-),即期,2026-02-13,3,2.2582,,,3Y
上海清算所城投债收益率曲线(AA-),即期,2026-02-14,3,2.2587,,,3Y
上海清算所城投债收益率曲线(AA-),即期,2026-02-24,3,2.2235,,,3Y
上海清算所城投债收益率曲线(AA-),即期,2026-02-25,3,2.2287,,,3Y
上海清算所城投债收益率曲线(AA-),即期,2026-02-26,3,2.2356,,,3Y
上海清算所城投债收益率曲线(AA-),即期,2026-02-27,3,2.2406,,,3Y
上海清算所城投债收益率曲线(AA-),即期,2026-02-28,3,2.2381,,,3Y
上海清算所城投债收益率曲线(AA-),即期,2026-03-02,3,2.2612,,,3Y
上海清算所城投债收益率曲线(AA-),即期,2026-03-03,3,2.2614,,,3Y
上海清算所城投债收益率曲线(AA-),即期,2026-03-04,3,2.2687,,,3Y
上海清算所城投债收益率曲线(AA-),即期,2026-03-05,3,2.2645,,,3Y
上海清算所城投债收益率曲线(AA-),即期,2026-02-03,4,2.6681,,,4Y
上海清算所城投债收益率曲线(AA-),即期,2026-02-04,4,2.6442,,,4Y
上海清算所城投债收益率曲线(AA-),即期,2026-02-05,4,2.6799,,,4Y
上海清算所城投债收益率曲线(AA-),即期,2026-02-06,4,2.6887,,,4Y
上海清算所城投债收益率曲线(AA-),即期,2026-02-09,4,2.6392,,,4Y
上海清算所城投债收益率曲线(AA-),即期,2026-02-10,4,2.6326,,,4Y
上海清算所城投债收益率曲线(AA-),即期,2026-02-11,4,2.6056,,,4Y
上海清算所城投债收益率曲线(AA-),即期,2026-02-12,4,2.5953,,,4Y
上海清算所城投债收益率曲线(AA-),即期,2026-02-13,4,2.5908,,,4Y
上海清算所城投债收益率曲线(AA-),即期,2026-02-14,4,2.5945,,,4Y
上海清算所城投债收益率曲线(AA-),即期,2026-02-24,4,2.5662,,,4Y
上海清算所城投债收益率曲线(AA-),即期,2026-02-25,4,2.5898,,,4Y
上海清算所城投债收益率曲线(AA-),即期,2026-02-26,4,2.5984,,,4Y
上海清算所城投债收益率曲线(AA-),即期,2026-02-27,4,2.6145,,,4Y
上海清算所城投债收益率曲线(AA-),即期,2026-02-28,4,2.6087,,,4Y
上海清算所城投债收益率曲线(AA-),即期,2026-03-02,4,2.5624,,,4Y
上海清算所城投债收益率曲线(AA-),即期,2026-03-03,4,2.5534,,,4Y
上海清算所城投债收益率曲线(AA-),即期,2026-03-04,4,2.5259,,,4Y
上海清算所城投债收益率曲线(AA-),即期,2026-03-05,4,2.4958,,,4Y
上海清算所城投债收益率曲线(AA-),即期,2026-02-03,5,2.8635,,,5Y
上海清算所城投债收益率曲线(AA-),即期,2026-02-04,5,2.897,,,5Y
上海清算所城投债收益率曲线(AA-),即期,2026-02-05,5,2.912,,,5Y
上海清算所城投债收益率曲线(AA-),即期,2026-02-06,5,2.8835,,,5Y
上海清算所城投债收益率曲线(AA-),即期,2026-02-09,5,2.8337,,,5Y
上海清算所城投债收益率曲线(AA-),即期,2026-02-10,5,2.8218,,,5Y
上海清算所城投债收益率曲线(AA-),即期,2026-02-11,5,2.8104,,,5Y
上海清算所城投债收益率曲线(AA-),即期,2026-02-12,5,2.8071,,,5Y
上海清算所城投债收益率曲线(AA-),即期,2026-02-13,5,2.7915,,,5Y
上海清算所城投债收益率曲线(AA-),即期,2026-02-14,5,2.7827,,,5Y
上海清算所城投债收益率曲线(AA-),即期,2026-02-24,5,2.7989,,,5Y
上海清算所城投债收益率曲线(AA-),即期,2026-02-25,5,2.7834,,,5Y
上海清算所城投债收益率曲线(AA-),即期,2026-02-26,5,2.7936,,,5Y
上海清算所城投债收益率曲线(AA-),即期,2026-02-27,5,2.7975,,,5Y
上海清算所城投债收益率曲线(AA-),即期,2026-02-28,5,2.7892,,,5Y
上海清算所城投债收益率曲线(AA-),即期,2026-03-02,5,2.8158,,,5Y
上海清算所城投债收益率曲线(AA-),即期,2026-03-03,5,2.8108,,,5Y
上海清算所城投债收益率曲线(AA-),即期,2026-03-04,5,2.7851,,,5Y
上海清算所城投债收益率曲线(AA-),即期,2026-03-05,5,2.8037,,,5Y
上海清算所城投债收益率曲线(AA-),即期,2026-02-03,6,3.5113,,,6Y
上海清算所城投债收益率曲线(AA-),即期,2026-02-04,6,3.5444,,,6Y
上海清算所城投债收益率曲线(AA-),即期,2026-02-05,6,3.5486,,,6Y
上海清算所城投债收益率曲线(AA-),即期,2026-02-06,6,3.5217,,,6Y
上海清算所城投债收益率曲线(AA-),即期,2026-02-09,6,3.4959,,,6Y
上海清算所城投债收益率曲线(AA-),即期,2026-02-10,6,3.4997,,,6Y
上海清算所城投债收益率曲线(AA-),即期,2026-02-11,6,3.4969,,,6Y
上海清算所城投债收益率曲线(AA-),即期,2026-02-12,6,3.4983,,,6Y
上海清算所城投债收益率曲线(AA-),即期,2026-02-13,6,3.4909,,,6Y
上海清算所城投债收益率曲线(AA-),即期,2026-02-14,6,3.4774,,,6Y
上海清算所城投债收益率曲线(AA-),即期,2026-02-24,6,3.4833,,,6Y
上海清算所城投债收益率曲线(AA-),即期,2026-02-25,6,3.4873,,,6Y
上海清算所城投债收益率曲线(AA-),即期,2026-02-26,6,3.5036,,,6Y
上海清算所城投债收益率曲线(AA-),即期,2026-02-27,6,3.4794,,,6Y
上海清算所城投债收益率曲线(AA-),即期,2026-02-28,6,3.4727,,,6Y
上海清算所城投债收益率曲线(AA-),即期,2026-03-02,6,3.4284,,,6Y
上海清算所城投债收益率曲线(AA-),即期,2026-03-03,6,3.4196,,,6Y
上海清算所城投债收益率曲线(AA-),即期,2026-03-04,6,3.4255,,,6Y
上海清算所城投债收益率曲线(AA-),即期,2026-03-05,6,3.4158,,,6Y
上海清算所城投债收益率曲线(AA-),即期,2026-02-03,7,3.7836,,,7Y
上海清算所城投债收益率曲线(AA-),即期,2026-02-04,7,3.7922,,,7Y
上海清算所城投债收益率曲线(AA-),即期,2026-02-05,7,3.8026,,,7Y
上海清算所城投债收益率曲线(AA-),即期,2026-02-06,7,3.8042,,,7Y
上海清算所城投债收益率曲线(AA-),即期,2026-02-09,7,3.8033,,,7Y
上海清算所城投债收益率曲线(AA-),即期,2026-02-10,7,3.8023,,,7Y
上海清算所城投债收益率曲线(AA-),即期,2026-02-11,7,3.8098,,,7Y
上海清算所城投债收益率曲线(AA-),即期,2026-02-12,7,3.7668,,,7Y
上海清算所城投债收益率曲线(AA-),即期,2026-02-13,7,3.7578,,,7Y
上海清算所城投债收益率曲线(AA-),即期,2026-02-14,7,3.7453,,,7Y
上海清算所城投债收益率曲线(AA-),即期,2026-02-24,7,3.746,,,7Y
上海清算所城投债收益率曲线(AA-),即期,2026-02-25,7,3.749,,,7Y
上海清算所城投债收益率曲线(AA-),即期,2026-02-26,7,3.7693,,,7Y
上海清算所城投债收益率曲线(AA-),即期,2026-02-27,7,3.777,,,7Y
上海清算所城投债收益率曲线(AA-),即期,2026-02-28,7,3.7715,,,7Y
上海清算所城投债收益率曲线(AA-),即期,2026-03-02,7,3.7873,,,7Y
上海清算所城投债收益率曲线(AA-),即期,2026-03-03,7,3.7766,,,7Y
上海清算所城投债收益率曲线(AA-),即期,2026-03-04,7,3.7769,,,7Y
上海清算所城投债收益率曲线(AA-),即期,2026-03-05,7,3.7453,,,7Y
上海清算所城投债收益率曲线(AA-),即期,2026-02-03,8,3.9043,,,8Y
上海清算所城投债收益率曲线(AA-),即期,2026-02-04,8,3.9036,,,8Y
上海清算所城投债收益率曲线(AA-),即期,2026-02-05,8,3.9042,,,8Y
上海清算所城投债收益率曲线(AA-),即期,2026-02-06,8,3.9071,,,8Y
上海清算所城投债收益率曲线(AA-),即期,2026-02-09,8,3.9005,,,8Y
上海清算所城投债收益率曲线(AA-),即期,2026-02-10,8,3.8948,,,8Y
上海清算所城投债收益率曲线(AA-),即期,2026-02-11,8,3.8684,,,8Y
上海清算所城投债收益率曲线(AA-),即期,2026-02-12,8,3.864,,,8Y
上海清算所城投债收益率曲线(AA-),即期,2026-02-13,8,3.8942,,,8Y
上海清算所城投债收益率曲线(AA-),即期,2026-02-14,8,3.8855,,,8Y
上海清算所城投债收益率曲线(AA-),即期,2026-02-24,8,3.8826,,,8Y
上海清算所城投债收益率曲线(AA-),即期,2026-02-25,8,3.882,,,8Y
上海清算所城投债收益率曲线(AA-),即期,2026-02-26,8,3.8998,,,8Y
上海清算所城投债收益率曲线(AA-),即期,2026-02-27,8,3.922,,,8Y
上海清算所城投债收益率曲线(AA-),即期,2026-02-28,8,3.9141,,,8Y
上海清算所城投债收益率曲线(AA-),即期,2026-03-02,8,3.8753,,,8Y
上海清算所城投债收益率曲线(AA-),即期,2026-03-03,8,3.867,,,8Y
上海清算所城投债收益率曲线(AA-),即期,2026-03-04,8,3.8624,,,8Y
上海清算所城投债收益率曲线(AA-),即期,2026-03-05,8,3.866,,,8Y
上海清算所城投债收益率曲线(AA-),即期,2026-02-03,9,3.98,,,9Y
上海清算所城投债收益率曲线(AA-),即期,2026-02-04,9,3.9919,,,9Y
上海清算所城投债收益率曲线(AA-),即期,2026-02-05,9,4.0006,,,9Y
上海清算所城投债收益率曲线(AA-),即期,2026-02-06,9,4.0061,,,9Y
上海清算所城投债收益率曲线(AA-),即期,2026-02-09,9,3.9811,,,9Y
上海清算所城投债收益率曲线(AA-),即期,2026-02-10,9,3.9713,,,9Y
上海清算所城投债收益率曲线(AA-),即期,2026-02-11,9,3.9687,,,9Y
上海清算所城投债收益率曲线(AA-),即期,2026-02-12,9,3.9356,,,9Y
上海清算所城投债收益率曲线(AA-),即期,2026-02-13,9,3.928,,,9Y
上海清算所城投债收益率曲线(AA-),即期,2026-02-14,9,3.9048,,,9Y
上海清算所城投债收益率曲线(AA-),即期,2026-02-24,9,3.9186,,,9Y
上海清算所城投债收益率曲线(AA-),即期,2026-02-25,9,3.9248,,,9Y
上海清算所城投债收益率曲线(AA-),即期,2026-02-26,9,3.9375,,,9Y
上海清算所城投债收益率曲线(AA-),即期,2026-02-27,9,3.9285,,,9Y
上海清算所城投债收益率曲线(AA-),即期,2026-02-28,9,3.9174,,,9Y
上海清算所城投债收益率曲线(AA-),即期,2026-03-02,9,3.9651,,,9Y
上海清算所城投债收益率曲线(AA-),即期,2026-03-03,9,3.9734,,,9Y
上海清算所城投债收益率曲线(AA-),即期,2026-03-04,9,3.9461,,,9Y
上海清算所城投债收益率曲线(AA-),即期,2026-03-05,9,3.9639,,,9Y
上海清算所城投债收益率曲线(AA-),到期,2026-02-03,0,1.7817,,,0M
上海清算所城投债收益率曲线(AA-),到期,2026-02-04,0,1.7939,,,0M
上海清算所城投债收益率曲线(AA-),到期,2026-02-05,0,1.7833,,,0M
上海清算所城投债收益率曲线(AA-),到期,2026-02-06,0,1.7806,,,0M
上海清算所城投债收益率曲线(AA-),到期,2026-02-09,0,1.7659,,,0M
上海清算所城投债收益率曲线(AA-),到期,2026-02-10,0,1.7581,,,0M
上海清算所城投债收益率曲线(AA-),到期,2026-02-11,0,1.7543,,,0M
上海清算所城投债收益率曲线(AA-),到期,2026-02-12,0,1.7555,,,0M
上海清算所城投债收益率曲线(AA-),到期,2026-02-13,0,1.76,,,0M
上海清算所城投债收益率曲线(AA-),到期,2026-02-14,0,1.7269,,,0M
上海清算所城投债收益率曲线(AA-),到期,2026-02-24,0,1.7486,,,0M
上海清算所城投债收益率曲线(AA-),到期,2026-02-25,0,1.7843,,,0M
上海清算所城投债收益率曲线(AA-),到期,2026-02-26,0,1.7914,,,0M
上海清算所城投债收益率曲线(AA-),到期,2026-02-27,0,1.7741,,,0M
上海清算所城投债收益率曲线(AA-),到期,2026-02-28,0,1.7769,,,0M
上海清算所城投债收益率曲线(AA-),到期,2026-03-02,0,1.7352,,,0M
上海清算所城投债收益率曲线(AA-),到期,2026-03-03,0,1.7204,,,0M
上海清算所城投债收益率曲线(AA-),到期,2026-03-04,0,1.7084,,,0M
上海清算所城投债收益率曲线(AA-),到期,2026-03-05,0,1.6922,,,0M
上海清算所城投债收益率曲线(AA-),到期,2026-02-03,0.08,1.7976,,,1M
上海清算所城投债收益率曲线(AA-),到期,2026-02-04,0.08,1.8073,,,1M
上海清算所城投债收益率曲线(AA-),到期,2026-02-05,0.08,1.8043,,,1M
上海清算所城投债收益率曲线(AA-),到期,2026-02-06,0.08,1.8017,,,1M
上海清算所城投债收益率曲线(AA-),到期,2026-02-09,0.08,1.8042,,,1M
上海清算所城投债收益率曲线(AA-),到期,2026-02-10,0.08,1.7916,,,1M
上海清算所城投债收益率曲线(AA-),到期,2026-02-11,0.08,1.7858,,,1M
上海清算所城投债收益率曲线(AA-),到期,2026-02-12,0.08,1.798,,,1M
上海清算所城投债收益率曲线(AA-),到期,2026-02-13,0.08,1.7911,,,1M
上海清算所城投债收益率曲线(AA-),到期,2026-02-14,0.08,1.7846,,,1M
上海清算所城投债收益率曲线(AA-),到期,2026-02-24,0.08,1.8132,,,1M
上海清算所城投债收益率曲线(AA-),到期,2026-02-25,0.08,1.8137,,,1M
上海清算所城投债收益率曲线(AA-),到期,2026-02-26,0.08,1.8057,,,1M
上海清算所城投债收益率曲线(AA-),到期,2026-02-27,0.08,1.8069,,,1M
上海清算所城投债收益率曲线(AA-),到期,2026-02-28,0.08,1.8011,,,1M
上海清算所城投债收益率曲线(AA-),到期,2026-03-02,0.08,1.7766,,,1M
上海清算所城投债收益率曲线(AA-),到期,2026-03-03,0.08,1.7712,,,1M
上海清算所城投债收益率曲线(AA-),到期,2026-03-04,0.08,1.771,,,1M
上海清算所城投债收益率曲线(AA-),到期,2026-03-05,0.08,1.7465,,,1M
上海清算所城投债收益率曲线(AA-),到期,2026-02-03,0.25,1.8127,,,3M
上海清算所城投债收益率曲线(AA-),到期,2026-02-04,0.25,1.819,,,3M
上海清算所城投债收益率曲线(AA-),到期,2026-02-05,0.25,1.8268,,,3M
上海清算所城投债收益率曲线(AA-),到期,2026-02-06,0.25,1.8282,,,3M
上海清算所城投债收益率曲线(AA-),到期,2026-02-09,0.25,1.8115,,,3M
上海清算所城投债收益率曲线(AA-),到期,2026-02-10,0.25,1.8114,,,3M
上海清算所城投债收益率曲线(AA-),到期,2026-02-11,0.25,1.8163,,,3M
上海清算所城投债收益率曲线(AA-),到期,2026-02-12,0.25,1.803,,,3M
上海清算所城投债收益率曲线(AA-),到期,2026-02-13,0.25,1.7936,,,3M
上海清算所城投债收益率曲线(AA-),到期,2026-02-14,0.25,1.7913,,,3M
上海清算所城投债收益率曲线(AA-),到期,2026-02-24,0.25,1.797,,,3M
上海清算所城投债收益率曲线(AA-),到期,2026-02-25,0.25,1.8136,,,3M
上海清算所城投债收益率曲线(AA-),到期,2026-02-26,0.25,1.7983,,,3M
上海清算所城投债收益率曲线(AA-),到期,2026-02-27,0.25,1.8157,,,3M
上海清算所城投债收益率曲线(AA-),到期,2026-02-28,0.25,1.8029,,,3M
上海清算所城投债收益率曲线(AA-),到期,2026-03-02,0.25,1.7911,,,3M
上海清算所城投债收益率曲线(AA-),到期,2026-03-03,0.25,1.7843,,,3M
上海清算所城投债收益率曲线(AA-),到期,2026-03-04,0.25,1.7857,,,3M
上海清算所城投债收益率曲线(AA-),到期,2026-03-05,0.25,1.7677,,,3M
上海清算所城投债收益率曲线(AA-),到期,2026-02-03,0.5,1.8369,,,6M
上海清算所城投债收益率曲线(AA-),到期,2026-02-04,0.5,1.8383,,,6M
上海清算所城投债收益率曲线(AA-),到期,2026-02-05,0.5,1.8451,,,6M
上海清算所城投债收益率曲线(AA-),到期,2026-02-06,0.5,1.8655,,,6M
上海清算所城投债收益率曲线(AA-),到期,2026-02-09,0.5,1.8174,,,6M
上海清算所城投债收益率曲线(AA-),到期,2026-02-10,0.5,1.8122,,,6M
上海清算所城投债收益率曲线(AA-),到期,2026-02-11,0.5,1.834,,,6M
上海清算所城投债收益率曲线(AA-),到期,2026-02-12,0.5,1.8135,,,6M
上海清算所城投债收益率曲线(AA-),到期,2026-02-13,0.5,1.802,,,6M
上海清算所城投债收益率曲线(AA-),到期,2026-02-14,0.5,1.8034,,,6M
上海清算所城投债收益率曲线(AA-),到期,2026-02-24,0.5,1.7938,,,6M
上海清算所城投债收益率曲线(AA-),到期,2026-02-25,0.5,1.7819,,,6M
上海清算所城投债收益率曲线(AA-),到期,2026-02-26,0.5,1.7806,,,6M
上海清算所城投债收益率曲线(AA-),到期,2026-02-27,0.5,1.7808,,,6M
上海清算所城投债收益率曲线(AA-),到期,2026-02-28,0.5,1.7835,,,6M
上海清算所城投债收益率曲线(AA-),到期,2026-03-02,0.5,1.7949,,,6M
上海清算所城投债收益率曲线(AA-),到期,2026-03-03,0.5,1.7869,,,6M
上海清算所城投债收益率曲线(AA-),到期,2026-03-04,0.5,1.7891,,,6M
上海清算所城投债收益率曲线(AA-),到期,2026-03-05,0.5,1.776,,,6M
上海清算所城投债收益率曲线(AA-),到期,2026-02-03,0.75,1.8605,,,9M
上海清算所城投债收益率曲线(AA-),到期,2026-02-04,0.75,1.8747,,,9M
上海清算所城投债收益率曲线(AA-),到期,2026-02-05,0.75,1.8704,,,9M
上海清算所城投债收益率曲线(AA-),到期,2026-02-06,0.75,1.8757,,,9M
上海清算所城投债收益率曲线(AA-),到期,2026-02-09,0.75,1.8327,,,9M
上海清算所城投债收益率曲线(AA-),到期,2026-02-10,0.75,1.8258,,,9M
上海清算所城投债收益率曲线(AA-),到期,2026-02-11,0.75,1.8495,,,9M
上海清算所城投债收益率曲线(AA-),到期,2026-02-12,0.75,1.8181,,,9M
上海清算所城投债收益率曲线(AA-),到期,2026-02-13,0.75,1.8099,,,9M
上海清算所城投债收益率曲线(AA-),到期,2026-02-14,0.75,1.8098,,,9M
上海清算所城投债收益率曲线(AA-),到期,2026-02-24,0.75,1.7846,,,9M
上海清算所城投债收益率曲线(AA-),到期,2026-02-25,0.75,1.793,,,9M
上海清算所城投债收益率曲线(AA-),到期,2026-02-26,0.75,1.7991,,,9M
上海清算所城投债收益率曲线(AA-),到期,2026-02-27,0.75,1.7987,,,9M
上海清算所城投债收益率曲线(AA-),到期,2026-02-28,0.75,1.8047,,,9M
上海清算所城投债收益率曲线(AA-),到期,2026-03-02,0.75,1.8005,,,9M
上海清算所城投债收益率曲线(AA-),到期,2026-03-03,0.75,1.7875,,,9M
上海清算所城投债收益率曲线(AA-),到期,2026-03-04,0.75,1.7946,,,9M
上海清算所城投债收益率曲线(AA-),到期,2026-03-05,0.75,1.7852,,,9M
上海清算所城投债收益率曲线(AA-),到期,2026-02-03,1,1.8518,,,1Y
上海清算所城投债收益率曲线(AA-),到期,2026-02-04,1,1.8579,,,1Y
上海清算所城投债收益率曲线(AA-),到期,2026-02-05,1,1.8583,,,1Y
上海清算所城投债收益率曲线(AA-),到期,2026-02-06,1,1.8638,,,1Y
上海清算所城投债收益率曲线(AA-),到期,2026-02-09,1,1.8453,,,1Y
上海清算所城投债收益率曲线(AA-),到期,2026-02-10,1,1.8391,,,1Y
上海清算所城投债收益率曲线(AA-),到期,2026-02-11,1,1.8501,,,1Y
上海清算所城投债收益率曲线(AA-),到期,2026-02-12,1,1.8452,,,1Y
上海清算所城投债收益率曲线(AA-),到期,2026-02-13,1,1.8447,,,1Y
上海清算所城投债收益率曲线(AA-),到期,2026-02-14,1,1.8445,,,1Y
上海清算所城投债收益率曲线(AA-),到期,2026-02-24,1,1.8439,,,1Y
上海清算所城投债收益率曲线(AA-),到期,2026-02-25,1,1.8404,,,1Y
上海清算所城投债收益率曲线(AA-),到期,2026-02-26,1,1.8484,,,1Y
上海清算所城投债收益率曲线(AA-),到期,2026-02-27,1,1.8449,,,1Y
上海清算所城投债收益率曲线(AA-),到期,2026-02-28,1,1.8451,,,1Y
上海清算所城投债收益率曲线(AA-),到期,2026-03-02,1,1.8293,,,1Y
上海清算所城投债收益率曲线(AA-),到期,2026-03-03,1,1.8234,,,1Y
上海清算所城投债收益率曲线(AA-),到期,2026-03-04,1,1.8172,,,1Y
上海清算所城投债收益率曲线(AA-),到期,2026-03-05,1,1.819,,,1Y
上海清算所城投债收益率曲线(AA-),到期,2026-02-03,10,3.9243,,,10Y
上海清算所城投债收益率曲线(AA-),到期,2026-02-04,10,3.9186,,,10Y
上海清算所城投债收益率曲线(AA-),到期,2026-02-05,10,3.9489,,,10Y
上海清算所城投债收益率曲线(AA-),到期,2026-02-06,10,3.9548,,,10Y
上海清算所城投债收益率曲线(AA-),到期,2026-02-09,10,3.9194,,,10Y
上海清算所城投债收益率曲线(AA-),到期,2026-02-10,10,3.9142,,,10Y
上海清算所城投债收益率曲线(AA-),到期,2026-02-11,10,3.932,,,10Y
上海清算所城投债收益率曲线(AA-),到期,2026-02-12,10,3.9208,,,10Y
上海清算所城投债收益率曲线(AA-),到期,2026-02-13,10,3.9033,,,10Y
上海清算所城投债收益率曲线(AA-),到期,2026-02-14,10,3.8849,,,10Y
上海清算所城投债收益率曲线(AA-),到期,2026-02-24,10,3.8811,,,10Y
上海清算所城投债收益率曲线(AA-),到期,2026-02-25,10,3.8956,,,10Y
上海清算所城投债收益率曲线(AA-),到期,2026-02-26,10,3.905,,,10Y
上海清算所城投债收益率曲线(AA-),到期,2026-02-27,10,3.9071,,,10Y
上海清算所城投债收益率曲线(AA-),到期,2026-02-28,10,3.8947,,,10Y
上海清算所城投债收益率曲线(AA-),到期,2026-03-02,10,3.9046,,,10Y
上海清算所城投债收益率曲线(AA-),到期,2026-03-03,10,3.9163,,,10Y
上海清算所城投债收益率曲线(AA-),到期,2026-03-04,10,3.9059,,,10Y
上海清算所城投债收益率曲线(AA-),到期,2026-03-05,10,3.9055,,,10Y
上海清算所城投债收益率曲线(AA-),到期,2026-02-03,11,3.9433,,,11Y
上海清算所城投债收益率曲线(AA-),到期,2026-02-04,11,3.9562,,,11Y
上海清算所城投债收益率曲线(AA-),到期,2026-02-05,11,3.9784,,,11Y
上海清算所城投债收益率曲线(AA-),到期,2026-02-06,11,3.9668,,,11Y
上海清算所城投债收益率曲线(AA-),到期,2026-02-09,11,3.9491,,,11Y
上海清算所城投债收益率曲线(AA-),到期,2026-02-10,11,3.9427,,,11Y
上海清算所城投债收益率曲线(AA-),到期,2026-02-11,11,3.9587,,,11Y
上海清算所城投债收益率曲线(AA-),到期,2026-02-12,11,3.9535,,,11Y
上海清算所城投债收益率曲线(AA-),到期,2026-02-13,11,3.9393,,,11Y
上海清算所城投债收益率曲线(AA-),到期,2026-02-14,11,3.925,,,11Y
上海清算所城投债收益率曲线(AA-),到期,2026-02-24,11,3.9105,,,11Y
上海清算所城投债收益率曲线(AA-),到期,2026-02-25,11,3.9198,,,11Y
上海清算所城投债收益率曲线(AA-),到期,2026-02-26,11,3.9286,,,11Y
上海清算所城投债收益率曲线(AA-),到期,2026-02-27,11,3.9614,,,11Y
上海清算所城投债收益率曲线(AA-),到期,2026-02-28,11,3.9472,,,11Y
上海清算所城投债收益率曲线(AA-),到期,2026-03-02,11,3.9381,,,11Y
上海清算所城投债收益率曲线(AA-),到期,2026-03-03,11,3.9502,,,11Y
上海清算所城投债收益率曲线(AA-),到期,2026-03-04,11,3.9428,,,11Y
上海清算所城投债收益率曲线(AA-),到期,2026-03-05,11,3.939,,,11Y
上海清算所城投债收益率曲线(AA-),到期,2026-02-03,12,3.9781,,,12Y
上海清算所城投债收益率曲线(AA-),到期,2026-02-04,12,3.9871,,,12Y
上海清算所城投债收益率曲线(AA-),到期,2026-02-05,12,3.9973,,,12Y
上海清算所城投债收益率曲线(AA-),到期,2026-02-06,12,3.9982,,,12Y
上海清算所城投债收益率曲线(AA-),到期,2026-02-09,12,3.9741,,,12Y
上海清算所城投债收益率曲线(AA-),到期,2026-02-10,12,3.9664,,,12Y
上海清算所城投债收益率曲线(AA-),到期,2026-02-11,12,3.9798,,,12Y
上海清算所城投债收益率曲线(AA-),到期,2026-02-12,12,3.9795,,,12Y
上海清算所城投债收益率曲线(AA-),到期,2026-02-13,12,3.9685,,,12Y
上海清算所城投债收益率曲线(AA-),到期,2026-02-14,12,3.9578,,,12Y
上海清算所城投债收益率曲线(AA-),到期,2026-02-24,12,3.9492,,,12Y
上海清算所城投债收益率曲线(AA-),到期,2026-02-25,12,3.9523,,,12Y
上海清算所城投债收益率曲线(AA-),到期,2026-02-26,12,3.962,,,12Y
上海清算所城投债收益率曲线(AA-),到期,2026-02-27,12,3.9851,,,12Y
上海清算所城投债收益率曲线(AA-),到期,2026-02-28,12,3.9697,,,12Y
上海清算所城投债收益率曲线(AA-),到期,2026-03-02,12,3.9667,,,12Y
上海清算所城投债收益率曲线(AA-),到期,2026-03-03,12,3.9786,,,12Y
上海清算所城投债收益率曲线(AA-),到期,2026-03-04,12,3.9733,,,12Y
上海清算所城投债收益率曲线(AA-),到期,2026-03-05,12,3.9671,,,12Y
上海清算所城投债收益率曲线(AA-),到期,2026-02-03,13,4.0107,,,13Y
上海清算所城投债收益率曲线(AA-),到期,2026-02-04,13,4.0143,,,13Y
上海清算所城投债收益率曲线(AA-),到期,2026-02-05,13,4.0101,,,13Y
上海清算所城投债收益率曲线(AA-),到期,2026-02-06,13,4.0132,,,13Y
上海清算所城投债收益率曲线(AA-),到期,2026-02-09,13,3.9956,,,13Y
上海清算所城投债收益率曲线(AA-),到期,2026-02-10,13,3.9864,,,13Y
上海清算所城投债收益率曲线(AA-),到期,2026-02-11,13,3.9967,,,13Y
上海清算所城投债收益率曲线(AA-),到期,2026-02-12,13,4.0003,,,13Y
上海清算所城投债收益率曲线(AA-),到期,2026-02-13,13,3.9926,,,13Y
上海清算所城投债收益率曲线(AA-),到期,2026-02-14,13,3.9854,,,13Y
上海清算所城投债收益率曲线(AA-),到期,2026-02-24,13,3.9802,,,13Y
上海清算所城投债收益率曲线(AA-),到期,2026-02-25,13,3.9827,,,13Y
上海清算所城投债收益率曲线(AA-),到期,2026-02-26,13,3.9941,,,13Y
上海清算所城投债收益率曲线(AA-),到期,2026-02-27,13,4.0149,,,13Y
上海清算所城投债收益率曲线(AA-),到期,2026-02-28,13,3.999,,,13Y
上海清算所城投债收益率曲线(AA-),到期,2026-03-02,13,3.9915,,,13Y
上海清算所城投债收益率曲线(AA-),到期,2026-03-03,13,4.003,,,13Y
上海清算所城投债收益率曲线(AA-),到期,2026-03-04,13,3.999,,,13Y
上海清算所城投债收益率曲线(AA-),到期,2026-03-05,13,3.9912,,,13Y
上海清算所城投债收益率曲线(AA-),到期,2026-02-03,14,4.0225,,,14Y
上海清算所城投债收益率曲线(AA-),到期,2026-02-04,14,4.0405,,,14Y
上海清算所城投债收益率曲线(AA-),到期,2026-02-05,14,4.0214,,,14Y
上海清算所城投债收益率曲线(AA-),到期,2026-02-06,14,4.0238,,,14Y
上海清算所城投债收益率曲线(AA-),到期,2026-02-09,14,4.0148,,,14Y
上海清算所城投债收益率曲线(AA-),到期,2026-02-10,14,4.004,,,14Y
上海清算所城投债收益率曲线(AA-),到期,2026-02-11,14,4.0108,,,14Y
上海清算所城投债收益率曲线(AA-),到期,2026-02-12,14,4.0177,,,14Y
上海清算所城投债收益率曲线(AA-),到期,2026-02-13,14,4.0133,,,14Y
上海清算所城投债收益率曲线(AA-),到期,2026-02-14,14,4.0093,,,14Y
上海清算所城投债收益率曲线(AA-),到期,2026-02-24,14,4.0058,,,14Y
上海清算所城投债收益率曲线(AA-),到期,2026-02-25,14,4.0076,,,14Y
上海清算所城投债收益率曲线(AA-),到期,2026-02-26,14,4.0209,,,14Y
上海清算所城投债收益率曲线(AA-),到期,2026-02-27,14,4.0361,,,14Y
上海清算所城投债收益率曲线(AA-),到期,2026-02-28,14,4.0207,,,14Y
上海清算所城投债收益率曲线(AA-),到期,2026-03-02,14,4.0138,,,14Y
上海清算所城投债收益率曲线(AA-),到期,2026-03-03,14,4.0246,,,14Y
上海清算所城投债收益率曲线(AA-),到期,2026-03-04,14,4.0215,,,14Y
上海清算所城投债收益率曲线(AA-),到期,2026-03-05,14,4.0125,,,14Y
上海清算所城投债收益率曲线(AA-),到期,2026-02-03,15,4.0442,,,15Y
上海清算所城投债收益率曲线(AA-),到期,2026-02-04,15,4.0666,,,15Y
上海清算所城投债收益率曲线(AA-),到期,2026-02-05,15,4.0321,,,15Y
上海清算所城投债收益率曲线(AA-),到期,2026-02-06,15,4.0353,,,15Y
上海清算所城投债收益率曲线(AA-),到期,2026-02-09,15,4.0328,,,15Y
上海清算所城投债收益率曲线(AA-),到期,2026-02-10,15,4.0203,,,15Y
上海清算所城投债收益率曲线(AA-),到期,2026-02-11,15,4.0235,,,15Y
上海清算所城投债收益率曲线(AA-),到期,2026-02-12,15,4.0334,,,15Y
上海清算所城投债收益率曲线(AA-),到期,2026-02-13,15,4.0323,,,15Y
上海清算所城投债收益率曲线(AA-),到期,2026-02-14,15,4.0314,,,15Y
上海清算所城投债收益率曲线(AA-),到期,2026-02-24,15,4.0387,,,15Y
上海清算所城投债收益率曲线(AA-),到期,2026-02-25,15,4.0263,,,15Y
上海清算所城投债收益率曲线(AA-),到期,2026-02-26,15,4.041,,,15Y
上海清算所城投债收益率曲线(AA-),到期,2026-02-27,15,4.0595,,,15Y
上海清算所城投债收益率曲线(AA-),到期,2026-02-28,15,4.0458,,,15Y
上海清算所城投债收益率曲线(AA-),到期,2026-03-02,15,4.0349,,,15Y
上海清算所城投债收益率曲线(AA-),到期,2026-03-03,15,4.0449,,,15Y
上海清算所城投债收益率曲线(AA-),到期,2026-03-04,15,4.0424,,,15Y
上海清算所城投债收益率曲线(AA-),到期,2026-03-05,15,4.0325,,,15Y
上海清算所城投债收益率曲线(AA-),到期,2026-02-03,2,2.0977,,,2Y
上海清算所城投债收益率曲线(AA-),到期,2026-02-04,2,2.0949,,,2Y
上海清算所城投债收益率曲线(AA-),到期,2026-02-05,2,2.0944,,,2Y
上海清算所城投债收益率曲线(AA-),到期,2026-02-06,2,2.0876,,,2Y
上海清算所城投债收益率曲线(AA-),到期,2026-02-09,2,2.0864,,,2Y
上海清算所城投债收益率曲线(AA-),到期,2026-02-10,2,2.0829,,,2Y
上海清算所城投债收益率曲线(AA-),到期,2026-02-11,2,2.0669,,,2Y
上海清算所城投债收益率曲线(AA-),到期,2026-02-12,2,2.0601,,,2Y
上海清算所城投债收益率曲线(AA-),到期,2026-02-13,2,2.0546,,,2Y
上海清算所城投债收益率曲线(AA-),到期,2026-02-14,2,2.0611,,,2Y
上海清算所城投债收益率曲线(AA-),到期,2026-02-24,2,2.0601,,,2Y
上海清算所城投债收益率曲线(AA-),到期,2026-02-25,2,2.0345,,,2Y
上海清算所城投债收益率曲线(AA-),到期,2026-02-26,2,2.0392,,,2Y
上海清算所城投债收益率曲线(AA-),到期,2026-02-27,2,2.0546,,,2Y
上海清算所城投债收益率曲线(AA-),到期,2026-02-28,2,2.0531,,,2Y
上海清算所城投债收益率曲线(AA-),到期,2026-03-02,2,2.0577,,,2Y
上海清算所城投债收益率曲线(AA-),到期,2026-03-03,2,2.0494,,,2Y
上海清算所城投债收益率曲线(AA-),到期,2026-03-04,2,2.0487,,,2Y
上海清算所城投债收益率曲线(AA-),到期,2026-03-05,2,2.0183,,,2Y
上海清算所城投债收益率曲线(AA-),到期,2026-02-03,3,2.3157,,,3Y
上海清算所城投债收益率曲线(AA-),到期,2026-02-04,3,2.3141,,,3Y
上海清算所城投债收益率曲线(AA-),到期,2026-02-05,3,2.3252,,,3Y
上海清算所城投债收益率曲线(AA-),到期,2026-02-06,3,2.3228,,,3Y
上海清算所城投债收益率曲线(AA-),到期,2026-02-09,3,2.2809,,,3Y
上海清算所城投债收益率曲线(AA-),到期,2026-02-10,3,2.2901,,,3Y
上海清算所城投债收益率曲线(AA-),到期,2026-02-11,3,2.2621,,,3Y
上海清算所城投债收益率曲线(AA-),到期,2026-02-12,3,2.2721,,,3Y
上海清算所城投债收益率曲线(AA-),到期,2026-02-13,3,2.2521,,,3Y
上海清算所城投债收益率曲线(AA-),到期,2026-02-14,3,2.2527,,,3Y
上海清算所城投债收益率曲线(AA-),到期,2026-02-24,3,2.2183,,,3Y
上海清算所城投债收益率曲线(AA-),到期,2026-02-25,3,2.223,,,3Y
上海清算所城投债收益率曲线(AA-),到期,2026-02-26,3,2.2299,,,3Y
上海清算所城投债收益率曲线(AA-),到期,2026-02-27,3,2.235,,,3Y
上海清算所城投债收益率曲线(AA-),到期,2026-02-28,3,2.2325,,,3Y
上海清算所城投债收益率曲线(AA-),到期,2026-03-02,3,2.255,,,3Y
上海清算所城投债收益率曲线(AA-),到期,2026-03-03,3,2.255,,,3Y
上海清算所城投债收益率曲线(AA-),到期,2026-03-04,3,2.2621,,,3Y
上海清算所城投债收益率曲线(AA-),到期,2026-03-05,3,2.2575,,,3Y
上海清算所城投债收益率曲线(AA-),到期,2026-02-03,4,2.6485,,,4Y
上海清算所城投债收益率曲线(AA-),到期,2026-02-04,4,2.6256,,,4Y
上海清算所城投债收益率曲线(AA-),到期,2026-02-05,4,2.6599,,,4Y
上海清算所城投债收益率曲线(AA-),到期,2026-02-06,4,2.6682,,,4Y
上海清算所城投债收益率曲线(AA-),到期,2026-02-09,4,2.62,,,4Y
上海清算所城投债收益率曲线(AA-),到期,2026-02-10,4,2.6138,,,4Y
上海清算所城投债收益率曲线(AA-),到期,2026-02-11,4,2.5874,,,4Y
上海清算所城投债收益率曲线(AA-),到期,2026-02-12,4,2.5776,,,4Y
上海清算所城投债收益率曲线(AA-),到期,2026-02-13,4,2.5729,,,4Y
上海清算所城投债收益率曲线(AA-),到期,2026-02-14,4,2.5765,,,4Y
上海清算所城投债收益率曲线(AA-),到期,2026-02-24,4,2.5488,,,4Y
上海清算所城投债收益率曲线(AA-),到期,2026-02-25,4,2.5711,,,4Y
上海清算所城投债收益率曲线(AA-),到期,2026-02-26,4,2.5795,,,4Y
上海清算所城投债收益率曲线(AA-),到期,2026-02-27,4,2.5952,,,4Y
上海清算所城投债收益率曲线(AA-),到期,2026-02-28,4,2.5896,,,4Y
上海清算所城投债收益率曲线(AA-),到期,2026-03-02,4,2.5457,,,4Y
上海清算所城投债收益率曲线(AA-),到期,2026-03-03,4,2.537,,,4Y
上海清算所城投债收益率曲线(AA-),到期,2026-03-04,4,2.5108,,,4Y
上海清算所城投债收益率曲线(AA-),到期,2026-03-05,4,2.4815,,,4Y
上海清算所城投债收益率曲线(AA-),到期,2026-02-03,5,2.8356,,,5Y
上海清算所城投债收益率曲线(AA-),到期,2026-02-04,5,2.8663,,,5Y
上海清算所城投债收益率曲线(AA-),到期,2026-02-05,5,2.8813,,,5Y
上海清算所城投债收益率曲线(AA-),到期,2026-02-06,5,2.8548,,,5Y
上海清算所城投债收益率曲线(AA-),到期,2026-02-09,5,2.8063,,,5Y
上海清算所城投债收益率曲线(AA-),到期,2026-02-10,5,2.7951,,,5Y
上海清算所城投债收益率曲线(AA-),到期,2026-02-11,5,2.7833,,,5Y
上海清算所城投债收益率曲线(AA-),到期,2026-02-12,5,2.7801,,,5Y
上海清算所城投债收益率曲线(AA-),到期,2026-02-13,5,2.765,,,5Y
上海清算所城投债收益率曲线(AA-),到期,2026-02-14,5,2.7569,,,5Y
上海清算所城投债收益率曲线(AA-),到期,2026-02-24,5,2.7709,,,5Y
上海清算所城投债收益率曲线(AA-),到期,2026-02-25,5,2.7566,,,5Y
上海清算所城投债收益率曲线(AA-),到期,2026-02-26,5,2.7666,,,5Y
上海清算所城投债收益率曲线(AA-),到期,2026-02-27,5,2.7708,,,5Y
上海清算所城投债收益率曲线(AA-),到期,2026-02-28,5,2.7628,,,5Y
上海清算所城投债收益率曲线(AA-),到期,2026-03-02,5,2.7871,,,5Y
上海清算所城投债收益率曲线(AA-),到期,2026-03-03,5,2.7821,,,5Y
上海清算所城投债收益率曲线(AA-),到期,2026-03-04,5,2.7576,,,5Y
上海清算所城投债收益率曲线(AA-),到期,2026-03-05,5,2.7739,,,5Y
上海清算所城投债收益率曲线(AA-),到期,2026-02-03,6,3.4281,,,6Y
上海清算所城投债收益率曲线(AA-),到期,2026-02-04,6,3.458,,,6Y
上海清算所城投债收益率曲线(AA-),到期,2026-02-05,6,3.4631,,,6Y
上海清算所城投债收益率曲线(AA-),到期,2026-02-06,6,3.4384,,,6Y
上海清算所城投债收益率曲线(AA-),到期,2026-02-09,6,3.4121,,,6Y
上海清算所城投债收益率曲线(AA-),到期,2026-02-10,6,3.4151,,,6Y
上海清算所城投债收益率曲线(AA-),到期,2026-02-11,6,3.4111,,,6Y
上海清算所城投债收益率曲线(AA-),到期,2026-02-12,6,3.4121,,,6Y
上海清算所城投债收益率曲线(AA-),到期,2026-02-13,6,3.4046,,,6Y
上海清算所城投债收益率曲线(AA-),到期,2026-02-14,6,3.3925,,,6Y
上海清算所城投债收益率曲线(AA-),到期,2026-02-24,6,3.3969,,,6Y
上海清算所城投债收益率曲线(AA-),到期,2026-02-25,6,3.4004,,,6Y
上海清算所城投债收益率曲线(AA-),到期,2026-02-26,6,3.4156,,,6Y
上海清算所城投债收益率曲线(AA-),到期,2026-02-27,6,3.3947,,,6Y
上海清算所城投债收益率曲线(AA-),到期,2026-02-28,6,3.3883,,,6Y
上海清算所城投债收益率曲线(AA-),到期,2026-03-02,6,3.3487,,,6Y
上海清算所城投债收益率曲线(AA-),到期,2026-03-03,6,3.3404,,,6Y
上海清算所城投债收益率曲线(AA-),到期,2026-03-04,6,3.3445,,,6Y
上海清算所城投债收益率曲线(AA-),到期,2026-03-05,6,3.3352,,,6Y
上海清算所城投债收益率曲线(AA-),到期,2026-02-03,7,3.6763,,,7Y
上海清算所城投债收益率曲线(AA-),到期,2026-02-04,7,3.685,,,7Y
上海清算所城投债收益率曲线(AA-),到期,2026-02-05,7,3.6954,,,7Y
上海清算所城投债收益率曲线(AA-),到期,2026-02-06,7,3.6954,,,7Y
上海清算所城投债收益率曲线(AA-),到期,2026-02-09,7,3.6908,,,7Y
上海清算所城投债收益率曲线(AA-),到期,2026-02-10,7,3.6897,,,7Y
上海清算所城投债收益率曲线(AA-),到期,2026-02-11,7,3.6947,,,7Y
上海清算所城投债收益率曲线(AA-),到期,2026-02-12,7,3.6573,,,7Y
上海清算所城投债收益率曲线(AA-),到期,2026-02-13,7,3.6484,,,7Y
上海清算所城投债收益率曲线(AA-),到期,2026-02-14,7,3.6372,,,7Y
上海清算所城投债收益率曲线(AA-),到期,2026-02-24,7,3.6372,,,7Y
上海清算所城投债收益率曲线(AA-),到期,2026-02-25,7,3.6398,,,7Y
上海清算所城投债收益率曲线(AA-),到期,2026-02-26,7,3.6584,,,7Y
上海清算所城投债收益率曲线(AA-),到期,2026-02-27,7,3.6651,,,7Y
上海清算所城投债收益率曲线(AA-),到期,2026-02-28,7,3.6598,,,7Y
上海清算所城投债收益率曲线(AA-),到期,2026-03-02,7,3.6722,,,7Y
上海清算所城投债收益率曲线(AA-),到期,2026-03-03,7,3.6623,,,7Y
上海清算所城投债收益率曲线(AA-),到期,2026-03-04,7,3.6616,,,7Y
上海清算所城投债收益率曲线(AA-),到期,2026-03-05,7,3.6334,,,7Y
上海清算所城投债收益率曲线(AA-),到期,2026-02-03,8,3.7901,,,8Y
上海清算所城投债收益率曲线(AA-),到期,2026-02-04,8,3.7909,,,8Y
上海清算所城投债收益率曲线(AA-),到期,2026-02-05,8,3.793,,,8Y
上海清算所城投债收益率曲线(AA-),到期,2026-02-06,8,3.7943,,,8Y
上海清算所城投债收益率曲线(AA-),到期,2026-02-09,8,3.7852,,,8Y
上海清算所城投债收益率曲线(AA-),到期,2026-02-10,8,3.7801,,,8Y
上海清算所城投债收益率曲线(AA-),到期,2026-02-11,8,3.7566,,,8Y
上海清算所城投债收益率曲线(AA-),到期,2026-02-12,8,3.7515,,,8Y
上海清算所城投债收益率曲线(AA-),到期,2026-02-13,8,3.7758,,,8Y
上海清算所城投债收益率曲线(AA-),到期,2026-02-14,8,3.7677,,,8Y
上海清算所城投债收益率曲线(AA-),到期,2026-02-24,8,3.7647,,,8Y
上海清算所城投债收益率曲线(AA-),到期,2026-02-25,8,3.7643,,,8Y
上海清算所城投债收益率曲线(AA-),到期,2026-02-26,8,3.7809,,,8Y
上海清算所城投债收益率曲线(AA-),到期,2026-02-27,8,3.7998,,,8Y
上海清算所城投债收益率曲线(AA-),到期,2026-02-28,8,3.7925,,,8Y
上海清算所城投债收益率曲线(AA-),到期,2026-03-02,8,3.7591,,,8Y
上海清算所城投债收益率曲线(AA-),到期,2026-03-03,8,3.7511,,,8Y
上海清算所城投债收益率曲线(AA-),到期,2026-03-04,8,3.7464,,,8Y
上海清算所城投债收益率曲线(AA-),到期,2026-03-05,8,3.7478,,,8Y
上海清算所城投债收益率曲线(AA-),到期,2026-02-03,9,3.8633,,,9Y
上海清算所城投债收益率曲线(AA-),到期,2026-02-04,9,3.8744,,,9Y
上海清算所城投债收益率曲线(AA-),到期,2026-02-05,9,3.8831,,,9Y
上海清算所城投债收益率曲线(AA-),到期,2026-02-06,9,3.8866,,,9Y
上海清算所城投债收益率曲线(AA-),到期,2026-02-09,9,3.8625,,,9Y
上海清算所城投债收益率曲线(AA-),到期,2026-02-10,9,3.854,,,9Y
上海清算所城投债收益率曲线(AA-),到期,2026-02-11,9,3.85,,,9Y
上海清算所城投债收益率曲线(AA-),到期,2026-02-12,9,3.8213,,,9Y
上海清算所城投债收益率曲线(AA-),到期,2026-02-13,9,3.8147,,,9Y
上海清算所城投债收益率曲线(AA-),到期,2026-02-14,9,3.7946,,,9Y
上海清算所城投债收益率曲线(AA-),到期,2026-02-24,9,3.8054,,,9Y
上海清算所城投债收益率曲线(AA-),到期,2026-02-25,9,3.8106,,,9Y
上海清算所城投债收益率曲线(AA-),到期,2026-02-26,9,3.8231,,,9Y
上海清算所城投债收益率曲线(AA-),到期,2026-02-27,9,3.8164,,,9Y
上海清算所城投债收益率曲线(AA-),到期,2026-02-28,9,3.8064,,,9Y
上海清算所城投债收益率曲线(AA-),到期,2026-03-02,9,3.8441,,,9Y
上海清算所城投债收益率曲线(AA-),到期,2026-03-03,9,3.8499,,,9Y
上海清算所城投债收益率曲线(AA-),到期,2026-03-04,9,3.8264,,,9Y
上海清算所城投债收益率曲线(AA-),到期,2026-03-05,9,3.8397,,,9Y
上海清算所城投债收益率曲线(AA-),远期的即期,2026-02-03,0,4.3238,1,14,14Y
上海清算所城投债收益率曲线(AA-),远期的即期,2026-02-03,0,4.3122,1,13,13Y
上海清算所城投债收益率曲线(AA-),远期的即期,2026-02-03,0,4.3187,1,12,12Y
上海清算所城投债收益率曲线(AA-),远期的即期,2026-02-03,0,4.2986,1,11,11Y
上海清算所城投债收益率曲线(AA-),远期的即期,2026-02-03,0,4.28,1,10,10Y
上海清算所城投债收益率曲线(AA-),远期的即期,2026-02-03,0,4.2902,1,9,9Y
上海清算所城投债收益率曲线(AA-),远期的即期,2026-02-03,0,4.2491,1,8,8Y
上海清算所城投债收益率曲线(AA-),远期的即期,2026-02-03,0,4.2008,1,7,7Y
上海清算所城投债收益率曲线(AA-),远期的即期,2026-02-03,0,4.1091,1,6,6Y
上海清算所城投债收益率曲线(AA-),远期的即期,2026-02-03,0,3.8465,1,5,5Y
上海清算所城投债收益率曲线(AA-),远期的即期,2026-02-03,0,3.118,1,4,4Y
上海清算所城投债收益率曲线(AA-),远期的即期,2026-02-03,0,2.9417,1,3,3Y
上海清算所城投债收益率曲线(AA-),远期的即期,2026-02-03,0,2.559,1,2,2Y
上海清算所城投债收益率曲线(AA-),远期的即期,2026-02-03,0,2.3494,1,1,1Y
上海清算所城投债收益率曲线(AA-),远期的即期,2026-02-03,0,4.4772,2,13,13Y
上海清算所城投债收益率曲线(AA-),远期的即期,2026-02-03,0,4.4775,2,12,12Y
上海清算所城投债收益率曲线(AA-),远期的即期,2026-02-03,0,4.4996,2,11,11Y
上海清算所城投债收益率曲线(AA-),远期的即期,2026-02-03,0,4.4955,2,10,10Y
上海清算所城投债收益率曲线(AA-),远期的即期,2026-02-03,0,4.4968,2,9,9Y
上海清算所城投债收益率曲线(AA-),远期的即期,2026-02-03,0,4.5354,2,8,8Y
上海清算所城投债收益率曲线(AA-),远期的即期,2026-02-03,0,4.5233,2,7,7Y
上海清算所城投债收益率曲线(AA-),远期的即期,2026-02-03,0,4.5126,2,6,6Y
上海清算所城投债收益率曲线(AA-),远期的即期,2026-02-03,0,4.4647,2,5,5Y
上海清算所城投债收益率曲线(AA-),远期的即期,2026-02-03,0,4.2241,2,4,4Y
上海清算所城投债收益率曲线(AA-),远期的即期,2026-02-03,0,3.3755,2,3,3Y
上海清算所城投债收益率曲线(AA-),远期的即期,2026-02-03,0,3.2391,2,2,2Y
上海清算所城投债收益率曲线(AA-),远期的即期,2026-02-03,0,2.769,2,1,1Y
上海清算所城投债收益率曲线(AA-),远期的即期,2026-02-03,0,4.6209,3,12,12Y
上海清算所城投债收益率曲线(AA-),远期的即期,2026-02-03,0,4.6342,3,11,11Y
上海清算所城投债收益率曲线(AA-),远期的即期,2026-02-03,0,4.6742,3,10,10Y
上海清算所城投债收益率曲线(AA-),远期的即期,2026-02-03,0,4.6891,3,9,9Y
上海清算所城投债收益率曲线(AA-),远期的即期,2026-02-03,0,4.7148,3,8,8Y
上海清算所城投债收益率曲线(AA-),远期的即期,2026-02-03,0,4.7902,3,7,7Y
上海清算所城投债收益率曲线(AA-),远期的即期,2026-02-03,0,4.8186,3,6,6Y
上海清算所城投债收益率曲线(AA-),远期的即期,2026-02-03,0,4.8649,3,5,5Y
上海清算所城投债收益率曲线(AA-),远期的即期,2026-02-03,0,4.893,3,4,4Y
上海清算所城投债收益率曲线(AA-),远期的即期,2026-02-03,0,4.7137,3,3,3Y
上海清算所城投债收益率曲线(AA-),远期的即期,2026-02-03,0,3.6801,3,2,2Y
上海清算所城投债收益率曲线(AA-),远期的即期,2026-02-03,0,3.7114,3,1,1Y
上海清算所城投债收益率曲线(AA-),远期的即期,2026-02-03,0,4.7039,4,11,11Y
上海清算所城投债收益率曲线(AA-),远期的即期,2026-02-03,0,4.7269,4,10,10Y
上海清算所城投债收益率曲线(AA-),远期的即期,2026-02-03,0,4.7818,4,9,9Y
上海清算所城投债收益率曲线(AA-),远期的即期,2026-02-03,0,4.812,4,8,8Y
上海清算所城投债收益率曲线(AA-),远期的即期,2026-02-03,0,4.8589,4,7,7Y
上海清算所城投债收益率曲线(AA-),远期的即期,2026-02-03,0,4.971,4,6,6Y
上海清算所城投债收益率曲线(AA-),远期的即期,2026-02-03,0,5.0415,4,5,5Y
上海清算所城投债收益率曲线(AA-),远期的即期,2026-02-03,0,5.1553,4,4,4Y
上海清算所城投债收益率曲线(AA-),远期的即期,2026-02-03,0,5.2898,4,3,3Y
上海清算所城投债收益率曲线(AA-),远期的即期,2026-02-03,0,5.2185,4,2,2Y
上海清算所城投债收益率曲线(AA-),远期的即期,2026-02-03,0,3.6489,4,1,1Y
上海清算所城投债收益率曲线(AA-),远期的即期,2026-02-03,0,4.81,5,10,10Y
上海清算所城投债收益率曲线(AA-),远期的即期,2026-02-03,0,4.8474,5,9,9Y
上海清算所城投债收益率曲线(AA-),远期的即期,2026-02-03,0,4.9242,5,8,8Y
上海清算所城投债收益率曲线(AA-),远期的即期,2026-02-03,0,4.9792,5,7,7Y
上海清算所城投债收益率曲线(AA-),远期的即期,2026-02-03,0,5.0619,5,6,6Y
上海清算所城投债收益率曲线(AA-),远期的即期,2026-02-03,0,5.2375,5,5,5Y
上海清算所城投债收益率曲线(AA-),远期的即期,2026-02-03,0,5.3925,5,4,4Y
上海清算所城投债收益率曲线(AA-),远期的即期,2026-02-03,0,5.6623,5,3,3Y
上海清算所城投债收益率曲线(AA-),远期的即期,2026-02-03,0,6.12,5,2,2Y
上海清算所城投债收益率曲线(AA-),远期的即期,2026-02-03,0,6.8119,5,1,1Y
上海清算所城投债收益率曲线(AA-),远期的即期,2026-02-03,0,4.5899,6,9,9Y
上海清算所城投债收益率曲线(AA-),远期的即期,2026-02-03,0,4.6044,6,8,8Y
上海清算所城投债收益率曲线(AA-),远期的即期,2026-02-03,0,4.6573,6,7,7Y
上海清算所城投债收益率曲线(AA-),远期的即期,2026-02-03,0,4.6768,6,6,6Y
上海清算所城投债收益率曲线(AA-),远期的即期,2026-02-03,0,4.7154,6,5,5Y
上海清算所城投债收益率曲线(AA-),远期的即期,2026-02-03,0,4.8475,6,4,4Y
上海清算所城投债收益率曲线(AA-),远期的即期,2026-02-03,0,4.9236,6,3,3Y
上海清算所城投债收益率曲线(AA-),远期的即期,2026-02-03,0,5.0921,6,2,2Y
上海清算所城投债收益率曲线(AA-),远期的即期,2026-02-03,0,5.4325,6,1,1Y
上海清算所城投债收益率曲线(AA-),远期的即期,2026-02-03,0,4.4851,7,8,8Y
上海清算所城投债收益率曲线(AA-),远期的即期,2026-02-03,0,4.4866,7,7,7Y
上海清算所城投债收益率曲线(AA-),远期的即期,2026-02-03,0,4.5287,7,6,6Y
上海清算所城投债收益率曲线(AA-),远期的即期,2026-02-03,0,4.5263,7,5,5Y
上海清算所城投债收益率曲线(AA-),远期的即期,2026-02-03,0,4.5369,7,4,4Y
上海清算所城投债收益率曲线(AA-),远期的即期,2026-02-03,0,4.6532,7,3,3Y
上海清算所城投债收益率曲线(AA-),远期的即期,2026-02-03,0,4.6701,7,2,2Y
上海清算所城投债收益率曲线(AA-),远期的即期,2026-02-03,0,4.7528,7,1,1Y
上海清算所城投债收益率曲线(AA-),远期的即期,2026-02-03,0,4.4469,8,7,7Y
上海清算所城投债收益率曲线(AA-),远期的即期,2026-02-03,0,4.4423,8,6,6Y
上海清算所城投债收益率曲线(AA-),远期的即期,2026-02-03,0,4.4839,8,5,5Y
上海清算所城投债收益率曲线(AA-),远期的即期,2026-02-03,0,4.4698,8,4,4Y
上海清算所城投债收益率曲线(AA-),远期的即期,2026-02-03,0,4.465,8,3,3Y
上海清算所城投债收益率曲线(AA-),远期的即期,2026-02-03,0,4.6035,8,2,2Y
上海清算所城投债收益率曲线(AA-),远期的即期,2026-02-03,0,4.5875,8,1,1Y
上海清算所城投债收益率曲线(AA-),远期的即期,2026-02-03,0,4.4235,9,6,6Y
上海清算所城投债收益率曲线(AA-),远期的即期,2026-02-03,0,4.4133,9,5,5Y
上海清算所城投债收益率曲线(AA-),远期的即期,2026-02-03,0,4.458,9,4,4Y
上海清算所城投债收益率曲线(AA-),远期的即期,2026-02-03,0,4.4306,9,3,3Y
上海清算所城投债收益率曲线(AA-),远期的即期,2026-02-03,0,4.4039,9,2,2Y
上海清算所城投债收益率曲线(AA-),远期的即期,2026-02-03,0,4.6195,9,1,1Y
上海清算所城投债收益率曲线(AA-),远期的即期,2026-02-03,0,4.3843,10,5,5Y
上海清算所城投债收益率曲线(AA-),远期的即期,2026-02-03,0,4.3618,10,4,4Y
上海清算所城投债收益率曲线(AA-),远期的即期,2026-02-03,0,4.4043,10,3,3Y
上海清算所城投债收益率曲线(AA-),远期的即期,2026-02-03,0,4.3363,10,2,2Y
上海清算所城投债收益率曲线(AA-),远期的即期,2026-02-03,0,4.1887,10,1,1Y
上海清算所城投债收益率曲线(AA-),远期的即期,2026-02-03,0,4.4333,11,4,4Y
上海清算所城投债收益率曲线(AA-),远期的即期,2026-02-03,0,4.4196,11,3,3Y
上海清算所城投债收益率曲线(AA-),远期的即期,2026-02-03,0,4.5122,11,2,2Y
上海清算所城投债收益率曲线(AA-),远期的即期,2026-02-03,0,4.4841,11,1,1Y
上海清算所城投债收益率曲线(AA-),远期的即期,2026-02-03,0,4.4164,12,3,3Y
上海清算所城投债收益率曲线(AA-),远期的即期,2026-02-03,0,4.3873,12,2,2Y
上海清算所城投债收益率曲线(AA-),远期的即期,2026-02-03,0,4.5403,12,1,1Y
上海清算所城投债收益率曲线(AA-),远期的即期,2026-02-03,0,4.3544,13,2,2Y
上海清算所城投债收益率曲线(AA-),远期的即期,2026-02-03,0,4.2346,13,1,1Y
上海清算所城投债收益率曲线(AA-),远期的即期,2026-02-03,0,4.4744,14,1,1Y
上海清算所城投债收益率曲线(AA-),远期的即期,2026-02-04,0,4.3535,1,14,14Y
上海清算所城投债收益率曲线(AA-),远期的即期,2026-02-04,0,4.3356,1,13,13Y
上海清算所城投债收益率曲线(AA-),远期的即期,2026-02-04,0,4.3209,1,12,12Y
上海清算所城投债收益率曲线(AA-),远期的即期,2026-02-04,0,4.3086,1,11,11Y
上海清算所城投债收益率曲线(AA-),远期的即期,2026-02-04,0,4.2958,1,10,10Y
上海清算所城投债收益率曲线(AA-),远期的即期,2026-02-04,0,4.2795,1,9,9Y
上海清算所城投债收益率曲线(AA-),远期的即期,2026-02-04,0,4.2618,1,8,8Y
上海清算所城投债收益率曲线(AA-),远期的即期,2026-02-04,0,4.1992,1,7,7Y
上海清算所城投债收益率曲线(AA-),远期的即期,2026-02-04,0,4.1182,1,6,6Y
上海清算所城投债收益率曲线(AA-),远期的即期,2026-02-04,0,3.8851,1,5,5Y
上海清算所城投债收益率曲线(AA-),远期的即期,2026-02-04,0,3.1584,1,4,4Y
上海清算所城投债收益率曲线(AA-),远期的即期,2026-02-04,0,2.9076,1,3,3Y
上海清算所城投债收益率曲线(AA-),远期的即期,2026-02-04,0,2.5534,1,2,2Y
上海清算所城投债收益率曲线(AA-),远期的即期,2026-02-04,0,2.3374,1,1,1Y
上海清算所城投债收益率曲线(AA-),远期的即期,2026-02-04,0,4.5102,2,13,13Y
上海清算所城投债收益率曲线(AA-),远期的即期,2026-02-04,0,4.5039,2,12,12Y
上海清算所城投债收益率曲线(AA-),远期的即期,2026-02-04,0,4.5031,2,11,11Y
上海清算所城投债收益率曲线(AA-),远期的即期,2026-02-04,0,4.5078,2,10,10Y
上海清算所城投债收益率曲线(AA-),远期的即期,2026-02-04,0,4.5157,2,9,9Y
上海清算所城投债收益率曲线(AA-),远期的即期,2026-02-04,0,4.5249,2,8,8Y
上海清算所城投债收益率曲线(AA-),远期的即期,2026-02-04,0,4.5396,2,7,7Y
上海清算所城投债收益率曲线(AA-),远期的即期,2026-02-04,0,4.5127,2,6,6Y
上海清算所城投债收益率曲线(AA-),远期的即期,2026-02-04,0,4.478,2,5,5Y
上海清算所城投债收益率曲线(AA-),远期的即期,2026-02-04,0,4.2756,2,4,4Y
上海清算所城投债收益率曲线(AA-),远期的即期,2026-02-04,0,3.4335,2,3,3Y
上海清算所城投债收益率曲线(AA-),远期的即期,2026-02-04,0,3.1939,2,2,2Y
上海清算所城投债收益率曲线(AA-),远期的即期,2026-02-04,0,2.7699,2,1,1Y
上海清算所城投债收益率曲线(AA-),远期的即期,2026-02-04,0,4.6565,3,12,12Y
上海清算所城投债收益率曲线(AA-),远期的即期,2026-02-04,0,4.663,3,11,11Y
上海清算所城投债收益率曲线(AA-),远期的即期,2026-02-04,0,4.678,3,10,10Y
上海清算所城投债收益率曲线(AA-),远期的即期,2026-02-04,0,4.7027,3,9,9Y
上海清算所城投债收益率曲线(AA-),远期的即期,2026-02-04,0,4.736,3,8,8Y
上海清算所城投债收益率曲线(AA-),远期的即期,2026-02-04,0,4.778,3,7,7Y
上海清算所城投债收益率曲线(AA-),远期的即期,2026-02-04,0,4.8375,3,6,6Y
上海清算所城投债收益率曲线(AA-),远期的即期,2026-02-04,0,4.8648,3,5,5Y
上海清算所城投债收益率曲线(AA-),远期的即期,2026-02-04,0,4.9095,3,4,4Y
上海清算所城投债收益率曲线(AA-),远期的即期,2026-02-04,0,4.7824,3,3,3Y
上海清算所城投债收益率曲线(AA-),远期的即期,2026-02-04,0,3.7669,3,2,2Y
上海清算所城投债收益率曲线(AA-),远期的即期,2026-02-04,0,3.6196,3,1,1Y
上海清算所城投债收益率曲线(AA-),远期的即期,2026-02-04,0,4.7513,4,11,11Y
上海清算所城投债收益率曲线(AA-),远期的即期,2026-02-04,0,4.7679,4,10,10Y
上海清算所城投债收益率曲线(AA-),远期的即期,2026-02-04,0,4.7963,4,9,9Y
上海清算所城投债收益率曲线(AA-),远期的即期,2026-02-04,0,4.8389,4,8,8Y
上海清算所城投债收益率曲线(AA-),远期的即期,2026-02-04,0,4.8965,4,7,7Y
上海清算所城投债收益率曲线(AA-),远期的即期,2026-02-04,0,4.9723,4,6,6Y
上海清算所城投债收益率曲线(AA-),远期的即期,2026-02-04,0,5.0828,4,5,5Y
上海清算所城投债收益率曲线(AA-),远期的即期,2026-02-04,0,5.1785,4,4,4Y
上海清算所城投债收益率曲线(AA-),远期的即期,2026-02-04,0,5.343,4,3,3Y
上海清算所城投债收益率曲线(AA-),远期的即期,2026-02-04,0,5.3688,4,2,2Y
上海清算所城投债收益率曲线(AA-),远期的即期,2026-02-04,0,3.9145,4,1,1Y
上海清算所城投债收益率曲线(AA-),远期的即期,2026-02-04,0,4.8354,5,10,10Y
上海清算所城投债收益率曲线(AA-),远期的即期,2026-02-04,0,4.8631,5,9,9Y
上海清算所城投债收益率曲线(AA-),远期的即期,2026-02-04,0,4.907,5,8,8Y
上海清算所城投债收益率曲线(AA-),远期的即期,2026-02-04,0,4.9716,5,7,7Y
上海清算所城投债收益率曲线(AA-),远期的即期,2026-02-04,0,5.061,5,6,6Y
上海清算所城投债收益率曲线(AA-),远期的即期,2026-02-04,0,5.1852,5,5,5Y
上海清算所城投债收益率曲线(AA-),远期的即期,2026-02-04,0,5.3769,5,4,4Y
上海清算所城投债收益率曲线(AA-),远期的即期,2026-02-04,0,5.6032,5,3,3Y
上海清算所城投债收益率曲线(AA-),远期的即期,2026-02-04,0,6.0646,5,2,2Y
上海清算所城投债收益率曲线(AA-),远期的即期,2026-02-04,0,6.8433,5,1,1Y
上海清算所城投债收益率曲线(AA-),远期的即期,2026-02-04,0,4.6146,6,9,9Y
上海清算所城投债收益率曲线(AA-),远期的即期,2026-02-04,0,4.6182,6,8,8Y
上海清算所城投债收益率曲线(AA-),远期的即期,2026-02-04,0,4.6333,6,7,7Y
上海清算所城投债收益率曲线(AA-),远期的即期,2026-02-04,0,4.6628,6,6,6Y
上海清算所城投债收益率曲线(AA-),远期的即期,2026-02-04,0,4.7081,6,5,5Y
上海清算所城投债收益率曲线(AA-),远期的即期,2026-02-04,0,4.7747,6,4,4Y
上海清算所城投债收益率曲线(AA-),远期的即期,2026-02-04,0,4.8926,6,3,3Y
上海清算所城投债收益率曲线(AA-),远期的即期,2026-02-04,0,4.9885,6,2,2Y
上海清算所城投债收益率曲线(AA-),远期的即期,2026-02-04,0,5.2915,6,1,1Y
上海清算所城投债收益率曲线(AA-),远期的即期,2026-02-04,0,4.5303,7,8,8Y
上海清算所城投债收益率曲线(AA-),远期的即期,2026-02-04,0,4.5224,7,7,7Y
上海清算所城投债收益率曲线(AA-),远期的即期,2026-02-04,0,4.524,7,6,6Y
上海清算所城投债收益率曲线(AA-),远期的即期,2026-02-04,0,4.5376,7,5,5Y
上海清算所城投债收益率曲线(AA-),远期的即期,2026-02-04,0,4.5628,7,4,4Y
上海清算所城投债收益率曲线(AA-),远期的即期,2026-02-04,0,4.603,7,3,3Y
上海清算所城投债收益率曲线(AA-),远期的即期,2026-02-04,0,4.6937,7,2,2Y
上海清算所城投债收益率曲线(AA-),远期的即期,2026-02-04,0,4.6863,7,1,1Y
上海清算所城投债收益率曲线(AA-),远期的即期,2026-02-04,0,4.508,8,7,7Y
上海清算所城投债收益率曲线(AA-),远期的即期,2026-02-04,0,4.4951,8,6,6Y
上海清算所城投债收益率曲线(AA-),远期的即期,2026-02-04,0,4.4915,8,5,5Y
上海清算所城投债收益率曲线(AA-),远期的即期,2026-02-04,0,4.5004,8,4,4Y
上海清算所城投债收益率曲线(AA-),远期的即期,2026-02-04,0,4.5217,8,3,3Y
上海清算所城投债收益率曲线(AA-),远期的即期,2026-02-04,0,4.5613,8,2,2Y
上海清算所城投债收益率曲线(AA-),远期的即期,2026-02-04,0,4.7011,8,1,1Y
上海清算所城投债收益率曲线(AA-),远期的即期,2026-02-04,0,4.4759,9,6,6Y
上海清算所城投债收益率曲线(AA-),远期的即期,2026-02-04,0,4.4539,9,5,5Y
上海清算所城投债收益率曲线(AA-),远期的即期,2026-02-04,0,4.4392,9,4,4Y
上海清算所城投债收益率曲线(AA-),远期的即期,2026-02-04,0,4.4336,9,3,3Y
上海清算所城投债收益率曲线(AA-),远期的即期,2026-02-04,0,4.4321,9,2,2Y
上海清算所城投债收益率曲线(AA-),远期的即期,2026-02-04,0,4.4217,9,1,1Y
上海清算所城投债收益率曲线(AA-),远期的即期,2026-02-04,0,4.4867,10,5,5Y
上海清算所城投债收益率曲线(AA-),远期的即期,2026-02-04,0,4.462,10,4,4Y
上海清算所城投债收益率曲线(AA-),远期的即期,2026-02-04,0,4.4451,10,3,3Y
上海清算所城投债收益率曲线(AA-),远期的即期,2026-02-04,0,4.4396,10,2,2Y
上海清算所城投债收益率曲线(AA-),远期的即期,2026-02-04,0,4.4424,10,1,1Y
上海清算所城投债收益率曲线(AA-),远期的即期,2026-02-04,0,4.4978,11,4,4Y
上海清算所城投债收益率曲线(AA-),远期的即期,2026-02-04,0,4.4685,11,3,3Y
上海清算所城投债收益率曲线(AA-),远期的即期,2026-02-04,0,4.4464,11,2,2Y
上海清算所城投债收益率曲线(AA-),远期的即期,2026-02-04,0,4.4367,11,1,1Y
上海清算所城投债收益率曲线(AA-),远期的即期,2026-02-04,0,4.5182,12,3,3Y
上海清算所城投债收益率曲线(AA-),远期的即期,2026-02-04,0,4.4844,12,2,2Y
上海清算所城投债收益率曲线(AA-),远期的即期,2026-02-04,0,4.4561,12,1,1Y
上海清算所城投债收益率曲线(AA-),远期的即期,2026-02-04,0,4.5492,13,2,2Y
上海清算所城投债收益率曲线(AA-),远期的即期,2026-02-04,0,4.5127,13,1,1Y
上海清算所城投债收益率曲线(AA-),远期的即期,2026-02-04,0,4.5858,14,1,1Y
上海清算所城投债收益率曲线(AA-),远期的即期,2026-02-05,0,4.2993,1,14,14Y
上海清算所城投债收益率曲线(AA-),远期的即期,2026-02-05,0,4.3036,1,13,13Y
上海清算所城投债收益率曲线(AA-),远期的即期,2026-02-05,0,4.3102,1,12,12Y
上海清算所城投债收益率曲线(AA-),远期的即期,2026-02-05,0,4.3186,1,11,11Y
上海清算所城投债收益率曲线(AA-),远期的即期,2026-02-05,0,4.3232,1,10,10Y
上海清算所城投债收益率曲线(AA-),远期的即期,2026-02-05,0,4.3191,1,9,9Y
上海清算所城投债收益率曲线(AA-),远期的即期,2026-02-05,0,4.2716,1,8,8Y
上海清算所城投债收益率曲线(AA-),远期的即期,2026-02-05,0,4.1998,1,7,7Y
上海清算所城投债收益率曲线(AA-),远期的即期,2026-02-05,0,4.1303,1,6,6Y
上海清算所城投债收益率曲线(AA-),远期的即期,2026-02-05,0,3.89,1,5,5Y
上海清算所城投债收益率曲线(AA-),远期的即期,2026-02-05,0,3.1772,1,4,4Y
上海清算所城投债收益率曲线(AA-),远期的即期,2026-02-05,0,2.9552,1,3,3Y
上海清算所城投债收益率曲线(AA-),远期的即期,2026-02-05,0,2.5704,1,2,2Y
上海清算所城投债收益率曲线(AA-),远期的即期,2026-02-05,0,2.336,1,1,1Y
上海清算所城投债收益率曲线(AA-),远期的即期,2026-02-05,0,4.4518,2,13,13Y
上海清算所城投债收益率曲线(AA-),远期的即期,2026-02-05,0,4.4692,2,12,12Y
上海清算所城投债收益率曲线(AA-),远期的即期,2026-02-05,0,4.4915,2,11,11Y
上海清算所城投债收益率曲线(AA-),远期的即期,2026-02-05,0,4.519,2,10,10Y
上海清算所城投债收益率曲线(AA-),远期的即期,2026-02-05,0,4.5464,2,9,9Y
上海清算所城投债收益率曲线(AA-),远期的即期,2026-02-05,0,4.5697,2,8,8Y
上海清算所城投债收益率曲线(AA-),远期的即期,2026-02-05,0,4.551,2,7,7Y
上海清算所城投债收益率曲线(AA-),远期的即期,2026-02-05,0,4.5137,2,6,6Y
上海清算所城投债收益率曲线(AA-),远期的即期,2026-02-05,0,4.4929,2,5,5Y
上海清算所城投债收益率曲线(AA-),远期的即期,2026-02-05,0,4.2822,2,4,4Y
上海清算所城投债收益率曲线(AA-),远期的即期,2026-02-05,0,3.4591,2,3,3Y
上海清算所城投债收益率曲线(AA-),远期的即期,2026-02-05,0,3.2662,2,2,2Y
上海清算所城投债收益率曲线(AA-),远期的即期,2026-02-05,0,2.8053,2,1,1Y
上海清算所城投债收益率曲线(AA-),远期的即期,2026-02-05,0,4.5902,3,12,12Y
上海清算所城投债收益率曲线(AA-),远期的即期,2026-02-05,0,4.6218,3,11,11Y
上海清算所城投债收益率曲线(AA-),远期的即期,2026-02-05,0,4.6617,3,10,10Y
上海清算所城投债收益率曲线(AA-),远期的即期,2026-02-05,0,4.7111,3,9,9Y
上海清算所城投债收益率曲线(AA-),远期的即期,2026-02-05,0,4.7661,3,8,8Y
上海清算所城投债收益率曲线(AA-),远期的即期,2026-02-05,0,4.8242,3,7,7Y
上海清算所城投债收益率曲线(AA-),远期的即期,2026-02-05,0,4.8449,3,6,6Y
上海清算所城投债收益率曲线(AA-),远期的即期,2026-02-05,0,4.8588,3,5,5Y
上海清算所城投债收益率曲线(AA-),远期的即期,2026-02-05,0,4.9191,3,4,4Y
上海清算所城投债收益率曲线(AA-),远期的即期,2026-02-05,0,4.7792,3,3,3Y
上海清算所城投债收益率曲线(AA-),远期的即期,2026-02-05,0,3.7875,3,2,2Y
上海清算所城投债收益率曲线(AA-),远期的即期,2026-02-05,0,3.7293,3,1,1Y
上海清算所城投债收益率曲线(AA-),远期的即期,2026-02-05,0,4.6688,4,11,11Y
上海清算所城投债收益率曲线(AA-),远期的即期,2026-02-05,0,4.7115,4,10,10Y
上海清算所城投债收益率曲线(AA-),远期的即期,2026-02-05,0,4.7658,4,9,9Y
上海清算所城投债收益率曲线(AA-),远期的即期,2026-02-05,0,4.8345,4,8,8Y
上海清算所城投债收益率曲线(AA-),远期的即期,2026-02-05,0,4.9151,4,7,7Y
上海清算所城投债收益率曲线(AA-),远期的即期,2026-02-05,0,5.0078,4,6,6Y
上海清算所城投债收益率曲线(AA-),远期的即期,2026-02-05,0,5.0694,4,5,5Y
上海清算所城投债收益率曲线(AA-),远期的即期,2026-02-05,0,5.1431,4,4,4Y
上海清算所城投债收益率曲线(AA-),远期的即期,2026-02-05,0,5.3187,4,3,3Y
上海清算所城投债收益率曲线(AA-),远期的即期,2026-02-05,0,5.3081,4,2,2Y
上海清算所城投债收益率曲线(AA-),远期的即期,2026-02-05,0,3.8458,4,1,1Y
上海清算所城投债收益率曲线(AA-),远期的即期,2026-02-05,0,4.7515,5,10,10Y
上海清算所城投债收益率曲线(AA-),远期的即期,2026-02-05,0,4.8081,5,9,9Y
上海清算所城投债收益率曲线(AA-),远期的即期,2026-02-05,0,4.8814,5,8,8Y
上海清算所城投债收益率曲线(AA-),远期的即期,2026-02-05,0,4.9765,5,7,7Y
上海清算所城投债收益率曲线(AA-),远期的即期,2026-02-05,0,5.0944,5,6,6Y
上海清算所城投债收益率曲线(AA-),远期的即期,2026-02-05,0,5.2417,5,5,5Y
上海清算所城投债收益率曲线(AA-),远期的即期,2026-02-05,0,5.3776,5,4,4Y
上海清算所城投债收益率曲线(AA-),远期的即期,2026-02-05,0,5.5791,5,3,3Y
上海清算所城投债收益率曲线(AA-),远期的即期,2026-02-05,0,6.063,5,2,2Y
上海清算所城投债收益率曲线(AA-),远期的即期,2026-02-05,0,6.791,5,1,1Y
上海清算所城投债收益率曲线(AA-),远期的即期,2026-02-05,0,4.5273,6,9,9Y
上海清算所城投债收益率曲线(AA-),远期的即期,2026-02-05,0,4.5629,6,8,8Y
上海清算所城投债收益率曲线(AA-),远期的即期,2026-02-05,0,4.6114,6,7,7Y
上海清算所城投债收益率曲线(AA-),远期的即期,2026-02-05,0,4.6771,6,6,6Y
上海清算所城投债收益率曲线(AA-),远期的即期,2026-02-05,0,4.7583,6,5,5Y
上海清算所城投债收益率曲线(AA-),远期的即期,2026-02-05,0,4.8579,6,4,4Y
上海清算所城投债收益率曲线(AA-),远期的即期,2026-02-05,0,4.9106,6,3,3Y
上海清算所城投债收益率曲线(AA-),远期的即期,2026-02-05,0,4.9783,6,2,2Y
上海清算所城投债收益率曲线(AA-),远期的即期,2026-02-05,0,5.3398,6,1,1Y
上海清算所城投债收益率曲线(AA-),远期的即期,2026-02-05,0,4.4262,7,8,8Y
上海清算所城投债收益率曲线(AA-),远期的即期,2026-02-05,0,4.4523,7,7,7Y
上海清算所城投债收益率曲线(AA-),远期的即期,2026-02-05,0,4.4904,7,6,6Y
上海清算所城投债收益率曲线(AA-),远期的即期,2026-02-05,0,4.5451,7,5,5Y
上海清算所城投债收益率曲线(AA-),远期的即期,2026-02-05,0,4.6134,7,4,4Y
上海清算所城投债收益率曲线(AA-),远期的即期,2026-02-05,0,4.6978,7,3,3Y
上海清算所城投债收益率曲线(AA-),远期的即期,2026-02-05,0,4.6966,7,2,2Y
上海清算所城投债收益率曲线(AA-),远期的即期,2026-02-05,0,4.6179,7,1,1Y
上海清算所城投债收益率曲线(AA-),远期的即期,2026-02-05,0,4.3988,8,7,7Y
上海清算所城投债收益率曲线(AA-),远期的即期,2026-02-05,0,4.4248,8,6,6Y
上海清算所城投债收益率曲线(AA-),远期的即期,2026-02-05,0,4.465,8,5,5Y
上海清算所城投债收益率曲线(AA-),远期的即期,2026-02-05,0,4.5269,8,4,4Y
上海清算所城投债收益率曲线(AA-),远期的即期,2026-02-05,0,4.6119,8,3,3Y
上海清算所城投债收益率曲线(AA-),远期的即期,2026-02-05,0,4.7377,8,2,2Y
上海清算所城投债收益率曲线(AA-),远期的即期,2026-02-05,0,4.7754,8,1,1Y
上海清算所城投债收益率曲线(AA-),远期的即期,2026-02-05,0,4.3362,9,6,6Y
上海清算所城投债收益率曲线(AA-),远期的即期,2026-02-05,0,4.3548,9,5,5Y
上海清算所城投债收益率曲线(AA-),远期的即期,2026-02-05,0,4.3875,9,4,4Y
上海清算所城投债收益率曲线(AA-),远期的即期,2026-02-05,0,4.4442,9,3,3Y
上海清算所城投债收益率曲线(AA-),远期的即期,2026-02-05,0,4.5302,9,2,2Y
上海清算所城投债收益率曲线(AA-),远期的即期,2026-02-05,0,4.7001,9,1,1Y
上海清算所城投债收益率曲线(AA-),远期的即期,2026-02-05,0,4.2636,10,5,5Y
上海清算所城投债收益率曲线(AA-),远期的即期,2026-02-05,0,4.2687,10,4,4Y
上海清算所城投债收益率曲线(AA-),远期的即期,2026-02-05,0,4.2835,10,3,3Y
上海清算所城投债收益率曲线(AA-),远期的即期,2026-02-05,0,4.3165,10,2,2Y
上海清算所城投债收益率曲线(AA-),远期的即期,2026-02-05,0,4.3606,10,1,1Y
上海清算所城投债收益率曲线(AA-),远期的即期,2026-02-05,0,4.2393,11,4,4Y
上海清算所城投债收益率曲线(AA-),远期的即期,2026-02-05,0,4.238,11,3,3Y
上海清算所城投债收益率曲线(AA-),远期的即期,2026-02-05,0,4.245,11,2,2Y
上海清算所城投债收益率曲线(AA-),远期的即期,2026-02-05,0,4.2724,11,1,1Y
上海清算所城投债收益率曲线(AA-),远期的即期,2026-02-05,0,4.2283,12,3,3Y
上海清算所城投债收益率曲线(AA-),远期的即期,2026-02-05,0,4.2208,12,2,2Y
上海清算所城投债收益率曲线(AA-),远期的即期,2026-02-05,0,4.2176,12,1,1Y
上海清算所城投债收益率曲线(AA-),远期的即期,2026-02-05,0,4.2337,13,2,2Y
上海清算所城投债收益率曲线(AA-),远期的即期,2026-02-05,0,4.2241,13,1,1Y
上海清算所城投债收益率曲线(AA-),远期的即期,2026-02-05,0,4.2433,14,1,1Y
上海清算所城投债收益率曲线(AA-),远期的即期,2026-02-06,0,4.3043,1,14,14Y
上海清算所城投债收益率曲线(AA-),远期的即期,2026-02-06,0,4.3075,1,13,13Y
上海清算所城投债收益率曲线(AA-),远期的即期,2026-02-06,0,4.3153,1,12,12Y
上海清算所城投债收益率曲线(AA-),远期的即期,2026-02-06,0,4.3206,1,11,11Y
上海清算所城投债收益率曲线(AA-),远期的即期,2026-02-06,0,4.3072,1,10,10Y
上海清算所城投债收益率曲线(AA-),远期的即期,2026-02-06,0,4.3278,1,9,9Y
上海清算所城投债收益率曲线(AA-),远期的即期,2026-02-06,0,4.2771,1,8,8Y
上海清算所城投债收益率曲线(AA-),远期的即期,2026-02-06,0,4.2024,1,7,7Y
上海清算所城投债收益率曲线(AA-),远期的即期,2026-02-06,0,4.1312,1,6,6Y
上海清算所城投债收益率曲线(AA-),远期的即期,2026-02-06,0,3.8565,1,5,5Y
上海清算所城投债收益率曲线(AA-),远期的即期,2026-02-06,0,3.1401,1,4,4Y
上海清算所城投债收益率曲线(AA-),远期的即期,2026-02-06,0,2.9652,1,3,3Y
上海清算所城投债收益率曲线(AA-),远期的即期,2026-02-06,0,2.564,1,2,2Y
上海清算所城投债收益率曲线(AA-),远期的即期,2026-02-06,0,2.3166,1,1,1Y
上海清算所城投债收益率曲线(AA-),远期的即期,2026-02-06,0,4.4588,2,13,13Y
上海清算所城投债收益率曲线(AA-),远期的即期,2026-02-06,0,4.4752,2,12,12Y
上海清算所城投债收益率曲线(AA-),远期的即期,2026-02-06,0,4.4989,2,11,11Y
上海清算所城投债收益率曲线(AA-),远期的即期,2026-02-06,0,4.5232,2,10,10Y
上海清算所城投债收益率曲线(AA-),远期的即期,2026-02-06,0,4.5307,2,9,9Y
上海清算所城投债收益率曲线(AA-),远期的即期,2026-02-06,0,4.5819,2,8,8Y
上海清算所城投债收益率曲线(AA-),远期的即期,2026-02-06,0,4.5602,2,7,7Y
上海清算所城投债收益率曲线(AA-),远期的即期,2026-02-06,0,4.52,2,6,6Y
上海清算所城投债收益率曲线(AA-),远期的即期,2026-02-06,0,4.4979,2,5,5Y
上海清算所城投债收益率曲线(AA-),远期的即期,2026-02-06,0,4.245,2,4,4Y
上海清算所城投债收益率曲线(AA-),远期的即期,2026-02-06,0,3.416,2,3,3Y
上海清算所城投债收益率曲线(AA-),远期的即期,2026-02-06,0,3.291,2,2,2Y
上海清算所城投债收益率曲线(AA-),远期的即期,2026-02-06,0,2.812,2,1,1Y
上海清算所城投债收益率曲线(AA-),远期的即期,2026-02-06,0,4.5972,3,12,12Y
上海清算所城投债收益率曲线(AA-),远期的即期,2026-02-06,0,4.6277,3,11,11Y
上海清算所城投债收益率曲线(AA-),远期的即期,2026-02-06,0,4.6691,3,10,10Y
上海清算所城投债收益率曲线(AA-),远期的即期,2026-02-06,0,4.7151,3,9,9Y
上海清算所城投债收益率曲线(AA-),远期的即期,2026-02-06,0,4.7476,3,8,8Y
上海清算所城投债收益率曲线(AA-),远期的即期,2026-02-06,0,4.8372,3,7,7Y
上海清算所城投债收益率曲线(AA-),远期的即期,2026-02-06,0,4.8544,3,6,6Y
上海清算所城投债收益率曲线(AA-),远期的即期,2026-02-06,0,4.865,3,5,5Y
上海清算所城投债收益率曲线(AA-),远期的即期,2026-02-06,0,4.9237,3,4,4Y
上海清算所城投债收益率曲线(AA-),远期的即期,2026-02-06,0,4.7271,3,3,3Y
上海清算所城投债收益率曲线(AA-),远期的即期,2026-02-06,0,3.7193,3,2,2Y
上海清算所城投债收益率曲线(AA-),远期的即期,2026-02-06,0,3.7722,3,1,1Y
上海清算所城投债收益率曲线(AA-),远期的即期,2026-02-06,0,4.6725,4,11,11Y
上海清算所城投债收益率曲线(AA-),远期的即期,2026-02-06,0,4.7136,4,10,10Y
上海清算所城投债收益率曲线(AA-),远期的即期,2026-02-06,0,4.7693,4,9,9Y
上海清算所城投债收益率曲线(AA-),远期的即期,2026-02-06,0,4.8335,4,8,8Y
上海清算所城投债收益率曲线(AA-),远期的即期,2026-02-06,0,4.8877,4,7,7Y
上海清算所城投债收益率曲线(AA-),远期的即期,2026-02-06,0,5.0158,4,6,6Y
上海清算所城投债收益率曲线(AA-),远期的即期,2026-02-06,0,5.0722,4,5,5Y
上海清算所城投债收益率曲线(AA-),远期的即期,2026-02-06,0,5.14,4,4,4Y
上海清算所城投债收益率曲线(AA-),远期的即期,2026-02-06,0,5.3104,4,3,3Y
上海清算所城投债收益率曲线(AA-),远期的即期,2026-02-06,0,5.2079,4,2,2Y
上海清算所城投债收益率曲线(AA-),远期的即期,2026-02-06,0,3.6665,4,1,1Y
上海清算所城投债收益率曲线(AA-),远期的即期,2026-02-06,0,4.7737,5,10,10Y
上海清算所城投债收益率曲线(AA-),远期的即期,2026-02-06,0,4.8306,5,9,9Y
上海清算所城投债收益率曲线(AA-),远期的即期,2026-02-06,0,4.9079,5,8,8Y
上海清算所城投债收益率曲线(AA-),远期的即期,2026-02-06,0,5.0013,5,7,7Y
上海清算所城投债收益率曲线(AA-),远期的即期,2026-02-06,0,5.0926,5,6,6Y
上海清算所城投债收益率曲线(AA-),远期的即期,2026-02-06,0,5.2878,5,5,5Y
上海清算所城投债收益率曲线(AA-),远期的即期,2026-02-06,0,5.4266,5,4,4Y
上海清算所城投债收益率曲线(AA-),远期的即期,2026-02-06,0,5.6358,5,3,3Y
上海清算所城投债收益率曲线(AA-),远期的即期,2026-02-06,0,6.142,5,2,2Y
上海清算所城投债收益率曲线(AA-),远期的即期,2026-02-06,0,6.7722,5,1,1Y
上海清算所城投债收益率曲线(AA-),远期的即期,2026-02-06,0,4.5539,6,9,9Y
上海清算所城投债收益率曲线(AA-),远期的即期,2026-02-06,0,4.5904,6,8,8Y
上海清算所城投债收益率曲线(AA-),远期的即期,2026-02-06,0,4.6443,6,7,7Y
上海清算所城投债收益率曲线(AA-),远期的即期,2026-02-06,0,4.709,6,6,6Y
上海清算所城投债收益率曲线(AA-),远期的即期,2026-02-06,0,4.7598,6,5,5Y
上海清算所城投债收益率曲线(AA-),远期的即期,2026-02-06,0,4.9199,6,4,4Y
上海清算所城投债收益率曲线(AA-),远期的即期,2026-02-06,0,4.9819,6,3,3Y
上海清算所城投债收益率曲线(AA-),远期的即期,2026-02-06,0,5.0722,6,2,2Y
上海清算所城投债收益率曲线(AA-),远期的即期,2026-02-06,0,5.5156,6,1,1Y
上海清算所城投债收益率曲线(AA-),远期的即期,2026-02-06,0,4.4343,7,8,8Y
上海清算所城投债收益率曲线(AA-),远期的即期,2026-02-06,0,4.4589,7,7,7Y
上海清算所城投债收益率曲线(AA-),远期的即期,2026-02-06,0,4.4998,7,6,6Y
上海清算所城投债收益率曲线(AA-),远期的即期,2026-02-06,0,4.5485,7,5,5Y
上海清算所城投债收益率曲线(AA-),远期的即期,2026-02-06,0,4.5717,7,4,4Y
上海清算所城投债收益率曲线(AA-),远期的即期,2026-02-06,0,4.7221,7,3,3Y
上海清算所城投债收益率曲线(AA-),远期的即期,2026-02-06,0,4.716,7,2,2Y
上海清算所城投债收益率曲线(AA-),远期的即期,2026-02-06,0,4.6307,7,1,1Y
上海清算所城投债收益率曲线(AA-),远期的即期,2026-02-06,0,4.4063,8,7,7Y
上海清算所城投债收益率曲线(AA-),远期的即期,2026-02-06,0,4.4303,8,6,6Y
上海清算所城投债收益率曲线(AA-),远期的即期,2026-02-06,0,4.4736,8,5,5Y
上海清算所城投债收益率曲线(AA-),远期的即期,2026-02-06,0,4.5279,8,4,4Y
上海清算所城投债收益率曲线(AA-),远期的即期,2026-02-06,0,4.5521,8,3,3Y
上海清算所城投债收益率曲线(AA-),远期的即期,2026-02-06,0,4.7678,8,2,2Y
上海清算所城投债收益率曲线(AA-),远期的即期,2026-02-06,0,4.8014,8,1,1Y
上海清算所城投债收益率曲线(AA-),远期的即期,2026-02-06,0,4.3406,9,6,6Y
上海清算所城投债收益率曲线(AA-),远期的即期,2026-02-06,0,4.3562,9,5,5Y
上海清算所城投债收益率曲线(AA-),远期的即期,2026-02-06,0,4.3918,9,4,4Y
上海清算所城投债收益率曲线(AA-),远期的即期,2026-02-06,0,4.4369,9,3,3Y
上海清算所城投债收益率曲线(AA-),远期的即期,2026-02-06,0,4.4277,9,2,2Y
上海清算所城投债收益率曲线(AA-),远期的即期,2026-02-06,0,4.7342,9,1,1Y
上海清算所城投债收益率曲线(AA-),远期的即期,2026-02-06,0,4.2621,10,5,5Y
上海清算所城投债收益率曲线(AA-),远期的即期,2026-02-06,0,4.262,10,4,4Y
上海清算所城投债收益率曲线(AA-),远期的即期,2026-02-06,0,4.2779,10,3,3Y
上海清算所城投债收益率曲线(AA-),远期的即期,2026-02-06,0,4.2886,10,2,2Y
上海清算所城投债收益率曲线(AA-),远期的即期,2026-02-06,0,4.1221,10,1,1Y
上海清算所城投债收益率曲线(AA-),远期的即期,2026-02-06,0,4.2971,11,4,4Y
上海清算所城投债收益率曲线(AA-),远期的即期,2026-02-06,0,4.3086,11,3,3Y
上海清算所城投债收益率曲线(AA-),远期的即期,2026-02-06,0,4.3559,11,2,2Y
上海清算所城投债收益率曲线(AA-),远期的即期,2026-02-06,0,4.4554,11,1,1Y
上海清算所城投债收益率曲线(AA-),远期的即期,2026-02-06,0,4.2444,12,3,3Y
上海清算所城投债收益率曲线(AA-),远期的即期,2026-02-06,0,4.2353,12,2,2Y
上海清算所城投债收益率曲线(AA-),远期的即期,2026-02-06,0,4.2565,12,1,1Y
上海清算所城投债收益率曲线(AA-),远期的即期,2026-02-06,0,4.2383,13,2,2Y
上海清算所城投债收益率曲线(AA-),远期的即期,2026-02-06,0,4.2141,13,1,1Y
上海清算所城投债收益率曲线(AA-),远期的即期,2026-02-06,0,4.2625,14,1,1Y
上海清算所城投债收益率曲线(AA-),远期的即期,2026-02-09,0,4.3101,1,14,14Y
上海清算所城投债收益率曲线(AA-),远期的即期,2026-02-09,0,4.304,1,13,13Y
上海清算所城投债收益率曲线(AA-),远期的即期,2026-02-09,0,4.2994,1,12,12Y
上海清算所城投债收益率曲线(AA-),远期的即期,2026-02-09,0,4.2953,1,11,11Y
上海清算所城投债收益率曲线(AA-),远期的即期,2026-02-09,0,4.291,1,10,10Y
上海清算所城投债收益率曲线(AA-),远期的即期,2026-02-09,0,4.2863,1,9,9Y
上海清算所城投债收益率曲线(AA-),远期的即期,2026-02-09,0,4.2512,1,8,8Y
上海清算所城投债收益率曲线(AA-),远期的即期,2026-02-09,0,4.1975,1,7,7Y
上海清算所城投债收益率曲线(AA-),远期的即期,2026-02-09,0,4.1333,1,6,6Y
上海清算所城投债收益率曲线(AA-),远期的即期,2026-02-09,0,3.8292,1,5,5Y
上海清算所城投债收益率曲线(AA-),远期的即期,2026-02-09,0,3.0823,1,4,4Y
上海清算所城投债收益率曲线(AA-),远期的即期,2026-02-09,0,2.9052,1,3,3Y
上海清算所城投债收益率曲线(AA-),远期的即期,2026-02-09,0,2.5089,1,2,2Y
上海清算所城投债收益率曲线(AA-),远期的即期,2026-02-09,0,2.3331,1,1,1Y
上海清算所城投债收益率曲线(AA-),远期的即期,2026-02-09,0,4.4637,2,13,13Y
上海清算所城投债收益率曲线(AA-),远期的即期,2026-02-09,0,4.4699,2,12,12Y
上海清算所城投债收益率曲线(AA-),远期的即期,2026-02-09,0,4.48,2,11,11Y
上海清算所城投债收益率曲线(AA-),远期的即期,2026-02-09,0,4.4936,2,10,10Y
上海清算所城投债收益率曲线(AA-),远期的即期,2026-02-09,0,4.5109,2,9,9Y
上海清算所城投债收益率曲线(AA-),远期的即期,2026-02-09,0,4.5331,2,8,8Y
上海清算所城投债收益率曲线(AA-),远期的即期,2026-02-09,0,4.5281,2,7,7Y
上海清算所城投债收益率曲线(AA-),远期的即期,2026-02-09,0,4.5115,2,6,6Y
上海清算所城投债收益率曲线(AA-),远期的即期,2026-02-09,0,4.4971,2,5,5Y
上海清算所城投债收益率曲线(AA-),远期的即期,2026-02-09,0,4.2066,2,4,4Y
上海清算所城投债收益率曲线(AA-),远期的即期,2026-02-09,0,3.3332,2,3,3Y
上海清算所城投债收益率曲线(AA-),远期的即期,2026-02-09,0,3.1924,2,2,2Y
上海清算所城投债收益率曲线(AA-),远期的即期,2026-02-09,0,2.685,2,1,1Y
上海清算所城投债收益率曲线(AA-),远期的即期,2026-02-09,0,4.6133,3,12,12Y
上海清算所城投债收益率曲线(AA-),远期的即期,2026-02-09,0,4.6337,3,11,11Y
上海清算所城投债收益率曲线(AA-),远期的即期,2026-02-09,0,4.6612,3,10,10Y
上海清算所城投债收益率曲线(AA-),远期的即期,2026-02-09,0,4.6965,3,9,9Y
上海清算所城投债收益率曲线(AA-),远期的即期,2026-02-09,0,4.7414,3,8,8Y
上海清算所城投债收益率曲线(AA-),远期的即期,2026-02-09,0,4.7998,3,7,7Y
上海清算所城投债收益率曲线(AA-),远期的即期,2026-02-09,0,4.8385,3,6,6Y
上海清算所城投债收益率曲线(AA-),远期的即期,2026-02-09,0,4.8807,3,5,5Y
上海清算所城投债收益率曲线(AA-),远期的即期,2026-02-09,0,4.955,3,4,4Y
上海清算所城投债收益率曲线(AA-),远期的即期,2026-02-09,0,4.7188,3,3,3Y
上海清算所城投债收益率曲线(AA-),远期的即期,2026-02-09,0,3.6588,3,2,2Y
上海清算所城投债收益率曲线(AA-),远期的即期,2026-02-09,0,3.7023,3,1,1Y
上海清算所城投债收益率曲线(AA-),远期的即期,2026-02-09,0,4.6965,4,11,11Y
上海清算所城投债收益率曲线(AA-),远期的即期,2026-02-09,0,4.7273,4,10,10Y
上海清算所城投债收益率曲线(AA-),远期的即期,2026-02-09,0,4.7683,4,9,9Y
上海清算所城投债收益率曲线(AA-),远期的即期,2026-02-09,0,4.8214,4,8,8Y
上海清算所城投债收益率曲线(AA-),远期的即期,2026-02-09,0,4.8907,4,7,7Y
上海清算所城投债收益率曲线(AA-),远期的即期,2026-02-09,0,4.9839,4,6,6Y
上海清算所城投债收益率曲线(AA-),远期的即期,2026-02-09,0,5.0673,4,5,5Y
上海清算所城投债收益率曲线(AA-),远期的即期,2026-02-09,0,5.1774,4,4,4Y
上海清算所城投债收益率曲线(AA-),远期的即期,2026-02-09,0,5.376,4,3,3Y
上海清算所城投债收益率曲线(AA-),远期的即期,2026-02-09,0,5.2308,4,2,2Y
上海清算所城投债收益率曲线(AA-),远期的即期,2026-02-09,0,3.6154,4,1,1Y
上海清算所城投债收益率曲线(AA-),远期的即期,2026-02-09,0,4.8053,5,10,10Y
上海清算所城投债收益率曲线(AA-),远期的即期,2026-02-09,0,4.8516,5,9,9Y
上海清算所城投债收益率曲线(AA-),远期的即期,2026-02-09,0,4.9133,5,8,8Y
上海清算所城投债收益率曲线(AA-),远期的即期,2026-02-09,0,4.9948,5,7,7Y
上海清算所城投债收益率曲线(AA-),远期的即期,2026-02-09,0,5.1047,5,6,6Y
上海清算所城投债收益率曲线(AA-),远期的即期,2026-02-09,0,5.2597,5,5,5Y
上海清算所城投债收益率曲线(AA-),远期的即期,2026-02-09,0,5.4334,5,4,4Y
上海清算所城投债收益率曲线(AA-),远期的即期,2026-02-09,0,5.7033,5,3,3Y
上海清算所城投债收益率曲线(AA-),远期的即期,2026-02-09,0,6.2675,5,2,2Y
上海清算所城投债收益率曲线(AA-),远期的即期,2026-02-09,0,6.8714,5,1,1Y
上海清算所城投债收益率曲线(AA-),远期的即期,2026-02-09,0,4.5782,6,9,9Y
上海清算所城投债收益率曲线(AA-),远期的即期,2026-02-09,0,4.6018,6,8,8Y
上海清算所城投债收益率曲线(AA-),远期的即期,2026-02-09,0,4.6365,6,7,7Y
上海清算所城投债收益率曲线(AA-),远期的即期,2026-02-09,0,4.6853,6,6,6Y
上海清算所城投债收益率曲线(AA-),远期的即期,2026-02-09,0,4.7549,6,5,5Y
上海清算所城投债收益率曲线(AA-),远期的即期,2026-02-09,0,4.8606,6,4,4Y
上海清算所城投债收益率曲线(AA-),远期的即期,2026-02-09,0,4.9583,6,3,3Y
上海清算所城投债收益率曲线(AA-),远期的即期,2026-02-09,0,5.1241,6,2,2Y
上海清算所城投债收益率曲线(AA-),远期的即期,2026-02-09,0,5.6669,6,1,1Y
上海清算所城投债收益率曲线(AA-),远期的即期,2026-02-09,0,4.4429,7,8,8Y
上海清算所城投债收益率曲线(AA-),远期的即期,2026-02-09,0,4.4505,7,7,7Y
上海清算所城投债收益率曲线(AA-),远期的即期,2026-02-09,0,4.4658,7,6,6Y
上海清算所城投债收益率曲线(AA-),远期的即期,2026-02-09,0,4.4901,7,5,5Y
上海清算所城投债收益率曲线(AA-),远期的即期,2026-02-09,0,4.5281,7,4,4Y
上海清算所城投债收益率曲线(AA-),远期的即期,2026-02-09,0,4.5932,7,3,3Y
上海清算所城投债收益率曲线(AA-),远期的即期,2026-02-09,0,4.6058,7,2,2Y
上海清算所城投债收益率曲线(AA-),远期的即期,2026-02-09,0,4.584,7,1,1Y
上海清算所城投债收益率曲线(AA-),远期的即期,2026-02-09,0,4.4227,8,7,7Y
上海清算所城投债收益率曲线(AA-),远期的即期,2026-02-09,0,4.4283,8,6,6Y
上海清算所城投债收益率曲线(AA-),远期的即期,2026-02-09,0,4.4422,8,5,5Y
上海清算所城投债收益率曲线(AA-),远期的即期,2026-02-09,0,4.4666,8,4,4Y
上海清算所城投债收益率曲线(AA-),远期的即期,2026-02-09,0,4.5096,8,3,3Y
上海清算所城投债收益率曲线(AA-),远期的即期,2026-02-09,0,4.5978,8,2,2Y
上海清算所城投债收益率曲线(AA-),远期的即期,2026-02-09,0,4.6277,8,1,1Y
上海清算所城投债收益率曲线(AA-),远期的即期,2026-02-09,0,4.3886,9,6,6Y
上海清算所城投债收益率曲线(AA-),远期的即期,2026-02-09,0,4.3885,9,5,5Y
上海清算所城投债收益率曲线(AA-),远期的即期,2026-02-09,0,4.3958,9,4,4Y
上海清算所城投债收益率曲线(AA-),远期的即期,2026-02-09,0,4.413,9,3,3Y
上海清算所城投债收益率曲线(AA-),远期的即期,2026-02-09,0,4.4505,9,2,2Y
上海清算所城投债收益率曲线(AA-),远期的即期,2026-02-09,0,4.5679,9,1,1Y
上海清算所城投债收益率曲线(AA-),远期的即期,2026-02-09,0,4.3528,10,5,5Y
上海清算所城投债收益率曲线(AA-),远期的即期,2026-02-09,0,4.3437,10,4,4Y
上海清算所城投债收益率曲线(AA-),远期的即期,2026-02-09,0,4.3385,10,3,3Y
上海清算所城投债收益率曲线(AA-),远期的即期,2026-02-09,0,4.3356,10,2,2Y
上海清算所城投债收益率曲线(AA-),远期的即期,2026-02-09,0,4.3333,10,1,1Y
上海清算所城投债收益率曲线(AA-),远期的即期,2026-02-09,0,4.3576,11,4,4Y
上海清算所城投债收益率曲线(AA-),远期的即期,2026-02-09,0,4.3471,11,3,3Y
上海清算所城投债收益率曲线(AA-),远期的即期,2026-02-09,0,4.3411,11,2,2Y
上海清算所城投债收益率曲线(AA-),远期的即期,2026-02-09,0,4.3379,11,1,1Y
上海清算所城投债收益率曲线(AA-),远期的即期,2026-02-09,0,4.3642,12,3,3Y
上海清算所城投债收益率曲线(AA-),远期的即期,2026-02-09,0,4.3518,12,2,2Y
上海清算所城投债收益率曲线(AA-),远期的即期,2026-02-09,0,4.3444,12,1,1Y
上海清算所城投债收益率曲线(AA-),远期的即期,2026-02-09,0,4.3741,13,2,2Y
上海清算所城投债收益率曲线(AA-),远期的即期,2026-02-09,0,4.3592,13,1,1Y
上海清算所城投债收益率曲线(AA-),远期的即期,2026-02-09,0,4.3891,14,1,1Y
上海清算所城投债收益率曲线(AA-),远期的即期,2026-02-10,0,4.2944,1,14,14Y
上海清算所城投债收益率曲线(AA-),远期的即期,2026-02-10,0,4.2906,1,13,13Y
上海清算所城投债收益率曲线(AA-),远期的即期,2026-02-10,0,4.2882,1,12,12Y
上海清算所城投债收益率曲线(AA-),远期的即期,2026-02-10,0,4.2862,1,11,11Y
上海清算所城投债收益率曲线(AA-),远期的即期,2026-02-10,0,4.2838,1,10,10Y
上海清算所城投债收益率曲线(AA-),远期的即期,2026-02-10,0,4.2808,1,9,9Y
上海清算所城投债收益率曲线(AA-),远期的即期,2026-02-10,0,4.2409,1,8,8Y
上海清算所城投债收益率曲线(AA-),远期的即期,2026-02-10,0,4.1919,1,7,7Y
上海清算所城投债收益率曲线(AA-),远期的即期,2026-02-10,0,4.1332,1,6,6Y
上海清算所城投债收益率曲线(AA-),远期的即期,2026-02-10,0,3.835,1,5,5Y
上海清算所城投债收益率曲线(AA-),远期的即期,2026-02-10,0,3.0689,1,4,4Y
上海清算所城投债收益率曲线(AA-),远期的即期,2026-02-10,0,2.8984,1,3,3Y
上海清算所城投债收益率曲线(AA-),远期的即期,2026-02-10,0,2.5264,1,2,2Y
上海清算所城投债收益率曲线(AA-),远期的即期,2026-02-10,0,2.3324,1,1,1Y
上海清算所城投债收益率曲线(AA-),远期的即期,2026-02-10,0,4.4468,2,13,13Y
上海清算所城投债收益率曲线(AA-),远期的即期,2026-02-10,0,4.4555,2,12,12Y
上海清算所城投债收益率曲线(AA-),远期的即期,2026-02-10,0,4.4679,2,11,11Y
上海清算所城投债收益率曲线(AA-),远期的即期,2026-02-10,0,4.4837,2,10,10Y
上海清算所城投债收益率曲线(AA-),远期的即期,2026-02-10,0,4.503,2,9,9Y
上海清算所城投债收益率曲线(AA-),远期的即期,2026-02-10,0,4.5269,2,8,8Y
上海清算所城投债收益率曲线(AA-),远期的即期,2026-02-10,0,4.5165,2,7,7Y
上海清算所城投债收益率曲线(AA-),远期的即期,2026-02-10,0,4.505,2,6,6Y
上海清算所城投债收益率曲线(AA-),远期的即期,2026-02-10,0,4.4971,2,5,5Y
上海清算所城投债收益率曲线(AA-),远期的即期,2026-02-10,0,4.2141,2,4,4Y
上海清算所城投债收益率曲线(AA-),远期的即期,2026-02-10,0,3.3156,2,3,3Y
上海清算所城投债收益率曲线(AA-),远期的即期,2026-02-10,0,3.1826,2,2,2Y
上海清算所城投债收益率曲线(AA-),远期的即期,2026-02-10,0,2.7207,2,1,1Y
上海清算所城投债收益率曲线(AA-),远期的即期,2026-02-10,0,4.592,3,12,12Y
上海清算所城投债收益率曲线(AA-),远期的即期,2026-02-10,0,4.6146,3,11,11Y
上海清算所城投债收益率曲线(AA-),远期的即期,2026-02-10,0,4.6442,3,10,10Y
上海清算所城投债收益率曲线(AA-),远期的即期,2026-02-10,0,4.6814,3,9,9Y
上海清算所城投债收益率曲线(AA-),远期的即期,2026-02-10,0,4.7279,3,8,8Y
上海清算所城投债收益率曲线(AA-),远期的即期,2026-02-10,0,4.7875,3,7,7Y
上海清算所城投债收益率曲线(AA-),远期的即期,2026-02-10,0,4.8188,3,6,6Y
上海清算所城投债收益率曲线(AA-),远期的即期,2026-02-10,0,4.8656,3,5,5Y
上海清算所城投债收益率曲线(AA-),远期的即期,2026-02-10,0,4.946,3,4,4Y
上海清算所城投债收益率曲线(AA-),远期的即期,2026-02-10,0,4.7167,3,3,3Y
上海清算所城投债收益率曲线(AA-),远期的即期,2026-02-10,0,3.6143,3,2,2Y
上海清算所城投债收益率曲线(AA-),远期的即期,2026-02-10,0,3.6466,3,1,1Y
上海清算所城投债收益率曲线(AA-),远期的即期,2026-02-10,0,4.6784,4,11,11Y
上海清算所城投债收益率曲线(AA-),远期的即期,2026-02-10,0,4.7119,4,10,10Y
上海清算所城投债收益率曲线(AA-),远期的即期,2026-02-10,0,4.7557,4,9,9Y
上海清算所城投债收益率曲线(AA-),远期的即期,2026-02-10,0,4.8115,4,8,8Y
上海清算所城投债收益率曲线(AA-),远期的即期,2026-02-10,0,4.8833,4,7,7Y
上海清算所城投债收益率曲线(AA-),远期的即期,2026-02-10,0,4.9789,4,6,6Y
上海清算所城投债收益率曲线(AA-),远期的即期,2026-02-10,0,5.0548,4,5,5Y
上海清算所城投债收益率曲线(AA-),远期的即期,2026-02-10,0,5.1726,4,4,4Y
上海清算所城投债收益率曲线(AA-),远期的即期,2026-02-10,0,5.3827,4,3,3Y
上海清算所城投债收益率曲线(AA-),远期的即期,2026-02-10,0,5.2559,4,2,2Y
上海清算所城投债收益率曲线(AA-),远期的即期,2026-02-10,0,3.5821,4,1,1Y
上海清算所城投债收益率曲线(AA-),远期的即期,2026-02-10,0,4.7886,5,10,10Y
上海清算所城投债收益率曲线(AA-),远期的即期,2026-02-10,0,4.8382,5,9,9Y
上海清算所城投债收益率曲线(AA-),远期的即期,2026-02-10,0,4.9033,5,8,8Y
上海清算所城投债收益率曲线(AA-),远期的即期,2026-02-10,0,4.9883,5,7,7Y
上海清算所城投债收益率曲线(AA-),远期的即期,2026-02-10,0,5.1017,5,6,6Y
上海清算所城投债收益率曲线(AA-),远期的即期,2026-02-10,0,5.2605,5,5,5Y
上海清算所城投债收益率曲线(AA-),远期的即期,2026-02-10,0,5.4262,5,4,4Y
上海清算所城投债收益率曲线(AA-),远期的即期,2026-02-10,0,5.7081,5,3,3Y
上海清算所城投债收益率曲线(AA-),远期的即期,2026-02-10,0,6.2947,5,2,2Y
上海清算所城投债收益率曲线(AA-),远期的即期,2026-02-10,0,6.9567,5,1,1Y
上海清算所城投债收益率曲线(AA-),远期的即期,2026-02-10,0,4.5505,6,9,9Y
上海清算所城投债收益率曲线(AA-),远期的即期,2026-02-10,0,4.5764,6,8,8Y
上海清算所城投债收益率曲线(AA-),远期的即期,2026-02-10,0,4.6132,6,7,7Y
上海清算所城投债收益率曲线(AA-),远期的即期,2026-02-10,0,4.6638,6,6,6Y
上海清算所城投债收益率曲线(AA-),远期的即期,2026-02-10,0,4.7346,6,5,5Y
上海清算所城投债收益率曲线(AA-),远期的即期,2026-02-10,0,4.8406,6,4,4Y
上海清算所城投债收益率曲线(AA-),远期的即期,2026-02-10,0,4.921,6,3,3Y
上海清算所城投债收益率曲线(AA-),远期的即期,2026-02-10,0,5.0893,6,2,2Y
上海清算所城投债收益率曲线(AA-),远期的即期,2026-02-10,0,5.6368,6,1,1Y
上海清算所城投债收益率曲线(AA-),远期的即期,2026-02-10,0,4.4154,7,8,8Y
上海清算所城投债收益率曲线(AA-),远期的即期,2026-02-10,0,4.4258,7,7,7Y
上海清算所城投债收益率曲线(AA-),远期的即期,2026-02-10,0,4.4436,7,6,6Y
上海清算所城投债收益率曲线(AA-),远期的即期,2026-02-10,0,4.4702,7,5,5Y
上海清算所城投债收益率曲线(AA-),远期的即期,2026-02-10,0,4.5103,7,4,4Y
上海清算所城投债收益率曲线(AA-),远期的即期,2026-02-10,0,4.5766,7,3,3Y
上海清算所城投债收益率曲线(AA-),远期的即期,2026-02-10,0,4.5649,7,2,2Y
上海清算所城投债收益率曲线(AA-),远期的即期,2026-02-10,0,4.5447,7,1,1Y
上海清算所城投债收益率曲线(AA-),远期的即期,2026-02-10,0,4.397,8,7,7Y
上海清算所城投债收益率曲线(AA-),远期的即期,2026-02-10,0,4.4059,8,6,6Y
上海清算所城投债收益率曲线(AA-),远期的即期,2026-02-10,0,4.4233,8,5,5Y
上海清算所城投债收益率曲线(AA-),远期的即期,2026-02-10,0,4.4516,8,4,4Y
上海清算所城投债收益率曲线(AA-),远期的即期,2026-02-10,0,4.4988,8,3,3Y
上海清算所城投债收益率曲线(AA-),远期的即期,2026-02-10,0,4.5925,8,2,2Y
上海清算所城投债收益率曲线(AA-),远期的即期,2026-02-10,0,4.585,8,1,1Y
上海清算所城投债收益率曲线(AA-),远期的即期,2026-02-10,0,4.3657,9,6,6Y
上海清算所城投债收益率曲线(AA-),远期的即期,2026-02-10,0,4.3702,9,5,5Y
上海清算所城投债收益率曲线(AA-),远期的即期,2026-02-10,0,4.383,9,4,4Y
上海清算所城投债收益率曲线(AA-),远期的即期,2026-02-10,0,4.4072,9,3,3Y
上海清算所城投债收益率曲线(AA-),远期的即期,2026-02-10,0,4.4557,9,2,2Y
上海清算所城投债收益率曲线(AA-),远期的即期,2026-02-10,0,4.6001,9,1,1Y
上海清算所城投债收益率曲线(AA-),远期的即期,2026-02-10,0,4.3189,10,5,5Y
上海清算所城投债收益率曲线(AA-),远期的即期,2026-02-10,0,4.3128,10,4,4Y
上海清算所城投债收益率曲线(AA-),远期的即期,2026-02-10,0,4.3107,10,3,3Y
上海清算所城投债收益率曲线(AA-),远期的即期,2026-02-10,0,4.3109,10,2,2Y
上海清算所城投债收益率曲线(AA-),远期的即期,2026-02-10,0,4.3116,10,1,1Y
上海清算所城投债收益率曲线(AA-),远期的即期,2026-02-10,0,4.3207,11,4,4Y
上海清算所城投债收益率曲线(AA-),远期的即期,2026-02-10,0,4.3132,11,3,3Y
上海清算所城投债收益率曲线(AA-),远期的即期,2026-02-10,0,4.3102,11,2,2Y
上海清算所城投债收益率曲线(AA-),远期的即期,2026-02-10,0,4.3101,11,1,1Y
上海清算所城投债收益率曲线(AA-),远期的即期,2026-02-10,0,4.3242,12,3,3Y
上海清算所城投债收益率曲线(AA-),远期的即期,2026-02-10,0,4.3147,12,2,2Y
上海清算所城投债收益率曲线(AA-),远期的即期,2026-02-10,0,4.3103,12,1,1Y
上海清算所城投债收益率曲线(AA-),远期的即期,2026-02-10,0,4.3312,13,2,2Y
上海清算所城投债收益率曲线(AA-),远期的即期,2026-02-10,0,4.319,13,1,1Y
上海清算所城投债收益率曲线(AA-),远期的即期,2026-02-10,0,4.3433,14,1,1Y
上海清算所城投债收益率曲线(AA-),远期的即期,2026-02-11,0,4.2972,1,14,14Y
上海清算所城投债收益率曲线(AA-),远期的即期,2026-02-11,0,4.2989,1,13,13Y
上海清算所城投债收益率曲线(AA-),远期的即期,2026-02-11,0,4.3018,1,12,12Y
上海清算所城投债收益率曲线(AA-),远期的即期,2026-02-11,0,4.3046,1,11,11Y
上海清算所城投债收益率曲线(AA-),远期的即期,2026-02-11,0,4.3064,1,10,10Y
上海清算所城投债收益率曲线(AA-),远期的即期,2026-02-11,0,4.3066,1,9,9Y
上海清算所城投债收益率曲线(AA-),远期的即期,2026-02-11,0,4.2365,1,8,8Y
上海清算所城投债收益率曲线(AA-),远期的即期,2026-02-11,0,4.16,1,7,7Y
上海清算所城投债收益率曲线(AA-),远期的即期,2026-02-11,0,4.1401,1,6,6Y
上海清算所城投债收益率曲线(AA-),远期的即期,2026-02-11,0,3.8294,1,5,5Y
上海清算所城投债收益率曲线(AA-),远期的即期,2026-02-11,0,3.0519,1,4,4Y
上海清算所城投债收益率曲线(AA-),远期的即期,2026-02-11,0,2.8587,1,3,3Y
上海清算所城投债收益率曲线(AA-),远期的即期,2026-02-11,0,2.4779,1,2,2Y
上海清算所城投债收益率曲线(AA-),远期的即期,2026-02-11,0,2.2887,1,1,1Y
上海清算所城投债收益率曲线(AA-),远期的即期,2026-02-11,0,4.4533,2,13,13Y
上海清算所城投债收益率曲线(AA-),远期的即期,2026-02-11,0,4.4682,2,12,12Y
上海清算所城投债收益率曲线(AA-),远期的即期,2026-02-11,0,4.4868,2,11,11Y
上海清算所城投债收益率曲线(AA-),远期的即期,2026-02-11,0,4.5084,2,10,10Y
上海清算所城投债收益率曲线(AA-),远期的即期,2026-02-11,0,4.533,2,9,9Y
上海清算所城投债收益率曲线(AA-),远期的即期,2026-02-11,0,4.5616,2,8,8Y
上海清算所城投债收益率曲线(AA-),远期的即期,2026-02-11,0,4.5178,2,7,7Y
上海清算所城投债收益率曲线(AA-),远期的即期,2026-02-11,0,4.4752,2,6,6Y
上海清算所城投债收益率曲线(AA-),远期的即期,2026-02-11,0,4.5144,2,5,5Y
上海清算所城投债收益率曲线(AA-),远期的即期,2026-02-11,0,4.2182,2,4,4Y
上海清算所城投债收益率曲线(AA-),远期的即期,2026-02-11,0,3.3076,2,3,3Y
上海清算所城投债收益率曲线(AA-),远期的即期,2026-02-11,0,3.1449,2,2,2Y
上海清算所城投债收益率曲线(AA-),远期的即期,2026-02-11,0,2.6675,2,1,1Y
上海清算所城投债收益率曲线(AA-),远期的即期,2026-02-11,0,4.6035,3,12,12Y
上海清算所城投债收益率曲线(AA-),远期的即期,2026-02-11,0,4.6335,3,11,11Y
上海清算所城投债收益率曲线(AA-),远期的即期,2026-02-11,0,4.6705,3,10,10Y
上海清算所城投债收益率曲线(AA-),远期的即期,2026-02-11,0,4.7149,3,9,9Y
上海清算所城投债收益率曲线(AA-),远期的即期,2026-02-11,0,4.7686,3,8,8Y
上海清算所城投债收益率曲线(AA-),远期的即期,2026-02-11,0,4.8351,3,7,7Y
上海清算所城投债收益率曲线(AA-),远期的即期,2026-02-11,0,4.8294,3,6,6Y
上海清算所城投债收益率曲线(AA-),远期的即期,2026-02-11,0,4.8405,3,5,5Y
上海清算所城投债收益率曲线(AA-),远期的即期,2026-02-11,0,4.9813,3,4,4Y
上海清算所城投债收益率曲线(AA-),远期的即期,2026-02-11,0,4.7403,3,3,3Y
上海清算所城投债收益率曲线(AA-),远期的即期,2026-02-11,0,3.6291,3,2,2Y
上海清算所城投债收益率曲线(AA-),远期的即期,2026-02-11,0,3.6246,3,1,1Y
上海清算所城投债收益率曲线(AA-),远期的即期,2026-02-11,0,4.693,4,11,11Y
上海清算所城投债收益率曲线(AA-),远期的即期,2026-02-11,0,4.7349,4,10,10Y
上海清算所城投债收益率曲线(AA-),远期的即期,2026-02-11,0,4.7873,4,9,9Y
上海清算所城投债收益率曲线(AA-),远期的即期,2026-02-11,0,4.852,4,8,8Y
上海清算所城投债收益率曲线(AA-),远期的即期,2026-02-11,0,4.933,4,7,7Y
上海清算所城投债收益率曲线(AA-),远期的即期,2026-02-11,0,5.0382,4,6,6Y
上海清算所城投债收益率曲线(AA-),远期的即期,2026-02-11,0,5.0721,4,5,5Y
上海清算所城投债收益率曲线(AA-),远期的即期,2026-02-11,0,5.1467,4,4,4Y
上海清算所城投债收益率曲线(AA-),远期的即期,2026-02-11,0,5.4374,4,3,3Y
上海清算所城投债收益率曲线(AA-),远期的即期,2026-02-11,0,5.3026,4,2,2Y
上海清算所城投债收益率曲线(AA-),远期的即期,2026-02-11,0,3.6336,4,1,1Y
上海清算所城投债收益率曲线(AA-),远期的即期,2026-02-11,0,4.7995,5,10,10Y
上海清算所城投债收益率曲线(AA-),远期的即期,2026-02-11,0,4.858,5,9,9Y
上海清算所城投债收益率曲线(AA-),远期的即期,2026-02-11,0,4.9324,5,8,8Y
上海清算所城投债收益率曲线(AA-),远期的即期,2026-02-11,0,5.0273,5,7,7Y
上海清算所城投债收益率曲线(AA-),远期的即期,2026-02-11,0,5.1512,5,6,6Y
上海清算所城投债收益率曲线(AA-),远期的即期,2026-02-11,0,5.3214,5,5,5Y
上海清算所城投债收益率曲线(AA-),远期的即期,2026-02-11,0,5.4348,5,4,4Y
上海清算所城投债收益率曲线(AA-),远期的即期,2026-02-11,0,5.656,5,3,3Y
上海清算所城投债收益率曲线(AA-),远期的即期,2026-02-11,0,6.3511,5,2,2Y
上海清算所城投债收益率曲线(AA-),远期的即期,2026-02-11,0,6.9986,5,1,1Y
上海清算所城投债收益率曲线(AA-),远期的即期,2026-02-11,0,4.558,6,9,9Y
上海清算所城投债收益率曲线(AA-),远期的即期,2026-02-11,0,4.5934,6,8,8Y
上海清算所城投债收益率曲线(AA-),远期的即期,2026-02-11,0,4.6405,6,7,7Y
上海清算所城投债收益率曲线(AA-),远期的即期,2026-02-11,0,4.7023,6,6,6Y
上海清算所城投债收益率曲线(AA-),远期的即期,2026-02-11,0,4.7856,6,5,5Y
上海清算所城投债收益率曲线(AA-),远期的即期,2026-02-11,0,4.9062,6,4,4Y
上海清算所城投债收益率曲线(AA-),远期的即期,2026-02-11,0,4.9187,6,3,3Y
上海清算所城投债收益率曲线(AA-),远期的即期,2026-02-11,0,4.991,6,2,2Y
上海清算所城投债收益率曲线(AA-),远期的即期,2026-02-11,0,5.7076,6,1,1Y
上海清算所城投债收益率曲线(AA-),远期的即期,2026-02-11,0,4.4152,7,8,8Y
上海清算所城投债收益率曲线(AA-),远期的即期,2026-02-11,0,4.4352,7,7,7Y
上海清算所城投债收益率曲线(AA-),远期的即期,2026-02-11,0,4.4638,7,6,6Y
上海清算所城投债收益率曲线(AA-),远期的即期,2026-02-11,0,4.5024,7,5,5Y
上海清算所城投债收益率曲线(AA-),远期的即期,2026-02-11,0,4.5563,7,4,4Y
上海清算所城投债收益率曲线(AA-),远期的即期,2026-02-11,0,4.6405,7,3,3Y
上海清算所城投债收益率曲线(AA-),远期的即期,2026-02-11,0,4.5264,7,2,2Y
上海清算所城投债收益率曲线(AA-),远期的即期,2026-02-11,0,4.2793,7,1,1Y
上海清算所城投债收益率曲线(AA-),远期的即期,2026-02-11,0,4.4346,8,7,7Y
上海清算所城投债收益率曲线(AA-),远期的即期,2026-02-11,0,4.4612,8,6,6Y
上海清算所城投债收益率曲线(AA-),远期的即期,2026-02-11,0,4.5007,8,5,5Y
上海清算所城投债收益率曲线(AA-),远期的即期,2026-02-11,0,4.5582,8,4,4Y
上海清算所城投债收益率曲线(AA-),远期的即期,2026-02-11,0,4.6488,8,3,3Y
上海清算所城投债收益率曲线(AA-),远期的即期,2026-02-11,0,4.8215,8,2,2Y
上海清算所城投债收益率曲线(AA-),远期的即期,2026-02-11,0,4.7742,8,1,1Y
上海清算所城投债收益率曲线(AA-),远期的即期,2026-02-11,0,4.3781,9,6,6Y
上海清算所城投债收益率曲线(AA-),远期的即期,2026-02-11,0,4.3988,9,5,5Y
上海清算所城投债收益率曲线(AA-),远期的即期,2026-02-11,0,4.4324,9,4,4Y
上海清算所城投债收益率曲线(AA-),远期的即期,2026-02-11,0,4.4863,9,3,3Y
上海清算所城投债收益率曲线(AA-),远期的即期,2026-02-11,0,4.5862,9,2,2Y
上海清算所城投债收益率曲线(AA-),远期的即期,2026-02-11,0,4.8689,9,1,1Y
上海清算所城投债收益率曲线(AA-),远期的即期,2026-02-11,0,4.2802,10,5,5Y
上海清算所城投债收益率曲线(AA-),远期的即期,2026-02-11,0,4.2816,10,4,4Y
上海清算所城投债收益率曲线(AA-),远期的即期,2026-02-11,0,4.2873,10,3,3Y
上海清算所城投债收益率曲线(AA-),远期的即期,2026-02-11,0,4.2955,10,2,2Y
上海清算所城投债收益率曲线(AA-),远期的即期,2026-02-11,0,4.3043,10,1,1Y
上海清算所城投债收益率曲线(AA-),远期的即期,2026-02-11,0,4.2742,11,4,4Y
上海清算所城投债收益率曲线(AA-),远期的即期,2026-02-11,0,4.274,11,3,3Y
上海清算所城投债收益率曲线(AA-),远期的即期,2026-02-11,0,4.2789,11,2,2Y
上海清算所城投债收益率曲线(AA-),远期的即期,2026-02-11,0,4.2868,11,1,1Y
上海清算所城投债收益率曲线(AA-),远期的即期,2026-02-11,0,4.2701,12,3,3Y
上海清算所城投债收益率曲线(AA-),远期的即期,2026-02-11,0,4.2676,12,2,2Y
上海清算所城投债收益率曲线(AA-),远期的即期,2026-02-11,0,4.2709,12,1,1Y
上海清算所城投债收益率曲线(AA-),远期的即期,2026-02-11,0,4.2696,13,2,2Y
上海清算所城投债收益率曲线(AA-),远期的即期,2026-02-11,0,4.2643,13,1,1Y
上海清算所城投债收益率曲线(AA-),远期的即期,2026-02-11,0,4.275,14,1,1Y
上海清算所城投债收益率曲线(AA-),远期的即期,2026-02-12,0,4.3145,1,14,14Y
上海清算所城投债收益率曲线(AA-),远期的即期,2026-02-12,0,4.3122,1,13,13Y
上海清算所城投债收益率曲线(AA-),远期的即期,2026-02-12,0,4.3106,1,12,12Y
上海清算所城投债收益率曲线(AA-),远期的即期,2026-02-12,0,4.3081,1,11,11Y
上海清算所城投债收益率曲线(AA-),远期的即期,2026-02-12,0,4.3031,1,10,10Y
上海清算所城投债收益率曲线(AA-),远期的即期,2026-02-12,0,4.2948,1,9,9Y
上海清算所城投债收益率曲线(AA-),远期的即期,2026-02-12,0,4.1999,1,8,8Y
上海清算所城投债收益率曲线(AA-),远期的即期,2026-02-12,0,4.1556,1,7,7Y
上海清算所城投债收益率曲线(AA-),远期的即期,2026-02-12,0,4.0906,1,6,6Y
上海清算所城投债收益率曲线(AA-),远期的即期,2026-02-12,0,3.8321,1,5,5Y
上海清算所城投债收益率曲线(AA-),远期的即期,2026-02-12,0,3.0491,1,4,4Y
上海清算所城投债收益率曲线(AA-),远期的即期,2026-02-12,0,2.8465,1,3,3Y
上海清算所城投债收益率曲线(AA-),远期的即期,2026-02-12,0,2.496,1,2,2Y
上海清算所城投债收益率曲线(AA-),远期的即期,2026-02-12,0,2.2799,1,1,1Y
上海清算所城投债收益率曲线(AA-),远期的即期,2026-02-12,0,4.4727,2,13,13Y
上海清算所城投债收益率曲线(AA-),远期的即期,2026-02-12,0,4.4833,2,12,12Y
上海清算所城投债收益率曲线(AA-),远期的即期,2026-02-12,0,4.4972,2,11,11Y
上海清算所城投债收益率曲线(AA-),远期的即期,2026-02-12,0,4.5131,2,10,10Y
上海清算所城投债收益率曲线(AA-),远期的即期,2026-02-12,0,4.5304,2,9,9Y
上海清算所城投债收益率曲线(AA-),远期的即期,2026-02-12,0,4.5494,2,8,8Y
上海清算所城投债收益率曲线(AA-),远期的即期,2026-02-12,0,4.4771,2,7,7Y
上海清算所城投债收益率曲线(AA-),远期的即期,2026-02-12,0,4.4716,2,6,6Y
上海清算所城投债收益率曲线(AA-),远期的即期,2026-02-12,0,4.4565,2,5,5Y
上海清算所城投债收益率曲线(AA-),远期的即期,2026-02-12,0,4.2238,2,4,4Y
上海清算所城投债收益率曲线(AA-),远期的即期,2026-02-12,0,3.3067,2,3,3Y
上海清算所城投债收益率曲线(AA-),远期的即期,2026-02-12,0,3.131,2,2,2Y
上海清算所城投债收益率曲线(AA-),远期的即期,2026-02-12,0,2.7126,2,1,1Y
上海清算所城投债收益率曲线(AA-),远期的即期,2026-02-12,0,4.6207,3,12,12Y
上海清算所城投债收益率曲线(AA-),远期的即期,2026-02-12,0,4.6458,3,11,11Y
上海清算所城投债收益率曲线(AA-),远期的即期,2026-02-12,0,4.6774,3,10,10Y
上海清算所城投债收益率曲线(AA-),远期的即期,2026-02-12,0,4.7151,3,9,9Y
上海清算所城投债收益率曲线(AA-),远期的即期,2026-02-12,0,4.7599,3,8,8Y
上海清算所城投债收益率曲线(AA-),远期的即期,2026-02-12,0,4.8145,3,7,7Y
上海清算所城投债收益率曲线(AA-),远期的即期,2026-02-12,0,4.7741,3,6,6Y
上海清算所城投债收益率曲线(AA-),远期的即期,2026-02-12,0,4.827,3,5,5Y
上海清算所城投债收益率曲线(AA-),远期的即期,2026-02-12,0,4.8971,3,4,4Y
上海清算所城投债收益率曲线(AA-),远期的即期,2026-02-12,0,4.7325,3,3,3Y
上海清算所城投债收益率曲线(AA-),远期的即期,2026-02-12,0,3.6051,3,2,2Y
上海清算所城投债收益率曲线(AA-),远期的即期,2026-02-12,0,3.5512,3,1,1Y
上海清算所城投债收益率曲线(AA-),远期的即期,2026-02-12,0,4.7184,4,11,11Y
上海清算所城投债收益率曲线(AA-),远期的即期,2026-02-12,0,4.7559,4,10,10Y
上海清算所城投债收益率曲线(AA-),远期的即期,2026-02-12,0,4.8032,4,9,9Y
上海清算所城投债收益率曲线(AA-),远期的即期,2026-02-12,0,4.8615,4,8,8Y
上海清算所城投债收益率曲线(AA-),远期的即期,2026-02-12,0,4.9337,4,7,7Y
上海清算所城投债收益率曲线(AA-),远期的即期,2026-02-12,0,5.0266,4,6,6Y
上海清算所城投债收益率曲线(AA-),远期的即期,2026-02-12,0,5.0205,4,5,5Y
上海清算所城投债收益率曲线(AA-),远期的即期,2026-02-12,0,5.1484,4,4,4Y
上海清算所城投债收益率曲线(AA-),远期的即期,2026-02-12,0,5.3496,4,3,3Y
上海清算所城投债收益率曲线(AA-),远期的即期,2026-02-12,0,5.3281,4,2,2Y
上海清算所城投债收益率曲线(AA-),远期的即期,2026-02-12,0,3.659,4,1,1Y
上海清算所城投债收益率曲线(AA-),远期的即期,2026-02-12,0,4.825,5,10,10Y
上海清算所城投债收益率曲线(AA-),远期的即期,2026-02-12,0,4.8785,5,9,9Y
上海清算所城投债收益率曲线(AA-),远期的即期,2026-02-12,0,4.9472,5,8,8Y
上海清算所城投债收益率曲线(AA-),远期的即期,2026-02-12,0,5.0344,5,7,7Y
上海清算所城投债收益率曲线(AA-),远期的即期,2026-02-12,0,5.1477,5,6,6Y
上海清算所城投债收益率曲线(AA-),远期的即期,2026-02-12,0,5.3022,5,5,5Y
上海清算所城投债收益率曲线(AA-),远期的即期,2026-02-12,0,5.3636,5,4,4Y
上海清算所城投债收益率曲线(AA-),远期的即期,2026-02-12,0,5.6496,5,3,3Y
上海清算所城投债收益率曲线(AA-),远期的即期,2026-02-12,0,6.2053,5,2,2Y
上海清算所城投债收益率曲线(AA-),远期的即期,2026-02-12,0,7.0241,5,1,1Y
上海清算所城投债收益率曲线(AA-),远期的即期,2026-02-12,0,4.5834,6,9,9Y
上海清算所城投债收益率曲线(AA-),远期的即期,2026-02-12,0,4.6133,6,8,8Y
上海清算所城投债收益率曲线(AA-),远期的即期,2026-02-12,0,4.6537,6,7,7Y
上海清算所城投债收益率曲线(AA-),远期的即期,2026-02-12,0,4.7064,6,6,6Y
上海清算所城投债收益率曲线(AA-),远期的即期,2026-02-12,0,4.7763,6,5,5Y
上海清算所城投债收益率曲线(AA-),远期的即期,2026-02-12,0,4.8761,6,4,4Y
上海清算所城投债收益率曲线(AA-),远期的即期,2026-02-12,0,4.8159,6,3,3Y
上海清算所城投债收益率曲线(AA-),远期的即期,2026-02-12,0,4.969,6,2,2Y
上海清算所城投债收益率曲线(AA-),远期的即期,2026-02-12,0,5.3927,6,1,1Y
上海清算所城投债收益率曲线(AA-),远期的即期,2026-02-12,0,4.4827,7,8,8Y
上海清算所城投债收益率曲线(AA-),远期的即期,2026-02-12,0,4.5025,7,7,7Y
上海清算所城投债收益率曲线(AA-),远期的即期,2026-02-12,0,4.5311,7,6,6Y
上海清算所城投债收益率曲线(AA-),远期的即期,2026-02-12,0,4.5697,7,5,5Y
上海清算所城投债收益率曲线(AA-),远期的即期,2026-02-12,0,4.6228,7,4,4Y
上海清算所城投债收益率曲线(AA-),远期的即期,2026-02-12,0,4.7045,7,3,3Y
上海清算所城投债收益率曲线(AA-),远期的即期,2026-02-12,0,4.5286,7,2,2Y
上海清算所城投债收益率曲线(AA-),远期的即期,2026-02-12,0,4.547,7,1,1Y
上海清算所城投债收益率曲线(AA-),远期的即期,2026-02-12,0,4.4736,8,7,7Y
上海清算所城投债收益率曲线(AA-),远期的即期,2026-02-12,0,4.4951,8,6,6Y
上海清算所城投债收益率曲线(AA-),远期的即期,2026-02-12,0,4.5279,8,5,5Y
上海清算所城投债收益率曲线(AA-),远期的即期,2026-02-12,0,4.5753,8,4,4Y
上海清算所城投债收益率曲线(AA-),远期的即期,2026-02-12,0,4.6481,8,3,3Y
上海清算所城投债收益率曲线(AA-),远期的即期,2026-02-12,0,4.7833,8,2,2Y
上海清算所城投债收益率曲线(AA-),远期的即期,2026-02-12,0,4.5103,8,1,1Y
上海清算所城投债收益率曲线(AA-),远期的即期,2026-02-12,0,4.4674,9,6,6Y
上海清算所城投债收益率曲线(AA-),远期的即期,2026-02-12,0,4.492,9,5,5Y
上海清算所城投债收益率曲线(AA-),远期的即期,2026-02-12,0,4.5323,9,4,4Y
上海清算所城投债收益率曲线(AA-),远期的即期,2026-02-12,0,4.597,9,3,3Y
上海清算所城投债收益率曲线(AA-),远期的即期,2026-02-12,0,4.7171,9,2,2Y
上海清算所城投债收益率曲线(AA-),远期的即期,2026-02-12,0,5.0571,9,1,1Y
上海清算所城投债收益率曲线(AA-),远期的即期,2026-02-12,0,4.3499,10,5,5Y
上海清算所城投债收益率曲线(AA-),远期的即期,2026-02-12,0,4.3512,10,4,4Y
上海清算所城投债收益率曲线(AA-),远期的即期,2026-02-12,0,4.358,10,3,3Y
上海清算所城投债收益率曲线(AA-),远期的即期,2026-02-12,0,4.3677,10,2,2Y
上海清算所城投债收益率曲线(AA-),远期的即期,2026-02-12,0,4.3781,10,1,1Y
上海清算所城投债收益率曲线(AA-),远期的即期,2026-02-12,0,4.3428,11,4,4Y
上海清算所城投债收益率曲线(AA-),远期的即期,2026-02-12,0,4.3423,11,3,3Y
上海清算所城投债收益率曲线(AA-),远期的即期,2026-02-12,0,4.3479,11,2,2Y
上海清算所城投债收益率曲线(AA-),远期的即期,2026-02-12,0,4.3573,11,1,1Y
上海清算所城投债收益率曲线(AA-),远期的即期,2026-02-12,0,4.338,12,3,3Y
上海清算所城投债收益率曲线(AA-),远期的即期,2026-02-12,0,4.3347,12,2,2Y
上海清算所城投债收益率曲线(AA-),远期的即期,2026-02-12,0,4.3385,12,1,1Y
上海清算所城投债收益率曲线(AA-),远期的即期,2026-02-12,0,4.3378,13,2,2Y
上海清算所城投债收益率曲线(AA-),远期的即期,2026-02-12,0,4.3309,13,1,1Y
上海清算所城投债收益率曲线(AA-),远期的即期,2026-02-12,0,4.3446,14,1,1Y
上海清算所城投债收益率曲线(AA-),远期的即期,2026-02-13,0,4.3157,1,14,14Y
上海清算所城投债收益率曲线(AA-),远期的即期,2026-02-13,0,4.3085,1,13,13Y
上海清算所城投债收益率曲线(AA-),远期的即期,2026-02-13,0,4.3021,1,12,12Y
上海清算所城投债收益率曲线(AA-),远期的即期,2026-02-13,0,4.2946,1,11,11Y
上海清算所城投债收益率曲线(AA-),远期的即期,2026-02-13,0,4.2847,1,10,10Y
上海清算所城投债收益率曲线(AA-),远期的即期,2026-02-13,0,4.2713,1,9,9Y
上海清算所城投债收益率曲线(AA-),远期的即期,2026-02-13,0,4.1914,1,8,8Y
上海清算所城投债收益率曲线(AA-),远期的即期,2026-02-13,0,4.1904,1,7,7Y
上海清算所城投债收益率曲线(AA-),远期的即期,2026-02-13,0,4.0801,1,6,6Y
上海清算所城投债收益率曲线(AA-),远期的即期,2026-02-13,0,3.8233,1,5,5Y
上海清算所城投债收益率曲线(AA-),远期的即期,2026-02-13,0,3.0296,1,4,4Y
上海清算所城投债收益率曲线(AA-),远期的即期,2026-02-13,0,2.8408,1,3,3Y
上海清算所城投债收益率曲线(AA-),远期的即期,2026-02-13,0,2.4656,1,2,2Y
上海清算所城投债收益率曲线(AA-),远期的即期,2026-02-13,0,2.2693,1,1,1Y
上海清算所城投债收益率曲线(AA-),远期的即期,2026-02-13,0,4.4748,2,13,13Y
上海清算所城投债收益率曲线(AA-),远期的即期,2026-02-13,0,4.4803,2,12,12Y
上海清算所城投债收益率曲线(AA-),远期的即期,2026-02-13,0,4.4888,2,11,11Y
上海清算所城投债收益率曲线(AA-),远期的即期,2026-02-13,0,4.4993,2,10,10Y
上海清算所城投债收益率曲线(AA-),远期的即期,2026-02-13,0,4.5111,2,9,9Y
上海清算所城投债收益率曲线(AA-),远期的即期,2026-02-13,0,4.5243,2,8,8Y
上海清算所城投债收益率曲线(AA-),远期的即期,2026-02-13,0,4.4689,2,7,7Y
上海清算所城投债收益率曲线(AA-),远期的即期,2026-02-13,0,4.514,2,6,6Y
上海清算所城投债收益率曲线(AA-),远期的即期,2026-02-13,0,4.4461,2,5,5Y
上海清算所城投债收益率曲线(AA-),远期的即期,2026-02-13,0,4.2155,2,4,4Y
上海清算所城投债收益率曲线(AA-),远期的即期,2026-02-13,0,3.2843,2,3,3Y
上海清算所城投债收益率曲线(AA-),远期的即期,2026-02-13,0,3.1277,2,2,2Y
上海清算所城投债收益率曲线(AA-),远期的即期,2026-02-13,0,2.6622,2,1,1Y
上海清算所城投债收益率曲线(AA-),远期的即期,2026-02-13,0,4.6273,3,12,12Y
上海清算所城投债收益率曲线(AA-),远期的即期,2026-02-13,0,4.6471,3,11,11Y
上海清算所城投债收益率曲线(AA-),远期的即期,2026-02-13,0,4.6733,3,10,10Y
上海清算所城投债收益率曲线(AA-),远期的即期,2026-02-13,0,4.7055,3,9,9Y
上海清算所城投债收益率曲线(AA-),远期的即期,2026-02-13,0,4.7445,3,8,8Y
上海清算所城投债收益率曲线(AA-),远期的即期,2026-02-13,0,4.7931,3,7,7Y
上海清算所城投债收益率曲线(AA-),远期的即期,2026-02-13,0,4.7731,3,6,6Y
上海清算所城投债收益率曲线(AA-),远期的即期,2026-02-13,0,4.8884,3,5,5Y
上海清算所城投债收益率曲线(AA-),远期的即期,2026-02-13,0,4.8969,3,4,4Y
上海清算所城投债收益率曲线(AA-),远期的即期,2026-02-13,0,4.7385,3,3,3Y
上海清算所城投债收益率曲线(AA-),远期的即期,2026-02-13,0,3.5968,3,2,2Y
上海清算所城投债收益率曲线(AA-),远期的即期,2026-02-13,0,3.5953,3,1,1Y
上海清算所城投债收益率曲线(AA-),远期的即期,2026-02-13,0,4.7216,4,11,11Y
上海清算所城投债收益率曲线(AA-),远期的即期,2026-02-13,0,4.7529,4,10,10Y
上海清算所城投债收益率曲线(AA-),远期的即期,2026-02-13,0,4.7938,4,9,9Y
上海清算所城投债收益率曲线(AA-),远期的即期,2026-02-13,0,4.8451,4,8,8Y
上海清算所城投债收益率曲线(AA-),远期的即期,2026-02-13,0,4.9097,4,7,7Y
上海清算所城投债收益率曲线(AA-),远期的即期,2026-02-13,0,4.9941,4,6,6Y
上海清算所城投债收益率曲线(AA-),远期的即期,2026-02-13,0,5.0102,4,5,5Y
上海清算所城投债收益率曲线(AA-),远期的即期,2026-02-13,0,5.2142,4,4,4Y
上海清算所城投债收益率曲线(AA-),远期的即期,2026-02-13,0,5.3343,4,3,3Y
上海清算所城投债收益率曲线(AA-),远期的即期,2026-02-13,0,5.3148,4,2,2Y
上海清算所城投债收益率曲线(AA-),远期的即期,2026-02-13,0,3.5983,4,1,1Y
上海清算所城投债收益率曲线(AA-),远期的即期,2026-02-13,0,4.8346,5,10,10Y
上海清算所城投债收益率曲线(AA-),远期的即期,2026-02-13,0,4.882,5,9,9Y
上海清算所城投债收益率曲线(AA-),远期的即期,2026-02-13,0,4.9441,5,8,8Y
上海清算所城投债收益率曲线(AA-),远期的即期,2026-02-13,0,5.0244,5,7,7Y
上海清算所城投债收益率曲线(AA-),远期的即期,2026-02-13,0,5.1299,5,6,6Y
上海清算所城投债收益率曲线(AA-),远期的即期,2026-02-13,0,5.2755,5,5,5Y
上海清算所城投债收益率曲线(AA-),远期的即期,2026-02-13,0,5.3662,5,4,4Y
上海清算所城投债收益率曲线(AA-),远期的即期,2026-02-13,0,5.7584,5,3,3Y
上海清算所城投债收益率曲线(AA-),远期的即期,2026-02-13,0,6.2132,5,2,2Y
上海清算所城投债收益率曲线(AA-),远期的即期,2026-02-13,0,7.0597,5,1,1Y
上海清算所城投债收益率曲线(AA-),远期的即期,2026-02-13,0,4.5902,6,9,9Y
上海清算所城投债收益率曲线(AA-),远期的即期,2026-02-13,0,4.6129,6,8,8Y
上海清算所城投债收益率曲线(AA-),远期的即期,2026-02-13,0,4.6454,6,7,7Y
上海清算所城投债收益率曲线(AA-),远期的即期,2026-02-13,0,4.689,6,6,6Y
上海清算所城投债收益率曲线(AA-),远期的即期,2026-02-13,0,4.7482,6,5,5Y
上海清算所城投债收益率曲线(AA-),远期的即期,2026-02-13,0,4.8341,6,4,4Y
上海清算所城投债收益率曲线(AA-),远期的即期,2026-02-13,0,4.8077,6,3,3Y
上海清算所城投债收益率曲线(AA-),远期的即期,2026-02-13,0,5.1137,6,2,2Y
上海清算所城投债收益率曲线(AA-),远期的即期,2026-02-13,0,5.3734,6,1,1Y
上海清算所城投债收益率曲线(AA-),远期的即期,2026-02-13,0,4.4927,7,8,8Y
上海清算所城投债收益率曲线(AA-),远期的即期,2026-02-13,0,4.5047,7,7,7Y
上海清算所城投债收益率曲线(AA-),远期的即期,2026-02-13,0,4.5245,7,6,6Y
上海清算所城投债收益率曲线(AA-),远期的即期,2026-02-13,0,4.5526,7,5,5Y
上海清算所城投债收益率曲线(AA-),远期的即期,2026-02-13,0,4.5924,7,4,4Y
上海清算所城投债收益率曲线(AA-),远期的即期,2026-02-13,0,4.6549,7,3,3Y
上海清算所城投债收益率曲线(AA-),远期的即期,2026-02-13,0,4.526,7,2,2Y
上海清算所城投债收益率曲线(AA-),远期的即期,2026-02-13,0,4.8546,7,1,1Y
上海清算所城投债收益率曲线(AA-),远期的即期,2026-02-13,0,4.4412,8,7,7Y
上海清算所城投债收益率曲线(AA-),远期的即期,2026-02-13,0,4.4465,8,6,6Y
上海清算所城投债收益率曲线(AA-),远期的即期,2026-02-13,0,4.4586,8,5,5Y
上海清算所城投债收益率曲线(AA-),远期的即期,2026-02-13,0,4.4773,8,4,4Y
上海清算所城投债收益率曲线(AA-),远期的即期,2026-02-13,0,4.5052,8,3,3Y
上海清算所城投债收益率曲线(AA-),远期的即期,2026-02-13,0,4.5552,8,2,2Y
上海清算所城投债收益率曲线(AA-),远期的即期,2026-02-13,0,4.1984,8,1,1Y
上海清算所城投债收益率曲线(AA-),远期的即期,2026-02-13,0,4.4817,9,6,6Y
上海清算所城投债收益率曲线(AA-),远期的即期,2026-02-13,0,4.4962,9,5,5Y
上海清算所城投债收益率曲线(AA-),远期的即期,2026-02-13,0,4.5238,9,4,4Y
上海清算所城投债收益率曲线(AA-),远期的即期,2026-02-13,0,4.5704,9,3,3Y
上海清算所城投债收益率曲线(AA-),远期的即期,2026-02-13,0,4.6589,9,2,2Y
上海清算所城投债收益率曲线(AA-),远期的即期,2026-02-13,0,4.9132,9,1,1Y
上海清算所城投债收益率曲线(AA-),远期的即期,2026-02-13,0,4.3956,10,5,5Y
上海清算所城投债收益率曲线(AA-),远期的即期,2026-02-13,0,4.3922,10,4,4Y
上海清算所城投债收益率曲线(AA-),远期的即期,2026-02-13,0,4.3943,10,3,3Y
上海清算所城投债收益率曲线(AA-),远期的即期,2026-02-13,0,4.3994,10,2,2Y
上海清算所城投债收益率曲线(AA-),远期的即期,2026-02-13,0,4.4053,10,1,1Y
上海清算所城投债收益率曲线(AA-),远期的即期,2026-02-13,0,4.3931,11,4,4Y
上海清算所城投债收益率曲线(AA-),远期的即期,2026-02-13,0,4.3878,11,3,3Y
上海清算所城投债收益率曲线(AA-),远期的即期,2026-02-13,0,4.3888,11,2,2Y
上海清算所城投债收益率曲线(AA-),远期的即期,2026-02-13,0,4.3936,11,1,1Y
上海清算所城投债收益率曲线(AA-),远期的即期,2026-02-13,0,4.393,12,3,3Y
上海清算所城投债收益率曲线(AA-),远期的即期,2026-02-13,0,4.3849,12,2,2Y
上海清算所城投债收益率曲线(AA-),远期的即期,2026-02-13,0,4.384,12,1,1Y
上海清算所城投债收益率曲线(AA-),远期的即期,2026-02-13,0,4.3975,13,2,2Y
上海清算所城投债收益率曲线(AA-),远期的即期,2026-02-13,0,4.3858,13,1,1Y
上海清算所城投债收益率曲线(AA-),远期的即期,2026-02-13,0,4.4092,14,1,1Y
上海清算所城投债收益率曲线(AA-),远期的即期,2026-02-14,0,4.3181,1,14,14Y
上海清算所城投债收益率曲线(AA-),远期的即期,2026-02-14,0,4.3064,1,13,13Y
上海清算所城投债收益率曲线(AA-),远期的即期,2026-02-14,0,4.2953,1,12,12Y
上海清算所城投债收益率曲线(AA-),远期的即期,2026-02-14,0,4.2829,1,11,11Y
上海清算所城投债收益率曲线(AA-),远期的即期,2026-02-14,0,4.2675,1,10,10Y
上海清算所城投债收益率曲线(AA-),远期的即期,2026-02-14,0,4.2481,1,9,9Y
上海清算所城投债收益率曲线(AA-),远期的即期,2026-02-14,0,4.1653,1,8,8Y
上海清算所城投债收益率曲线(AA-),远期的即期,2026-02-14,0,4.1804,1,7,7Y
上海清算所城投债收益率曲线(AA-),远期的即期,2026-02-14,0,4.0656,1,6,6Y
上海清算所城投债收益率曲线(AA-),远期的即期,2026-02-14,0,3.8071,1,5,5Y
上海清算所城投债收益率曲线(AA-),远期的即期,2026-02-14,0,3.0186,1,4,4Y
上海清算所城投债收益率曲线(AA-),远期的即期,2026-02-14,0,2.8457,1,3,3Y
上海清算所城投债收益率曲线(AA-),远期的即期,2026-02-14,0,2.4664,1,2,2Y
上海清算所城投债收益率曲线(AA-),远期的即期,2026-02-14,0,2.2826,1,1,1Y
上海清算所城投债收益率曲线(AA-),远期的即期,2026-02-14,0,4.4764,2,13,13Y
上海清算所城投债收益率曲线(AA-),远期的即期,2026-02-14,0,4.4769,2,12,12Y
上海清算所城投债收益率曲线(AA-),远期的即期,2026-02-14,0,4.4802,2,11,11Y
上海清算所城投债收益率曲线(AA-),远期的即期,2026-02-14,0,4.485,2,10,10Y
上海清算所城投债收益率曲线(AA-),远期的即期,2026-02-14,0,4.4904,2,9,9Y
上海清算所城投债收益率曲线(AA-),远期的即期,2026-02-14,0,4.4964,2,8,8Y
上海清算所城投债收益率曲线(AA-),远期的即期,2026-02-14,0,4.4371,2,7,7Y
上海清算所城投债收益率曲线(AA-),远期的即期,2026-02-14,0,4.5001,2,6,6Y
上海清算所城投债收益率曲线(AA-),远期的即期,2026-02-14,0,4.4259,2,5,5Y
上海清算所城投债收益率曲线(AA-),远期的即期,2026-02-14,0,4.1918,2,4,4Y
上海清算所城投债收益率曲线(AA-),远期的即期,2026-02-14,0,3.2651,2,3,3Y
上海清算所城投债收益率曲线(AA-),远期的即期,2026-02-14,0,3.1285,2,2,2Y
上海清算所城投债收益率曲线(AA-),远期的即期,2026-02-14,0,2.6505,2,1,1Y
上海清算所城投债收益率曲线(AA-),远期的即期,2026-02-14,0,4.63,3,12,12Y
上海清算所城投债收益率曲线(AA-),远期的即期,2026-02-14,0,4.6445,3,11,11Y
上海清算所城投债收益率曲线(AA-),远期的即期,2026-02-14,0,4.665,3,10,10Y
上海清算所城投债收益率曲线(AA-),远期的即期,2026-02-14,0,4.6909,3,9,9Y
上海清算所城投债收益率曲线(AA-),远期的即期,2026-02-14,0,4.7227,3,8,8Y
上海清算所城投债收益率曲线(AA-),远期的即期,2026-02-14,0,4.7628,3,7,7Y
上海清算所城投债收益率曲线(AA-),远期的即期,2026-02-14,0,4.7378,3,6,6Y
上海清算所城投债收益率曲线(AA-),远期的即期,2026-02-14,0,4.874,3,5,5Y
上海清算所城投债收益率曲线(AA-),远期的即期,2026-02-14,0,4.8745,3,4,4Y
上海清算所城投债收益率曲线(AA-),远期的即期,2026-02-14,0,4.7107,3,3,3Y
上海清算所城投债收益率曲线(AA-),远期的即期,2026-02-14,0,3.5738,3,2,2Y
上海清算所城投债收益率曲线(AA-),远期的即期,2026-02-14,0,3.6086,3,1,1Y
上海清算所城投债收益率曲线(AA-),远期的即期,2026-02-14,0,4.7233,4,11,11Y
上海清算所城投债收益率曲线(AA-),远期的即期,2026-02-14,0,4.7486,4,10,10Y
上海清算所城投债收益率曲线(AA-),远期的即期,2026-02-14,0,4.783,4,9,9Y
上海清算所城投债收益率曲线(AA-),远期的即期,2026-02-14,0,4.827,4,8,8Y
上海清算所城投债收益率曲线(AA-),远期的即期,2026-02-14,0,4.8829,4,7,7Y
上海清算所城投债收益率曲线(AA-),远期的即期,2026-02-14,0,4.9564,4,6,6Y
上海清算所城投债收益率曲线(AA-),远期的即期,2026-02-14,0,4.9651,4,5,5Y
上海清算所城投债收益率曲线(AA-),远期的即期,2026-02-14,0,5.1928,4,4,4Y
上海清算所城投债收益率曲线(AA-),远期的即期,2026-02-14,0,5.2998,4,3,3Y
上海清算所城投债收益率曲线(AA-),远期的即期,2026-02-14,0,5.2661,4,2,2Y
上海清算所城投债收益率曲线(AA-),远期的即期,2026-02-14,0,3.5391,4,1,1Y
上海清算所城投债收益率曲线(AA-),远期的即期,2026-02-14,0,4.8425,5,10,10Y
上海清算所城投债收益率曲线(AA-),远期的即期,2026-02-14,0,4.8839,5,9,9Y
上海清算所城投债收益率曲线(AA-),远期的即期,2026-02-14,0,4.9395,5,8,8Y
上海清算所城投债收益率曲线(AA-),远期的即期,2026-02-14,0,5.0122,5,7,7Y
上海清算所城投债收益率曲线(AA-),远期的即期,2026-02-14,0,5.1085,5,6,6Y
上海清算所城投债收益率曲线(AA-),远期的即期,2026-02-14,0,5.2422,5,5,5Y
上海清算所城投债收益率曲线(AA-),远期的即期,2026-02-14,0,5.3247,5,4,4Y
上海清算所城投债收益率曲线(AA-),远期的即期,2026-02-14,0,5.7499,5,3,3Y
上海清算所城投债收益率曲线(AA-),远期的即期,2026-02-14,0,6.1914,5,2,2Y
上海清算所城投债收益率曲线(AA-),远期的即期,2026-02-14,0,7.022,5,1,1Y
上海清算所城投债收益率曲线(AA-),远期的即期,2026-02-14,0,4.6031,6,9,9Y
上海清算所城投债收益率曲线(AA-),远期的即期,2026-02-14,0,4.6197,6,8,8Y
上海清算所城投债收益率曲线(AA-),远期的即期,2026-02-14,0,4.6454,6,7,7Y
上海清算所城投债收益率曲线(AA-),远期的即期,2026-02-14,0,4.681,6,6,6Y
上海清算所城投债收益率曲线(AA-),远期的即期,2026-02-14,0,4.73,6,5,5Y
上海清算所城投债收益率曲线(AA-),远期的即期,2026-02-14,0,4.8019,6,4,4Y
上海清算所城投债收益率曲线(AA-),远期的即期,2026-02-14,0,4.765,6,3,3Y
上海清算所城投债收益率曲线(AA-),远期的即期,2026-02-14,0,5.1195,6,2,2Y
上海清算所城投债收益率曲线(AA-),远期的即期,2026-02-14,0,5.3673,6,1,1Y
上海清算所城投债收益率曲线(AA-),远期的即期,2026-02-14,0,4.508,7,8,8Y
上海清算所城投债收益率曲线(AA-),远期的即期,2026-02-14,0,4.5133,7,7,7Y
上海清算所城投债收益率曲线(AA-),远期的即期,2026-02-14,0,4.5255,7,6,6Y
上海清算所城投债收益率曲线(AA-),远期的即期,2026-02-14,0,4.5442,7,5,5Y
上海清算所城投债收益率曲线(AA-),远期的即期,2026-02-14,0,4.5712,7,4,4Y
上海清算所城投债收益率曲线(AA-),远期的即期,2026-02-14,0,4.614,7,3,3Y
上海清算所城投债收益率曲线(AA-),远期的即期,2026-02-14,0,4.4651,7,2,2Y
上海清算所城投债收益率曲线(AA-),远期的即期,2026-02-14,0,4.8722,7,1,1Y
上海清算所城投债收益率曲线(AA-),远期的即期,2026-02-14,0,4.456,8,7,7Y
上海清算所城投债收益率曲线(AA-),远期的即期,2026-02-14,0,4.4536,8,6,6Y
上海清算所城投债收益率曲线(AA-),远期的即期,2026-02-14,0,4.4563,8,5,5Y
上海清算所城投债收益率曲线(AA-),远期的即期,2026-02-14,0,4.4624,8,4,4Y
上海清算所城投债收益率曲线(AA-),远期的即期,2026-02-14,0,4.4711,8,3,3Y
上海清算所城投债收益率曲线(AA-),远期的即期,2026-02-14,0,4.4852,8,2,2Y
上海清算所城投债收益率曲线(AA-),远期的即期,2026-02-14,0,4.0595,8,1,1Y
上海清算所城投债收益率曲线(AA-),远期的即期,2026-02-14,0,4.5223,9,6,6Y
上海清算所城投债收益率曲线(AA-),远期的即期,2026-02-14,0,4.5326,9,5,5Y
上海清算所城投债收益率曲线(AA-),远期的即期,2026-02-14,0,4.5558,9,4,4Y
上海清算所城投债收益率曲线(AA-),远期的即期,2026-02-14,0,4.597,9,3,3Y
上海清算所城投债收益率曲线(AA-),远期的即期,2026-02-14,0,4.6775,9,2,2Y
上海清算所城投债收益率曲线(AA-),远期的即期,2026-02-14,0,4.9126,9,1,1Y
上海清算所城投债收益率曲线(AA-),远期的即期,2026-02-14,0,4.4444,10,5,5Y
上海清算所城投债收益率曲线(AA-),远期的即期,2026-02-14,0,4.4378,10,4,4Y
上海清算所城投债收益率曲线(AA-),远期的即期,2026-02-14,0,4.4371,10,3,3Y
上海清算所城投债收益率曲线(AA-),远期的即期,2026-02-14,0,4.4396,10,2,2Y
上海清算所城投债收益率曲线(AA-),远期的即期,2026-02-14,0,4.443,10,1,1Y
上海清算所城投债收益率曲线(AA-),远期的即期,2026-02-14,0,4.4447,11,4,4Y
上海清算所城投债收益率曲线(AA-),远期的即期,2026-02-14,0,4.4361,11,3,3Y
上海清算所城投债收益率曲线(AA-),远期的即期,2026-02-14,0,4.4342,11,2,2Y
上海清算所城投债收益率曲线(AA-),远期的即期,2026-02-14,0,4.4363,11,1,1Y
上海清算所城投债收益率曲线(AA-),远期的即期,2026-02-14,0,4.4475,12,3,3Y
上海清算所城投债收益率曲线(AA-),远期的即期,2026-02-14,0,4.436,12,2,2Y
上海清算所城投债收益率曲线(AA-),远期的即期,2026-02-14,0,4.432,12,1,1Y
上海清算所城投债收益率曲线(AA-),远期的即期,2026-02-14,0,4.4553,13,2,2Y
上海清算所城投债收益率曲线(AA-),远期的即期,2026-02-14,0,4.4399,13,1,1Y
上海清算所城投债收益率曲线(AA-),远期的即期,2026-02-14,0,4.4707,14,1,1Y
上海清算所城投债收益率曲线(AA-),远期的即期,2026-02-24,0,4.3308,1,14,14Y
上海清算所城投债收益率曲线(AA-),远期的即期,2026-02-24,0,4.303,1,13,13Y
上海清算所城投债收益率曲线(AA-),远期的即期,2026-02-24,0,4.2894,1,12,12Y
上海清算所城投债收益率曲线(AA-),远期的即期,2026-02-24,0,4.2717,1,11,11Y
上海清算所城投债收益率曲线(AA-),远期的即期,2026-02-24,0,4.2478,1,10,10Y
上海清算所城投债收益率曲线(AA-),远期的即期,2026-02-24,0,4.2431,1,9,9Y
上海清算所城投债收益率曲线(AA-),远期的即期,2026-02-24,0,4.1809,1,8,8Y
上海清算所城投债收益率曲线(AA-),远期的即期,2026-02-24,0,4.1772,1,7,7Y
上海清算所城投债收益率曲线(AA-),远期的即期,2026-02-24,0,4.0665,1,6,6Y
上海清算所城投债收益率曲线(AA-),远期的即期,2026-02-24,0,3.8143,1,5,5Y
上海清算所城投债收益率曲线(AA-),远期的即期,2026-02-24,0,3.0391,1,4,4Y
上海清算所城投债收益率曲线(AA-),远期的即期,2026-02-24,0,2.8081,1,3,3Y
上海清算所城投债收益率曲线(AA-),远期的即期,2026-02-24,0,2.4138,1,2,2Y
上海清算所城投债收益率曲线(AA-),远期的即期,2026-02-24,0,2.2812,1,1,1Y
上海清算所城投债收益率曲线(AA-),远期的即期,2026-02-24,0,4.4902,2,13,13Y
上海清算所城投债收益率曲线(AA-),远期的即期,2026-02-24,0,4.4733,2,12,12Y
上海清算所城投债收益率曲线(AA-),远期的即期,2026-02-24,0,4.4739,2,11,11Y
上海清算所城投债收益率曲线(AA-),远期的即期,2026-02-24,0,4.4729,2,10,10Y
上海清算所城投债收益率曲线(AA-),远期的即期,2026-02-24,0,4.4686,2,9,9Y
上海清算所城投债收益率曲线(AA-),远期的即期,2026-02-24,0,4.491,2,8,8Y
上海清算所城投债收益率曲线(AA-),远期的即期,2026-02-24,0,4.4551,2,7,7Y
上海清算所城投债收益率曲线(AA-),远期的即期,2026-02-24,0,4.4965,2,6,6Y
上海清算所城投债收益率曲线(AA-),远期的即期,2026-02-24,0,4.4272,2,5,5Y
上海清算所城投债收益率曲线(AA-),远期的即期,2026-02-24,0,4.2011,2,4,4Y
上海清算所城投债收益率曲线(AA-),远期的即期,2026-02-24,0,3.293,2,3,3Y
上海清算所城投债收益率曲线(AA-),远期的即期,2026-02-24,0,3.0726,2,2,2Y
上海清算所城投债收益率曲线(AA-),远期的即期,2026-02-24,0,2.5465,2,1,1Y
上海清算所城投债收益率曲线(AA-),远期的即期,2026-02-24,0,4.6538,3,12,12Y
上海清算所城投债收益率曲线(AA-),远期的即期,2026-02-24,0,4.6502,3,11,11Y
上海清算所城投债收益率曲线(AA-),远期的即期,2026-02-24,0,4.6686,3,10,10Y
上海清算所城投债收益率曲线(AA-),远期的即期,2026-02-24,0,4.6892,3,9,9Y
上海清算所城投债收益率曲线(AA-),远期的即期,2026-02-24,0,4.7114,3,8,8Y
上海清算所城投债收益率曲线(AA-),远期的即期,2026-02-24,0,4.7717,3,7,7Y
上海清算所城投债收益率曲线(AA-),远期的即期,2026-02-24,0,4.7766,3,6,6Y
上海清算所城投债收益率曲线(AA-),远期的即期,2026-02-24,0,4.891,3,5,5Y
上海清算所城投债收益率曲线(AA-),远期的即期,2026-02-24,0,4.9028,3,4,4Y
上海清算所城投债收益率曲线(AA-),远期的即期,2026-02-24,0,4.7586,3,3,3Y
上海清算所城投债收益率曲线(AA-),远期的即期,2026-02-24,0,3.6683,3,2,2Y
上海清算所城投债收益率曲线(AA-),远期的即期,2026-02-24,0,3.6015,3,1,1Y
上海清算所城投债收益率曲线(AA-),远期的即期,2026-02-24,0,4.75,4,11,11Y
上海清算所城投债收益率曲线(AA-),远期的即期,2026-02-24,0,4.7557,4,10,10Y
上海清算所城投债收益率曲线(AA-),远期的即期,2026-02-24,0,4.7878,4,9,9Y
上海清算所城投债收益率曲线(AA-),远期的即期,2026-02-24,0,4.8259,4,8,8Y
上海清算所城投债收益率曲线(AA-),远期的即期,2026-02-24,0,4.8709,4,7,7Y
上海清算所城投债收益率曲线(AA-),远期的即期,2026-02-24,0,4.9681,4,6,6Y
上海清算所城投债收益率曲线(AA-),远期的即期,2026-02-24,0,5.0133,4,5,5Y
上海清算所城投债收益率曲线(AA-),远期的即期,2026-02-24,0,5.2159,4,4,4Y
上海清算所城投债收益率曲线(AA-),远期的即期,2026-02-24,0,5.3402,4,3,3Y
上海清算所城投债收益率曲线(AA-),远期的即期,2026-02-24,0,5.342,4,2,2Y
上海清算所城投债收益率曲线(AA-),远期的即期,2026-02-24,0,3.7351,4,1,1Y
上海清算所城投债收益率曲线(AA-),远期的即期,2026-02-24,0,4.852,5,10,10Y
上海清算所城投债收益率曲线(AA-),远期的即期,2026-02-24,0,4.8697,5,9,9Y
上海清算所城投债收益率曲线(AA-),远期的即期,2026-02-24,0,4.9202,5,8,8Y
上海清算所城投债收益率曲线(AA-),远期的即期,2026-02-24,0,4.9827,5,7,7Y
上海清算所城投债收益率曲线(AA-),远期的即期,2026-02-24,0,5.0614,5,6,6Y
上海清算所城投债收益率曲线(AA-),远期的即期,2026-02-24,0,5.2164,5,5,5Y
上海清算所城投债收益率曲线(AA-),远期的即期,2026-02-24,0,5.3353,5,4,4Y
上海清算所城投债收益率曲线(AA-),远期的即期,2026-02-24,0,5.7141,5,3,3Y
上海清算所城投债收益率曲线(AA-),远期的即期,2026-02-24,0,6.152,5,2,2Y
上海清算所城投债收益率曲线(AA-),远期的即期,2026-02-24,0,6.9738,5,1,1Y
上海清算所城投债收益率曲线(AA-),远期的即期,2026-02-24,0,4.6189,6,9,9Y
上海清算所城投债收益率曲线(AA-),远期的即期,2026-02-24,0,4.6096,6,8,8Y
上海清算所城投债收益率曲线(AA-),远期的即期,2026-02-24,0,4.63,6,7,7Y
上海清算所城投债收益率曲线(AA-),远期的即期,2026-02-24,0,4.6545,6,6,6Y
上海清算所城投债收益率曲线(AA-),远期的即期,2026-02-24,0,4.6831,6,5,5Y
上海清算所城投债收益率曲线(AA-),远期的即期,2026-02-24,0,4.7816,6,4,4Y
上海清算所城投债收益率曲线(AA-),远期的即期,2026-02-24,0,4.7947,6,3,3Y
上海清算所城投债收益率曲线(AA-),远期的即期,2026-02-24,0,5.0899,6,2,2Y
上海清算所城投债收益率曲线(AA-),远期的即期,2026-02-24,0,5.3366,6,1,1Y
上海清算所城投债收益率曲线(AA-),远期的即期,2026-02-24,0,4.5295,7,8,8Y
上海清算所城投债收益率曲线(AA-),远期的即期,2026-02-24,0,4.5061,7,7,7Y
上海清算所城投债收益率曲线(AA-),远期的即期,2026-02-24,0,4.5127,7,6,6Y
上海清算所城投债收益率曲线(AA-),远期的即期,2026-02-24,0,4.5186,7,5,5Y
上海清算所城投债收益率曲线(AA-),远期的即期,2026-02-24,0,4.5203,7,4,4Y
上海清算所城投债收益率曲线(AA-),远期的即期,2026-02-24,0,4.5972,7,3,3Y
上海清算所城投债收益率曲线(AA-),远期的即期,2026-02-24,0,4.5248,7,2,2Y
上海清算所城投债收益率曲线(AA-),远期的即期,2026-02-24,0,4.8438,7,1,1Y
上海清算所城投债收益率曲线(AA-),远期的即期,2026-02-24,0,4.4847,8,7,7Y
上海清算所城投债收益率曲线(AA-),远期的即期,2026-02-24,0,4.45,8,6,6Y
上海清算所城投债收益率曲线(AA-),远期的即期,2026-02-24,0,4.4466,8,5,5Y
上海清算所城投债收益率曲线(AA-),远期的即期,2026-02-24,0,4.4375,8,4,4Y
上海清算所城投债收益率曲线(AA-),远期的即期,2026-02-24,0,4.4127,8,3,3Y
上海清算所城投债收益率曲线(AA-),远期的即期,2026-02-24,0,4.4742,8,2,2Y
上海清算所城投债收益率曲线(AA-),远期的即期,2026-02-24,0,4.2068,8,1,1Y
上海清算所城投债收益率曲线(AA-),远期的即期,2026-02-24,0,4.5311,9,6,6Y
上海清算所城投债收益率曲线(AA-),远期的即期,2026-02-24,0,4.4987,9,5,5Y
上海清算所城投债收益率曲线(AA-),远期的即期,2026-02-24,0,4.5067,9,4,4Y
上海清算所城投债收益率曲线(AA-),远期的即期,2026-02-24,0,4.5145,9,3,3Y
上海清算所城投债收益率曲线(AA-),远期的即期,2026-02-24,0,4.5159,9,2,2Y
上海清算所城投债收益率曲线(AA-),远期的即期,2026-02-24,0,4.7423,9,1,1Y
上海清算所城投债收益率曲线(AA-),远期的即期,2026-02-24,0,4.4889,10,5,5Y
上海清算所城投债收益率曲线(AA-),远期的即期,2026-02-24,0,4.4379,10,4,4Y
上海清算所城投债收益率曲线(AA-),远期的即期,2026-02-24,0,4.4283,10,3,3Y
上海清算所城投债收益率曲线(AA-),远期的即期,2026-02-24,0,4.4008,10,2,2Y
上海清算所城投债收益率曲线(AA-),远期的即期,2026-02-24,0,4.29,10,1,1Y
上海清算所城投债收益率曲线(AA-),远期的即期,2026-02-24,0,4.5387,11,4,4Y
上海清算所城投债收益率曲线(AA-),远期的即期,2026-02-24,0,4.4872,11,3,3Y
上海清算所城投债收益率曲线(AA-),远期的即期,2026-02-24,0,4.4975,11,2,2Y
上海清算所城投债收益率曲线(AA-),远期的即期,2026-02-24,0,4.5117,11,1,1Y
上海清算所城投债收益率曲线(AA-),远期的即期,2026-02-24,0,4.5477,12,3,3Y
上海清算所城投债收益率曲线(AA-),远期的即期,2026-02-24,0,4.475,12,2,2Y
上海清算所城投债收益率曲线(AA-),远期的即期,2026-02-24,0,4.4834,12,1,1Y
上海清算所城投债收益率曲线(AA-),远期的即期,2026-02-24,0,4.5798,13,2,2Y
上海清算所城投债收益率曲线(AA-),远期的即期,2026-02-24,0,4.4666,13,1,1Y
上海清算所城投债收益率曲线(AA-),远期的即期,2026-02-24,0,4.6932,14,1,1Y
上海清算所城投债收益率曲线(AA-),远期的即期,2026-02-25,0,4.311,1,14,14Y
上海清算所城投债收益率曲线(AA-),远期的即期,2026-02-25,0,4.3044,1,13,13Y
上海清算所城投债收益率曲线(AA-),远期的即期,2026-02-25,0,4.2918,1,12,12Y
上海清算所城投债收益率曲线(AA-),远期的即期,2026-02-25,0,4.2751,1,11,11Y
上海清算所城投债收益率曲线(AA-),远期的即期,2026-02-25,0,4.2601,1,10,10Y
上海清算所城投债收益率曲线(AA-),远期的即期,2026-02-25,0,4.2632,1,9,9Y
上海清算所城投债收益率曲线(AA-),远期的即期,2026-02-25,0,4.1883,1,8,8Y
上海清算所城投债收益率曲线(AA-),远期的即期,2026-02-25,0,4.177,1,7,7Y
上海清算所城投债收益率曲线(AA-),远期的即期,2026-02-25,0,4.0706,1,6,6Y
上海清算所城投债收益率曲线(AA-),远期的即期,2026-02-25,0,3.8199,1,5,5Y
上海清算所城投债收益率曲线(AA-),远期的即期,2026-02-25,0,3.0205,1,4,4Y
上海清算所城投债收益率曲线(AA-),远期的即期,2026-02-25,0,2.8409,1,3,3Y
上海清算所城投债收益率曲线(AA-),远期的即期,2026-02-25,0,2.4234,1,2,2Y
上海清算所城投债收益率曲线(AA-),远期的即期,2026-02-25,0,2.2329,1,1,1Y
上海清算所城投债收益率曲线(AA-),远期的即期,2026-02-25,0,4.4726,2,13,13Y
上海清算所城投债收益率曲线(AA-),远期的即期,2026-02-25,0,4.4789,2,12,12Y
上海清算所城投债收益率曲线(AA-),远期的即期,2026-02-25,0,4.481,2,11,11Y
上海清算所城投债收益率曲线(AA-),远期的即期,2026-02-25,0,4.4815,2,10,10Y
上海清算所城投债收益率曲线(AA-),远期的即期,2026-02-25,0,4.4878,2,9,9Y
上海清算所城投债收益率曲线(AA-),远期的即期,2026-02-25,0,4.5198,2,8,8Y
上海清算所城投债收益率曲线(AA-),远期的即期,2026-02-25,0,4.4707,2,7,7Y
上海清算所城投债收益率曲线(AA-),远期的即期,2026-02-25,0,4.5046,2,6,6Y
上海清算所城投债收益率曲线(AA-),远期的即期,2026-02-25,0,4.4421,2,5,5Y
上海清算所城投债收益率曲线(AA-),远期的即期,2026-02-25,0,4.2205,2,4,4Y
上海清算所城投债收益率曲线(AA-),远期的即期,2026-02-25,0,3.2844,2,3,3Y
上海清算所城投债收益率曲线(AA-),远期的即期,2026-02-25,0,3.1462,2,2,2Y
上海清算所城投债收益率曲线(AA-),远期的即期,2026-02-25,0,2.6142,2,1,1Y
上海清算所城投债收益率曲线(AA-),远期的即期,2026-02-25,0,4.629,3,12,12Y
上海清算所城投债收益率曲线(AA-),远期的即期,2026-02-25,0,4.6501,3,11,11Y
上海清算所城投债收益率曲线(AA-),远期的即期,2026-02-25,0,4.6696,3,10,10Y
上海清算所城投债收益率曲线(AA-),远期的即期,2026-02-25,0,4.6911,3,9,9Y
上海清算所城投债收益率曲线(AA-),远期的即期,2026-02-25,0,4.7244,3,8,8Y
上海清算所城投债收益率曲线(AA-),远期的即期,2026-02-25,0,4.7949,3,7,7Y
上海清算所城投债收益率曲线(AA-),远期的即期,2026-02-25,0,4.7834,3,6,6Y
上海清算所城投债收益率曲线(AA-),远期的即期,2026-02-25,0,4.8869,3,5,5Y
上海清算所城投债收益率曲线(AA-),远期的即期,2026-02-25,0,4.9041,3,4,4Y
上海清算所城投债收益率曲线(AA-),远期的即期,2026-02-25,0,4.7615,3,3,3Y
上海清算所城投债收益率曲线(AA-),远期的即期,2026-02-25,0,3.6211,3,2,2Y
上海清算所城投债收益率曲线(AA-),远期的即期,2026-02-25,0,3.681,3,1,1Y
上海清算所城投债收益率曲线(AA-),远期的即期,2026-02-25,0,4.7156,4,11,11Y
上海清算所城投债收益率曲线(AA-),远期的即期,2026-02-25,0,4.7475,4,10,10Y
上海清算所城投债收益率曲线(AA-),远期的即期,2026-02-25,0,4.78,4,9,9Y
上海清算所城投债收益率曲线(AA-),远期的即期,2026-02-25,0,4.818,4,8,8Y
上海清算所城投债收益率曲线(AA-),远期的即期,2026-02-25,0,4.8744,4,7,7Y
上海清算所城投债收益率曲线(AA-),远期的即期,2026-02-25,0,4.9817,4,6,6Y
上海清算所城投债收益率曲线(AA-),远期的即期,2026-02-25,0,5.0052,4,5,5Y
上海清算所城投债收益率曲线(AA-),远期的即期,2026-02-25,0,5.1905,4,4,4Y
上海清算所城投债收益率曲线(AA-),远期的即期,2026-02-25,0,5.315,4,3,3Y
上海清算所城投债收益率曲线(AA-),远期的即期,2026-02-25,0,5.3059,4,2,2Y
上海清算所城投债收益率曲线(AA-),远期的即期,2026-02-25,0,3.5612,4,1,1Y
上海清算所城投债收益率曲线(AA-),远期的即期,2026-02-25,0,4.8318,5,10,10Y
上海清算所城投债收益率曲线(AA-),远期的即期,2026-02-25,0,4.8802,5,9,9Y
上海清算所城投债收益率曲线(AA-),远期的即期,2026-02-25,0,4.9333,5,8,8Y
上海清算所城投债收益率曲线(AA-),远期的即期,2026-02-25,0,4.9988,5,7,7Y
上海清算所城投债收益率曲线(AA-),远期的即期,2026-02-25,0,5.0948,5,6,6Y
上海清算所城投债收益率曲线(AA-),远期的即期,2026-02-25,0,5.2681,5,5,5Y
上海清算所城投债收益率曲线(AA-),远期的即期,2026-02-25,0,5.3694,5,4,4Y
上海清算所城投债收益率曲线(AA-),远期的即期,2026-02-25,0,5.7393,5,3,3Y
上海清算所城投债收益率曲线(AA-),远期的即期,2026-02-25,0,6.203,5,2,2Y
上海清算所城投债收益率曲线(AA-),远期的即期,2026-02-25,0,7.08,5,1,1Y
上海清算所城投债收益率曲线(AA-),远期的即期,2026-02-25,0,4.5849,6,9,9Y
上海清算所城投债收益率曲线(AA-),远期的即期,2026-02-25,0,4.6084,6,8,8Y
上海清算所城投债收益率曲线(AA-),远期的即期,2026-02-25,0,4.6302,6,7,7Y
上海清算所城投债收益率曲线(AA-),远期的即期,2026-02-25,0,4.6559,6,6,6Y
上海清算所城投债收益率曲线(AA-),远期的即期,2026-02-25,0,4.7022,6,5,5Y
上海清算所城投债收益率曲线(AA-),远期的即期,2026-02-25,0,4.82,6,4,4Y
上海清算所城投债收益率曲线(AA-),远期的即期,2026-02-25,0,4.8053,6,3,3Y
上海清算所城投债收益率曲线(AA-),远期的即期,2026-02-25,0,5.0752,6,2,2Y
上海清算所城投债收益率曲线(AA-),远期的即期,2026-02-25,0,5.3332,6,1,1Y
上海清算所城投债收益率曲线(AA-),远期的即期,2026-02-25,0,4.4917,7,8,8Y
上海清算所城投债收益率曲线(AA-),远期的即期,2026-02-25,0,4.5053,7,7,7Y
上海清算所城投债收益率曲线(AA-),远期的即期,2026-02-25,0,4.5135,7,6,6Y
上海清算所城投债收益率曲线(AA-),远期的即期,2026-02-25,0,4.521,7,5,5Y
上海清算所城投债收益率曲线(AA-),远期的即期,2026-02-25,0,4.5451,7,4,4Y
上海清算所城投债收益率曲线(AA-),远期的即期,2026-02-25,0,4.6495,7,3,3Y
上海清算所城投债收益率曲线(AA-),远期的即期,2026-02-25,0,4.5423,7,2,2Y
上海清算所城投债收益率曲线(AA-),远期的即期,2026-02-25,0,4.8179,7,1,1Y
上海清算所城投债收益率曲线(AA-),远期的即期,2026-02-25,0,4.4452,8,7,7Y
上海清算所城投债收益率曲线(AA-),远期的即期,2026-02-25,0,4.4532,8,6,6Y
上海清算所城投债收益率曲线(AA-),远期的即期,2026-02-25,0,4.4527,8,5,5Y
上海清算所城投债收益率曲线(AA-),远期的即期,2026-02-25,0,4.4469,8,4,4Y
上海清算所城投债收益率曲线(AA-),远期的即期,2026-02-25,0,4.4543,8,3,3Y
上海清算所城投债收益率曲线(AA-),远期的即期,2026-02-25,0,4.5654,8,2,2Y
上海清算所城投债收益率曲线(AA-),远期的即期,2026-02-25,0,4.2674,8,1,1Y
上海清算所城投债收益率曲线(AA-),远期的即期,2026-02-25,0,4.4749,9,6,6Y
上海清算所城投债收益率曲线(AA-),远期的即期,2026-02-25,0,4.4904,9,5,5Y
上海清算所城投债收益率曲线(AA-),远期的即期,2026-02-25,0,4.4991,9,4,4Y
上海清算所城投债收益率曲线(AA-),远期的即期,2026-02-25,0,4.5068,9,3,3Y
上海清算所城投债收益率曲线(AA-),远期的即期,2026-02-25,0,4.5478,9,2,2Y
上海清算所城投债收益率曲线(AA-),远期的即期,2026-02-25,0,4.8642,9,1,1Y
上海清算所城投债收益率曲线(AA-),远期的即期,2026-02-25,0,4.3972,10,5,5Y
上海清算所城投债收益率曲线(AA-),远期的即期,2026-02-25,0,4.3972,10,4,4Y
上海清算所城投债收益率曲线(AA-),远期的即期,2026-02-25,0,4.3777,10,3,3Y
上海清算所城投债收益率曲线(AA-),远期的即期,2026-02-25,0,4.3285,10,2,2Y
上海清算所城投债收益率曲线(AA-),远期的即期,2026-02-25,0,4.2325,10,1,1Y
上海清算所城投债收益率曲线(AA-),远期的即期,2026-02-25,0,4.4384,11,4,4Y
上海清算所城投债收益率曲线(AA-),远期的即期,2026-02-25,0,4.4522,11,3,3Y
上海清算所城投债收益率曲线(AA-),远期的即期,2026-02-25,0,4.4504,11,2,2Y
上海清算所城投债收益率曲线(AA-),远期的即期,2026-02-25,0,4.4247,11,1,1Y
上海清算所城投债收益率曲线(AA-),远期的即期,2026-02-25,0,4.443,12,3,3Y
上海清算所城投债收益率曲线(AA-),远期的即期,2026-02-25,0,4.4659,12,2,2Y
上海清算所城投债收益率曲线(AA-),远期的即期,2026-02-25,0,4.4761,12,1,1Y
上海清算所城投债收益率曲线(AA-),远期的即期,2026-02-25,0,4.4265,13,2,2Y
上海清算所城投债收益率曲线(AA-),远期的即期,2026-02-25,0,4.4558,13,1,1Y
上海清算所城投债收益率曲线(AA-),远期的即期,2026-02-25,0,4.3972,14,1,1Y
上海清算所城投债收益率曲线(AA-),远期的即期,2026-02-26,0,4.3279,1,14,14Y
上海清算所城投债收益率曲线(AA-),远期的即期,2026-02-26,0,4.3193,1,13,13Y
上海清算所城投债收益率曲线(AA-),远期的即期,2026-02-26,0,4.3039,1,12,12Y
上海清算所城投债收益率曲线(AA-),远期的即期,2026-02-26,0,4.2847,1,11,11Y
上海清算所城投债收益率曲线(AA-),远期的即期,2026-02-26,0,4.2684,1,10,10Y
上海清算所城投债收益率曲线(AA-),远期的即期,2026-02-26,0,4.2722,1,9,9Y
上海清算所城投债收益率曲线(AA-),远期的即期,2026-02-26,0,4.2017,1,8,8Y
上海清算所城投债收益率曲线(AA-),远期的即期,2026-02-26,0,4.1963,1,7,7Y
上海清算所城投债收益率曲线(AA-),远期的即期,2026-02-26,0,4.0929,1,6,6Y
上海清算所城投债收益率曲线(AA-),远期的即期,2026-02-26,0,3.8378,1,5,5Y
上海清算所城投债收益率曲线(AA-),远期的即期,2026-02-26,0,3.0313,1,4,4Y
上海清算所城投债收益率曲线(AA-),远期的即期,2026-02-26,0,2.8496,1,3,3Y
上海清算所城投债收益率曲线(AA-),远期的即期,2026-02-26,0,2.4298,1,2,2Y
上海清算所城投债收益率曲线(AA-),远期的即期,2026-02-26,0,2.2343,1,1,1Y
上海清算所城投债收益率曲线(AA-),远期的即期,2026-02-26,0,4.4907,2,13,13Y
上海清算所城投债收益率曲线(AA-),远期的即期,2026-02-26,0,4.4949,2,12,12Y
上海清算所城投债收益率曲线(AA-),远期的即期,2026-02-26,0,4.4941,2,11,11Y
上海清算所城投债收益率曲线(AA-),远期的即期,2026-02-26,0,4.492,2,10,10Y
上海清算所城投债收益率曲线(AA-),远期的即期,2026-02-26,0,4.4969,2,9,9Y
上海清算所城投债收益率曲线(AA-),远期的即期,2026-02-26,0,4.5298,2,8,8Y
上海清算所城投债收益率曲线(AA-),远期的即期,2026-02-26,0,4.4858,2,7,7Y
上海清算所城投债收益率曲线(AA-),远期的即期,2026-02-26,0,4.5269,2,6,6Y
上海清算所城投债收益率曲线(AA-),远期的即期,2026-02-26,0,4.4687,2,5,5Y
上海清算所城投债收益率曲线(AA-),远期的即期,2026-02-26,0,4.2427,2,4,4Y
上海清算所城投债收益率曲线(AA-),远期的即期,2026-02-26,0,3.2984,2,3,3Y
上海清算所城投债收益率曲线(AA-),远期的即期,2026-02-26,0,3.1587,2,2,2Y
上海清算所城投债收益率曲线(AA-),远期的即期,2026-02-26,0,2.6257,2,1,1Y
上海清算所城投债收益率曲线(AA-),远期的即期,2026-02-26,0,4.6476,3,12,12Y
上海清算所城投债收益率曲线(AA-),远期的即期,2026-02-26,0,4.6665,3,11,11Y
上海清算所城投债收益率曲线(AA-),远期的即期,2026-02-26,0,4.6828,3,10,10Y
上海清算所城投债收益率曲线(AA-),远期的即期,2026-02-26,0,4.7014,3,9,9Y
上海清算所城投债收益率曲线(AA-),远期的即期,2026-02-26,0,4.7332,3,8,8Y
上海清算所城投债收益率曲线(AA-),远期的即期,2026-02-26,0,4.8047,3,7,7Y
上海清算所城投债收益率曲线(AA-),远期的即期,2026-02-26,0,4.7991,3,6,6Y
上海清算所城投债收益率曲线(AA-),远期的即期,2026-02-26,0,4.9113,3,5,5Y
上海清算所城投债收益率曲线(AA-),远期的即期,2026-02-26,0,4.9346,3,4,4Y
上海清算所城投债收益率曲线(AA-),远期的即期,2026-02-26,0,4.7873,3,3,3Y
上海清算所城投债收益率曲线(AA-),远期的即期,2026-02-26,0,3.6364,3,2,2Y
上海清算所城投债收益率曲线(AA-),远期的即期,2026-02-26,0,3.6944,3,1,1Y
上海清算所城投债收益率曲线(AA-),远期的即期,2026-02-26,0,4.7347,4,11,11Y
上海清算所城投债收益率曲线(AA-),远期的即期,2026-02-26,0,4.7642,4,10,10Y
上海清算所城投债收益率曲线(AA-),远期的即期,2026-02-26,0,4.7932,4,9,9Y
上海清算所城投债收益率曲线(AA-),远期的即期,2026-02-26,0,4.828,4,8,8Y
上海清算所城投债收益率曲线(AA-),远期的即期,2026-02-26,0,4.8824,4,7,7Y
上海清算所城投债收益率曲线(AA-),远期的即期,2026-02-26,0,4.9909,4,6,6Y
上海清算所城投债收益率曲线(AA-),远期的即期,2026-02-26,0,5.0214,4,5,5Y
上海清算所城投债收益率曲线(AA-),远期的即期,2026-02-26,0,5.2178,4,4,4Y
上海清算所城投债收益率曲线(AA-),远期的即期,2026-02-26,0,5.3512,4,3,3Y
上海清算所城投债收益率曲线(AA-),远期的即期,2026-02-26,0,5.338,4,2,2Y
上海清算所城投债收益率曲线(AA-),远期的即期,2026-02-26,0,3.5784,4,1,1Y
上海清算所城投债收益率曲线(AA-),远期的即期,2026-02-26,0,4.8511,5,10,10Y
上海清算所城投债收益率曲线(AA-),远期的即期,2026-02-26,0,4.8968,5,9,9Y
上海清算所城投债收益率曲线(AA-),远期的即期,2026-02-26,0,4.946,5,8,8Y
上海清算所城投债收益率曲线(AA-),远期的即期,2026-02-26,0,5.0077,5,7,7Y
上海清算所城投债收益率曲线(AA-),远期的即期,2026-02-26,0,5.1013,5,6,6Y
上海清算所城投债收益率曲线(AA-),远期的即期,2026-02-26,0,5.2757,5,5,5Y
上海清算所城投债收益率曲线(AA-),远期的即期,2026-02-26,0,5.3853,5,4,4Y
上海清算所城投债收益率曲线(AA-),远期的即期,2026-02-26,0,5.77,5,3,3Y
上海清算所城投债收益率曲线(AA-),远期的即期,2026-02-26,0,6.249,5,2,2Y
上海清算所城投债收益率曲线(AA-),远期的即期,2026-02-26,0,7.1276,5,1,1Y
上海清算所城投债收益率曲线(AA-),远期的即期,2026-02-26,0,4.6011,6,9,9Y
上海清算所城投债收益率曲线(AA-),远期的即期,2026-02-26,0,4.6213,6,8,8Y
上海清算所城投债收益率曲线(AA-),远期的即期,2026-02-26,0,4.6381,6,7,7Y
上海清算所城投债收益率曲线(AA-),远期的即期,2026-02-26,0,4.6585,6,6,6Y
上海清算所城投债收益率曲线(AA-),远期的即期,2026-02-26,0,4.7007,6,5,5Y
上海清算所城投债收益率曲线(AA-),远期的即期,2026-02-26,0,4.8178,6,4,4Y
上海清算所城投债收益率曲线(AA-),远期的即期,2026-02-26,0,4.8109,6,3,3Y
上海清算所城投债收益率曲线(AA-),远期的即期,2026-02-26,0,5.0977,6,2,2Y
上海清算所城投债收益率曲线(AA-),远期的即期,2026-02-26,0,5.3776,6,1,1Y
上海清算所城投债收益率曲线(AA-),远期的即期,2026-02-26,0,4.5045,7,8,8Y
上海清算所城投债收益率曲线(AA-),远期的即期,2026-02-26,0,4.5137,7,7,7Y
上海清算所城投债收益率曲线(AA-),远期的即期,2026-02-26,0,4.5153,7,6,6Y
上海清算所城投债收益率曲线(AA-),远期的即期,2026-02-26,0,4.5152,7,5,5Y
上海清算所城投债收益率曲线(AA-),远期的即期,2026-02-26,0,4.5321,7,4,4Y
上海清算所城投债收益率曲线(AA-),远期的即期,2026-02-26,0,4.6319,7,3,3Y
上海清算所城投债收益率曲线(AA-),远期的即期,2026-02-26,0,4.5287,7,2,2Y
上海清算所城投债收益率曲线(AA-),远期的即期,2026-02-26,0,4.8185,7,1,1Y
上海清算所城投债收益率曲线(AA-),远期的即期,2026-02-26,0,4.4597,8,7,7Y
上海清算所城投债收益率曲线(AA-),远期的即期,2026-02-26,0,4.4629,8,6,6Y
上海清算所城投债收益率曲线(AA-),远期的即期,2026-02-26,0,4.4548,8,5,5Y
上海清算所城投债收益率曲线(AA-),远期的即期,2026-02-26,0,4.4396,8,4,4Y
上海清算所城投债收益率曲线(AA-),远期的即期,2026-02-26,0,4.4369,8,3,3Y
上海清算所城投债收益率曲线(AA-),远期的即期,2026-02-26,0,4.5387,8,2,2Y
上海清算所城投债收益率曲线(AA-),远期的即期,2026-02-26,0,4.2397,8,1,1Y
上海清算所城投债收益率曲线(AA-),远期的即期,2026-02-26,0,4.4964,9,6,6Y
上海清算所城投债收益率曲线(AA-),远期的即期,2026-02-26,0,4.5076,9,5,5Y
上海清算所城投债收益率曲线(AA-),远期的即期,2026-02-26,0,4.5086,9,4,4Y
上海清算所城投债收益率曲线(AA-),远期的即期,2026-02-26,0,4.5063,9,3,3Y
上海清算所城投债收益率曲线(AA-),远期的即期,2026-02-26,0,4.5356,9,2,2Y
上海清算所城投债收益率曲线(AA-),远期的即期,2026-02-26,0,4.8385,9,1,1Y
上海清算所城投债收益率曲线(AA-),远期的即期,2026-02-26,0,4.4281,10,5,5Y
上海清算所城投债收益率曲线(AA-),远期的即期,2026-02-26,0,4.4251,10,4,4Y
上海清算所城投债收益率曲线(AA-),远期的即期,2026-02-26,0,4.3989,10,3,3Y
上海清算所城投债收益率曲线(AA-),远期的即期,2026-02-26,0,4.3406,10,2,2Y
上海清算所城投债收益率曲线(AA-),远期的即期,2026-02-26,0,4.2336,10,1,1Y
上海清算所城投债收益率曲线(AA-),远期的即期,2026-02-26,0,4.4768,11,4,4Y
上海清算所城投债收益率曲线(AA-),远期的即期,2026-02-26,0,4.489,11,3,3Y
上海清算所城投债收益率曲线(AA-),远期的即期,2026-02-26,0,4.4816,11,2,2Y
上海清算所城投债收益率曲线(AA-),远期的即期,2026-02-26,0,4.4477,11,1,1Y
上海清算所城投债收益率曲线(AA-),远期的即期,2026-02-26,0,4.4865,12,3,3Y
上海清算所城投债收益率曲线(AA-),远期的即期,2026-02-26,0,4.5097,12,2,2Y
上海清算所城投债收益率曲线(AA-),远期的即期,2026-02-26,0,4.5155,12,1,1Y
上海清算所城投债收益率曲线(AA-),远期的即期,2026-02-26,0,4.4721,13,2,2Y
上海清算所城投债收益率曲线(AA-),远期的即期,2026-02-26,0,4.5038,13,1,1Y
上海清算所城投债收益率曲线(AA-),远期的即期,2026-02-26,0,4.4403,14,1,1Y
上海清算所城投债收益率曲线(AA-),远期的即期,2026-02-27,0,4.351,1,14,14Y
上海清算所城投债收益率曲线(AA-),远期的即期,2026-02-27,0,4.3376,1,13,13Y
上海清算所城投债收益率曲线(AA-),远期的即期,2026-02-27,0,4.3308,1,12,12Y
上海清算所城投债收益率曲线(AA-),远期的即期,2026-02-27,0,4.3154,1,11,11Y
上海清算所城投债收益率曲线(AA-),远期的即期,2026-02-27,0,4.3139,1,10,10Y
上海清算所城投债收益率曲线(AA-),远期的即期,2026-02-27,0,4.2748,1,9,9Y
上海清算所城投债收益率曲线(AA-),远期的即期,2026-02-27,0,4.1919,1,8,8Y
上海清算所城投债收益率曲线(AA-),远期的即期,2026-02-27,0,4.2222,1,7,7Y
上海清算所城投债收益率曲线(AA-),远期的即期,2026-02-27,0,4.1026,1,6,6Y
上海清算所城投债收益率曲线(AA-),远期的即期,2026-02-27,0,3.8094,1,5,5Y
上海清算所城投债收益率曲线(AA-),远期的即期,2026-02-27,0,3.0371,1,4,4Y
上海清算所城投债收益率曲线(AA-),远期的即期,2026-02-27,0,2.8724,1,3,3Y
上海清算所城投债收益率曲线(AA-),远期的即期,2026-02-27,0,2.4391,1,2,2Y
上海清算所城投债收益率曲线(AA-),远期的即期,2026-02-27,0,2.2691,1,1,1Y
上海清算所城投债收益率曲线(AA-),远期的即期,2026-02-27,0,4.5129,2,13,13Y
上海清算所城投债收益率曲线(AA-),远期的即期,2026-02-27,0,4.5118,2,12,12Y
上海清算所城投债收益率曲线(AA-),远期的即期,2026-02-27,0,4.5203,2,11,11Y
上海清算所城投债收益率曲线(AA-),远期的即期,2026-02-27,0,4.5223,2,10,10Y
上海清算所城投债收益率曲线(AA-),远期的即期,2026-02-27,0,4.5436,2,9,9Y
上海清算所城投债收益率曲线(AA-),远期的即期,2026-02-27,0,4.5283,2,8,8Y
上海清算所城投债收益率曲线(AA-),远期的即期,2026-02-27,0,4.4695,2,7,7Y
上海清算所城投债收益率曲线(AA-),远期的即期,2026-02-27,0,4.5513,2,6,6Y
上海清算所城投债收益率曲线(AA-),远期的即期,2026-02-27,0,4.4732,2,5,5Y
上海清算所城投债收益率曲线(AA-),远期的即期,2026-02-27,0,4.1981,2,4,4Y
上海清算所城投债收益率曲线(AA-),远期的即期,2026-02-27,0,3.2943,2,3,3Y
上海清算所城投债收益率曲线(AA-),远期的即期,2026-02-27,0,3.1754,2,2,2Y
上海清算所城投债收益率曲线(AA-),远期的即期,2026-02-27,0,2.6094,2,1,1Y
上海清算所城投债收益率曲线(AA-),远期的即期,2026-02-27,0,4.6731,3,12,12Y
上海清算所城投债收益率曲线(AA-),远期的即期,2026-02-27,0,4.6865,3,11,11Y
上海清算所城投债收益率曲线(AA-),远期的即期,2026-02-27,0,4.7133,3,10,10Y
上海清算所城投债收益率曲线(AA-),远期的即期,2026-02-27,0,4.737,3,9,9Y
上海清算所城投债收益率曲线(AA-),远期的即期,2026-02-27,0,4.7879,3,8,8Y
上海清算所城投债收益率曲线(AA-),远期的即期,2026-02-27,0,4.8054,3,7,7Y
上海清算所城投债收益率曲线(AA-),远期的即期,2026-02-27,0,4.7828,3,6,6Y
上海清算所城投债收益率曲线(AA-),远期的即期,2026-02-27,0,4.9441,3,5,5Y
上海清算所城投债收益率曲线(AA-),远期的即期,2026-02-27,0,4.9444,3,4,4Y
上海清算所城投债收益率曲线(AA-),远期的即期,2026-02-27,0,4.7331,3,3,3Y
上海清算所城投债收益率曲线(AA-),远期的即期,2026-02-27,0,3.6385,3,2,2Y
上海清算所城投债收益率曲线(AA-),远期的即期,2026-02-27,0,3.7445,3,1,1Y
上海清算所城投债收益率曲线(AA-),远期的即期,2026-02-27,0,4.7579,4,11,11Y
上海清算所城投债收益率曲线(AA-),远期的即期,2026-02-27,0,4.7812,4,10,10Y
上海清算所城投债收益率曲线(AA-),远期的即期,2026-02-27,0,4.8215,4,9,9Y
上海清算所城投债收益率曲线(AA-),远期的即期,2026-02-27,0,4.8618,4,8,8Y
上海清算所城投债收益率曲线(AA-),远期的即期,2026-02-27,0,4.9379,4,7,7Y
上海清算所城投债收益率曲线(AA-),远期的即期,2026-02-27,0,4.9832,4,6,6Y
上海清算所城投债收益率曲线(AA-),远期的即期,2026-02-27,0,4.9917,4,5,5Y
上海清算所城投债收益率曲线(AA-),远期的即期,2026-02-27,0,5.2461,4,4,4Y
上海清算所城投债收益率曲线(AA-),远期的即期,2026-02-27,0,5.3475,4,3,3Y
上海清算所城投债收益率曲线(AA-),远期的即期,2026-02-27,0,5.231,4,2,2Y
上海清算所城投债收益率曲线(AA-),远期的即期,2026-02-27,0,3.5327,4,1,1Y
上海清算所城投债收益率曲线(AA-),远期的即期,2026-02-27,0,4.8812,5,10,10Y
上海清算所城投债收益率曲线(AA-),远期的即期,2026-02-27,0,4.9208,5,9,9Y
上海清算所城投债收益率曲线(AA-),远期的即期,2026-02-27,0,4.9838,5,8,8Y
上海清算所城投债收益率曲线(AA-),远期的即期,2026-02-27,0,5.053,5,7,7Y
上海清算所城投债收益率曲线(AA-),远期的即期,2026-02-27,0,5.1739,5,6,6Y
上海清算所城投债收益率曲线(AA-),远期的即期,2026-02-27,0,5.2758,5,5,5Y
上海清算所城投债收益率曲线(AA-),远期的即期,2026-02-27,0,5.3596,5,4,4Y
上海清算所城投债收益率曲线(AA-),远期的即期,2026-02-27,0,5.8235,5,3,3Y
上海清算所城投债收益率曲线(AA-),远期的即期,2026-02-27,0,6.2668,5,2,2Y
上海清算所城投债收益率曲线(AA-),远期的即期,2026-02-27,0,6.9572,5,1,1Y
上海清算所城投债收益率曲线(AA-),远期的即期,2026-02-27,0,4.653,6,9,9Y
上海清算所城投债收益率曲线(AA-),远期的即期,2026-02-27,0,4.669,6,8,8Y
上海清算所城投债收益率曲线(AA-),远期的即期,2026-02-27,0,4.7048,6,7,7Y
上海清算所城投债收益率曲线(AA-),远期的即期,2026-02-27,0,4.739,6,6,6Y
上海清算所城投债收益率曲线(AA-),远期的即期,2026-02-27,0,4.8208,6,5,5Y
上海清算所城投债收益率曲线(AA-),远期的即期,2026-02-27,0,4.8595,6,4,4Y
上海清算所城投债收益率曲线(AA-),远期的即期,2026-02-27,0,4.8324,6,3,3Y
上海清算所城投债收益率曲线(AA-),远期的即期,2026-02-27,0,5.2612,6,2,2Y
上海清算所城投债收益率曲线(AA-),远期的即期,2026-02-27,0,5.5808,6,1,1Y
上海清算所城投债收益率曲线(AA-),远期的即期,2026-02-27,0,4.5376,7,8,8Y
上海清算所城投债收益率曲线(AA-),远期的即期,2026-02-27,0,4.5394,7,7,7Y
上海清算所城投债收益率曲线(AA-),远期的即期,2026-02-27,0,4.5595,7,6,6Y
上海清算所城投债收益率曲线(AA-),远期的即期,2026-02-27,0,4.5714,7,5,5Y
上海清算所城投债收益率曲线(AA-),远期的即期,2026-02-27,0,4.6317,7,4,4Y
上海清算所城投债收益率曲线(AA-),远期的即期,2026-02-27,0,4.6202,7,3,3Y
上海清算所城投债收益率曲线(AA-),远期的即期,2026-02-27,0,4.4603,7,2,2Y
上海清算所城投债收益率曲线(AA-),远期的即期,2026-02-27,0,4.9426,7,1,1Y
上海清算所城投债收益率曲线(AA-),远期的即期,2026-02-27,0,4.4799,8,7,7Y
上海清算所城投债收益率曲线(AA-),远期的即期,2026-02-27,0,4.4724,8,6,6Y
上海清算所城投债收益率曲线(AA-),远期的即期,2026-02-27,0,4.4831,8,5,5Y
上海清算所城投债收益率曲线(AA-),远期的即期,2026-02-27,0,4.4788,8,4,4Y
上海清算所城投债收益率曲线(AA-),远期的即期,2026-02-27,0,4.5282,8,3,3Y
上海清算所城投债收益率曲线(AA-),远期的即期,2026-02-27,0,4.4594,8,2,2Y
上海清算所城投债收益率曲线(AA-),远期的即期,2026-02-27,0,3.9801,8,1,1Y
上海清算所城投债收益率曲线(AA-),远期的即期,2026-02-27,0,4.5635,9,6,6Y
上海清算所城投债收益率曲线(AA-),远期的即期,2026-02-27,0,4.5711,9,5,5Y
上海清算所城投债收益率曲线(AA-),远期的即期,2026-02-27,0,4.6092,9,4,4Y
上海清算所城投债收益率曲线(AA-),远期的即期,2026-02-27,0,4.6456,9,3,3Y
上海清算所城投债收益率曲线(AA-),远期的即期,2026-02-27,0,4.8034,9,2,2Y
上海清算所城投债收益率曲线(AA-),远期的即期,2026-02-27,0,4.9409,9,1,1Y
上海清算所城投债收益率曲线(AA-),远期的即期,2026-02-27,0,4.4881,10,5,5Y
上海清算所城投债收益率曲线(AA-),远期的即期,2026-02-27,0,4.4788,10,4,4Y
上海清算所城投债收益率曲线(AA-),远期的即期,2026-02-27,0,4.4989,10,3,3Y
上海清算所城投债收益率曲线(AA-),远期的即期,2026-02-27,0,4.4982,10,2,2Y
上海清算所城投债收益率曲线(AA-),远期的即期,2026-02-27,0,4.666,10,1,1Y
上海清算所城投债收益率曲线(AA-),远期的即期,2026-02-27,0,4.4437,11,4,4Y
上海清算所城投债收益率曲线(AA-),远期的即期,2026-02-27,0,4.4165,11,3,3Y
上海清算所城投债收益率曲线(AA-),远期的即期,2026-02-27,0,4.4154,11,2,2Y
上海清算所城投债收益率曲线(AA-),远期的即期,2026-02-27,0,4.3307,11,1,1Y
上海清算所城投债收益率曲线(AA-),远期的即期,2026-02-27,0,4.4814,12,3,3Y
上海清算所城投债收益率曲线(AA-),远期的即期,2026-02-27,0,4.4594,12,2,2Y
上海清算所城投债收益率曲线(AA-),远期的即期,2026-02-27,0,4.5001,12,1,1Y
上海清算所城投债收益率曲线(AA-),远期的即期,2026-02-27,0,4.472,13,2,2Y
上海清算所城投债收益率曲线(AA-),远期的即期,2026-02-27,0,4.4187,13,1,1Y
上海清算所城投债收益率曲线(AA-),远期的即期,2026-02-27,0,4.5254,14,1,1Y
上海清算所城投债收益率曲线(AA-),远期的即期,2026-02-28,0,4.3349,1,14,14Y
上海清算所城投债收益率曲线(AA-),远期的即期,2026-02-28,0,4.3188,1,13,13Y
上海清算所城投债收益率曲线(AA-),远期的即期,2026-02-28,0,4.311,1,12,12Y
上海清算所城投债收益率曲线(AA-),远期的即期,2026-02-28,0,4.2961,1,11,11Y
上海清算所城投债收益率曲线(AA-),远期的即期,2026-02-28,0,4.296,1,10,10Y
上海清算所城投债收益率曲线(AA-),远期的即期,2026-02-28,0,4.2592,1,9,9Y
上海清算所城投债收益率曲线(AA-),远期的即期,2026-02-28,0,4.1794,1,8,8Y
上海清算所城投债收益率曲线(AA-),远期的即期,2026-02-28,0,4.2131,1,7,7Y
上海清算所城投债收益率曲线(AA-),远期的即期,2026-02-28,0,4.0961,1,6,6Y
上海清算所城投债收益率曲线(AA-),远期的即期,2026-02-28,0,3.8013,1,5,5Y
上海清算所城投债收益率曲线(AA-),远期的即期,2026-02-28,0,3.0265,1,4,4Y
上海清算所城投债收益率曲线(AA-),远期的即期,2026-02-28,0,2.8646,1,3,3Y
上海清算所城投债收益率曲线(AA-),远期的即期,2026-02-28,0,2.4352,1,2,2Y
上海清算所城投债收益率曲线(AA-),远期的即期,2026-02-28,0,2.2658,1,1,1Y
上海清算所城投债收益率曲线(AA-),远期的即期,2026-02-28,0,4.4958,2,13,13Y
上海清算所城投债收益率曲线(AA-),远期的即期,2026-02-28,0,4.4917,2,12,12Y
上海清算所城投债收益率曲线(AA-),远期的即期,2026-02-28,0,4.499,2,11,11Y
上海清算所城投债收益率曲线(AA-),远期的即期,2026-02-28,0,4.5013,2,10,10Y
上海清算所城投债收益率曲线(AA-),远期的即期,2026-02-28,0,4.524,2,9,9Y
上海清算所城投债收益率曲线(AA-),远期的即期,2026-02-28,0,4.5111,2,8,8Y
上海清算所城投债收益率曲线(AA-),远期的即期,2026-02-28,0,4.4557,2,7,7Y
上海清算所城投债收益率曲线(AA-),远期的即期,2026-02-28,0,4.5413,2,6,6Y
上海清算所城投债收益率曲线(AA-),远期的即期,2026-02-28,0,4.4661,2,5,5Y
上海清算所城投债收益率曲线(AA-),远期的即期,2026-02-28,0,4.1888,2,4,4Y
上海清算所城投债收益率曲线(AA-),远期的即期,2026-02-28,0,3.2814,2,3,3Y
上海清算所城投债收益率曲线(AA-),远期的即期,2026-02-28,0,3.1653,2,2,2Y
上海清算所城投债收益率曲线(AA-),远期的即期,2026-02-28,0,2.6048,2,1,1Y
上海清算所城投债收益率曲线(AA-),远期的即期,2026-02-28,0,4.6549,3,12,12Y
上海清算所城投债收益率曲线(AA-),远期的即期,2026-02-28,0,4.6649,3,11,11Y
上海清算所城投债收益率曲线(AA-),远期的即期,2026-02-28,0,4.6903,3,10,10Y
上海清算所城投债收益率曲线(AA-),远期的即期,2026-02-28,0,4.7142,3,9,9Y
上海清算所城投债收益率曲线(AA-),远期的即期,2026-02-28,0,4.7665,3,8,8Y
上海清算所城投债收益率曲线(AA-),远期的即期,2026-02-28,0,4.7863,3,7,7Y
上海清算所城投债收益率曲线(AA-),远期的即期,2026-02-28,0,4.7674,3,6,6Y
上海清算所城投债收益率曲线(AA-),远期的即期,2026-02-28,0,4.9329,3,5,5Y
上海清算所城投债收益率曲线(AA-),远期的即期,2026-02-28,0,4.9367,3,4,4Y
上海清算所城投债收益率曲线(AA-),远期的即期,2026-02-28,0,4.7222,3,3,3Y
上海清算所城投债收益率曲线(AA-),远期的即期,2026-02-28,0,3.6213,3,2,2Y
上海清算所城投债收益率曲线(AA-),远期的即期,2026-02-28,0,3.7288,3,1,1Y
上海清算所城投债收益率曲线(AA-),远期的即期,2026-02-28,0,4.7395,4,11,11Y
上海清算所城投债收益率曲线(AA-),远期的即期,2026-02-28,0,4.759,4,10,10Y
上海清算所城投债收益率曲线(AA-),远期的即期,2026-02-28,0,4.7977,4,9,9Y
上海清算所城投债收益率曲线(AA-),远期的即期,2026-02-28,0,4.8381,4,8,8Y
上海清算所城投债收益率曲线(AA-),远期的即期,2026-02-28,0,4.9155,4,7,7Y
上海清算所城投债收益率曲线(AA-),远期的即期,2026-02-28,0,4.9636,4,6,6Y
上海清算所城投债收益率曲线(AA-),远期的即期,2026-02-28,0,4.9763,4,5,5Y
上海清算所城投债收益率曲线(AA-),远期的即期,2026-02-28,0,5.2362,4,4,4Y
上海清算所城投债收益率曲线(AA-),远期的即期,2026-02-28,0,5.3425,4,3,3Y
上海清算所城投债收益率曲线(AA-),远期的即期,2026-02-28,0,5.2224,4,2,2Y
上海清算所城投债收益率曲线(AA-),远期的即期,2026-02-28,0,3.514,4,1,1Y
上海清算所城投债收益率曲线(AA-),远期的即期,2026-02-28,0,4.8629,5,10,10Y
上海清算所城投债收益率曲线(AA-),远期的即期,2026-02-28,0,4.8983,5,9,9Y
上海清算所城投债收益率曲线(AA-),远期的即期,2026-02-28,0,4.9593,5,8,8Y
上海清算所城投债收益率曲线(AA-),远期的即期,2026-02-28,0,5.0286,5,7,7Y
上海清算所城投债收益率曲线(AA-),远期的即期,2026-02-28,0,5.151,5,6,6Y
上海清算所城投债收益率曲线(AA-),远期的即期,2026-02-28,0,5.256,5,5,5Y
上海清算所城投债收益率曲线(AA-),远期的即期,2026-02-28,0,5.3451,5,4,4Y
上海清算所城投债收益率曲线(AA-),远期的即期,2026-02-28,0,5.8165,5,3,3Y
上海清算所城投债收益率曲线(AA-),远期的即期,2026-02-28,0,6.2688,5,2,2Y
上海清算所城投债收益率曲线(AA-),远期的即期,2026-02-28,0,6.9591,5,1,1Y
上海清算所城投债收益率曲线(AA-),远期的即期,2026-02-28,0,4.6325,6,9,9Y
上海清算所城投债收益率曲线(AA-),远期的即期,2026-02-28,0,4.6435,6,8,8Y
上海清算所城投债收益率曲线(AA-),远期的即期,2026-02-28,0,4.6767,6,7,7Y
上海清算所城投债收益率曲线(AA-),远期的即期,2026-02-28,0,4.7103,6,6,6Y
上海清算所城投债收益率曲线(AA-),远期的即期,2026-02-28,0,4.793,6,5,5Y
上海清算所城投债收益率曲线(AA-),远期的即期,2026-02-28,0,4.8344,6,4,4Y
上海清算所城投债收益率曲线(AA-),远期的即期,2026-02-28,0,4.8126,6,3,3Y
上海清算所城投债收益率曲线(AA-),远期的即期,2026-02-28,0,5.2499,6,2,2Y
上海清算所城投债收益率曲线(AA-),远期的即期,2026-02-28,0,5.5829,6,1,1Y
上海清算所城投债收益率曲线(AA-),远期的即期,2026-02-28,0,4.5143,7,8,8Y
上海清算所城投债收益率曲线(AA-),远期的即期,2026-02-28,0,4.51,7,7,7Y
上海清算所城投债收益率曲线(AA-),远期的即期,2026-02-28,0,4.5264,7,6,6Y
上海清算所城投债收益率曲线(AA-),远期的即期,2026-02-28,0,4.5366,7,5,5Y
上海清算所城投债收益率曲线(AA-),远期的即期,2026-02-28,0,4.5965,7,4,4Y
上海清算所城投债收益率曲线(AA-),远期的即期,2026-02-28,0,4.5861,7,3,3Y
上海清算所城投债收益率曲线(AA-),远期的即期,2026-02-28,0,4.4295,7,2,2Y
上海清算所城投债收益率曲线(AA-),远期的即期,2026-02-28,0,4.9179,7,1,1Y
上海清算所城投债收益率曲线(AA-),远期的即期,2026-02-28,0,4.4568,8,7,7Y
上海清算所城投债收益率曲线(AA-),远期的即期,2026-02-28,0,4.4421,8,6,6Y
上海清算所城投债收益率曲线(AA-),远期的即期,2026-02-28,0,4.4482,8,5,5Y
上海清算所城投债收益率曲线(AA-),远期的即期,2026-02-28,0,4.4415,8,4,4Y
上海清算所城投债收益率曲线(AA-),远期的即期,2026-02-28,0,4.4896,8,3,3Y
上海清算所城投债收益率曲线(AA-),远期的即期,2026-02-28,0,4.4207,8,2,2Y
上海清算所城投债收益率曲线(AA-),远期的即期,2026-02-28,0,3.9434,8,1,1Y
上海清算所城投债收益率曲线(AA-),远期的即期,2026-02-28,0,4.5426,9,6,6Y
上海清算所城投债收益率曲线(AA-),远期的即期,2026-02-28,0,4.5422,9,5,5Y
上海清算所城投债收益率曲线(AA-),远期的即期,2026-02-28,0,4.5748,9,4,4Y
上海清算所城投债收益率曲线(AA-),远期的即期,2026-02-28,0,4.608,9,3,3Y
上海清算所城投债收益率曲线(AA-),远期的即期,2026-02-28,0,4.7638,9,2,2Y
上海清算所城投债收益率曲线(AA-),远期的即期,2026-02-28,0,4.9001,9,1,1Y
上海清算所城投债收益率曲线(AA-),远期的即期,2026-02-28,0,4.4713,10,5,5Y
上海清算所城投债收益率曲线(AA-),远期的即期,2026-02-28,0,4.4529,10,4,4Y
上海清算所城投债收益率曲线(AA-),远期的即期,2026-02-28,0,4.4666,10,3,3Y
上海清算所城投债收益率曲线(AA-),远期的即期,2026-02-28,0,4.4623,10,2,2Y
上海清算所城投债收益率曲线(AA-),远期的即期,2026-02-28,0,4.6276,10,1,1Y
上海清算所城投债收益率曲线(AA-),远期的即期,2026-02-28,0,4.4322,11,4,4Y
上海清算所城投债收益率曲线(AA-),远期的即期,2026-02-28,0,4.3947,11,3,3Y
上海清算所城投债收益率曲线(AA-),远期的即期,2026-02-28,0,4.3863,11,2,2Y
上海清算所城投债收益率曲线(AA-),远期的即期,2026-02-28,0,4.2973,11,1,1Y
上海清算所城投债收益率曲线(AA-),远期的即期,2026-02-28,0,4.4773,12,3,3Y
上海清算所城投债收益率曲线(AA-),远期的即期,2026-02-28,0,4.4435,12,2,2Y
上海清算所城投债收益率曲线(AA-),远期的即期,2026-02-28,0,4.4753,12,1,1Y
上海清算所城投债收益率曲线(AA-),远期的即期,2026-02-28,0,4.4782,13,2,2Y
上海清算所城投债收益率曲线(AA-),远期的即期,2026-02-28,0,4.4117,13,1,1Y
上海清算所城投债收益率曲线(AA-),远期的即期,2026-02-28,0,4.5448,14,1,1Y
上海清算所城投债收益率曲线(AA-),远期的即期,2026-03-02,0,4.3209,1,14,14Y
上海清算所城投债收益率曲线(AA-),远期的即期,2026-03-02,0,4.3107,1,13,13Y
上海清算所城投债收益率曲线(AA-),远期的即期,2026-03-02,0,4.302,1,12,12Y
上海清算所城投债收益率曲线(AA-),远期的即期,2026-03-02,0,4.2936,1,11,11Y
上海清算所城投债收益率曲线(AA-),远期的即期,2026-03-02,0,4.2847,1,10,10Y
上海清算所城投债收益率曲线(AA-),远期的即期,2026-03-02,0,4.275,1,9,9Y
上海清算所城投债收益率曲线(AA-),远期的即期,2026-03-02,0,4.2352,1,8,8Y
上海清算所城投债收益率曲线(AA-),远期的即期,2026-03-02,0,4.171,1,7,7Y
上海清算所城投债收益率曲线(AA-),远期的即期,2026-03-02,0,4.1172,1,6,6Y
上海清算所城投债收益率曲线(AA-),远期的即期,2026-03-02,0,3.7512,1,5,5Y
上海清算所城投债收益率曲线(AA-),远期的即期,2026-03-02,0,3.0639,1,4,4Y
上海清算所城投债收益率曲线(AA-),远期的即期,2026-03-02,0,2.8079,1,3,3Y
上海清算所城投债收益率曲线(AA-),远期的即期,2026-03-02,0,2.4779,1,2,2Y
上海清算所城投债收益率曲线(AA-),远期的即期,2026-03-02,0,2.2913,1,1,1Y
上海清算所城投债收益率曲线(AA-),远期的即期,2026-03-02,0,4.4787,2,13,13Y
上海清算所城投债收益率曲线(AA-),远期的即期,2026-03-02,0,4.4808,2,12,12Y
上海清算所城投债收益率曲线(AA-),远期的即期,2026-03-02,0,4.4867,2,11,11Y
上海清算所城投债收益率曲线(AA-),远期的即期,2026-03-02,0,4.4959,2,10,10Y
上海清算所城投债收益率曲线(AA-),远期的即期,2026-03-02,0,4.5086,2,9,9Y
上海清算所城投债收益率曲线(AA-),远期的即期,2026-03-02,0,4.5257,2,8,8Y
上海清算所城投债收益率曲线(AA-),远期的即期,2026-03-02,0,4.5159,2,7,7Y
上海清算所城投债收益率曲线(AA-),远期的即期,2026-03-02,0,4.4876,2,6,6Y
上海清算所城投债收益率曲线(AA-),远期的即期,2026-03-02,0,4.4863,2,5,5Y
上海清算所城投债收益率曲线(AA-),远期的即期,2026-03-02,0,4.1194,2,4,4Y
上海清算所城投债收益率曲线(AA-),远期的即期,2026-03-02,0,3.3227,2,3,3Y
上海清算所城投债收益率曲线(AA-),远期的即期,2026-03-02,0,3.0672,2,2,2Y
上海清算所城投债收益率曲线(AA-),远期的即期,2026-03-02,0,2.6648,2,1,1Y
上海清算所城投债收益率曲线(AA-),远期的即期,2026-03-02,0,4.6313,3,12,12Y
上海清算所城投债收益率曲线(AA-),远期的即期,2026-03-02,0,4.6475,3,11,11Y
上海清算所城投债收益率曲线(AA-),远期的即期,2026-03-02,0,4.6707,3,10,10Y
上海清算所城投债收益率曲线(AA-),远期的即期,2026-03-02,0,4.7014,3,9,9Y
上海清算所城投债收益率曲线(AA-),远期的即期,2026-03-02,0,4.7414,3,8,8Y
上海清算所城投债收益率曲线(AA-),远期的即期,2026-03-02,0,4.7943,3,7,7Y
上海清算所城投债收益率曲线(AA-),远期的即期,2026-03-02,0,4.8276,3,6,6Y
上海清算所城投债收益率曲线(AA-),远期的即期,2026-03-02,0,4.856,3,5,5Y
上海清算所城投债收益率曲线(AA-),远期的即期,2026-03-02,0,4.9467,3,4,4Y
上海清算所城投债收益率曲线(AA-),远期的即期,2026-03-02,0,4.6088,3,3,3Y
上海清算所城投债收益率曲线(AA-),远期的即期,2026-03-02,0,3.6533,3,2,2Y
上海清算所城投债收益率曲线(AA-),远期的即期,2026-03-02,0,3.4712,3,1,1Y
上海清算所城投债收益率曲线(AA-),远期的即期,2026-03-02,0,4.7374,4,11,11Y
上海清算所城投债收益率曲线(AA-),远期的即期,2026-03-02,0,4.7658,4,10,10Y
上海清算所城投债收益率曲线(AA-),远期的即期,2026-03-02,0,4.8048,4,9,9Y
上海清算所城投债收益率曲线(AA-),远期的即期,2026-03-02,0,4.8562,4,8,8Y
上海清算所城投债收益率曲线(AA-),远期的即期,2026-03-02,0,4.9241,4,7,7Y
上海清算所城投债收益率曲线(AA-),远期的即期,2026-03-02,0,5.0164,4,6,6Y
上海清算所城投债收益率曲线(AA-),远期的即期,2026-03-02,0,5.101,4,5,5Y
上海清算所城投债收益率曲线(AA-),远期的即期,2026-03-02,0,5.2051,4,4,4Y
上海清算所城投债收益率曲线(AA-),远期的即期,2026-03-02,0,5.4432,4,3,3Y
上海清算所城投债收益率曲线(AA-),远期的即期,2026-03-02,0,5.1824,4,2,2Y
上海清算所城投债收益率曲线(AA-),远期的即期,2026-03-02,0,3.8358,4,1,1Y
上海清算所城投债收益率曲线(AA-),远期的即期,2026-03-02,0,4.828,5,10,10Y
上海清算所城投债收益率曲线(AA-),远期的即期,2026-03-02,0,4.8697,5,9,9Y
上海清算所城投债收益率曲线(AA-),远期的即期,2026-03-02,0,4.9266,5,8,8Y
上海清算所城投债收益率曲线(AA-),远期的即期,2026-03-02,0,5.0028,5,7,7Y
上海清算所城投债收益率曲线(AA-),远期的即期,2026-03-02,0,5.1066,5,6,6Y
上海清算所城投债收益率曲线(AA-),远期的即期,2026-03-02,0,5.2541,5,5,5Y
上海清算所城投债收益率曲线(AA-),远期的即期,2026-03-02,0,5.4197,5,4,4Y
上海清算所城投债收益率曲线(AA-),远期的即期,2026-03-02,0,5.6656,5,3,3Y
上海清算所城投债收益率曲线(AA-),远期的即期,2026-03-02,0,6.2563,5,2,2Y
上海清算所城投债收益率曲线(AA-),远期的即期,2026-03-02,0,6.5464,5,1,1Y
上海清算所城投债收益率曲线(AA-),远期的即期,2026-03-02,0,4.6387,6,9,9Y
上海清算所城投债收益率曲线(AA-),远期的即期,2026-03-02,0,4.662,6,8,8Y
上海清算所城投债收益率曲线(AA-),远期的即期,2026-03-02,0,4.6972,6,7,7Y
上海清算所城投债收益率曲线(AA-),远期的即期,2026-03-02,0,4.7477,6,6,6Y
上海清算所城投债收益率曲线(AA-),远期的即期,2026-03-02,0,4.821,6,5,5Y
上海清算所城投债收益率曲线(AA-),远期的即期,2026-03-02,0,4.9335,6,4,4Y
上海清算所城投债收益率曲线(AA-),远期的即期,2026-03-02,0,5.0468,6,3,3Y
上海清算所城投债收益率曲线(AA-),远期的即期,2026-03-02,0,5.2279,6,2,2Y
上海清算所城投债收益率曲线(AA-),远期的即期,2026-03-02,0,5.9669,6,1,1Y
上海清算所城投债收益率曲线(AA-),远期的即期,2026-03-02,0,4.4739,7,8,8Y
上海清算所城投债收益率曲线(AA-),远期的即期,2026-03-02,0,4.4768,7,7,7Y
上海清算所城投债收益率曲线(AA-),远期的即期,2026-03-02,0,4.487,7,6,6Y
上海清算所城投债收益率曲线(AA-),远期的即期,2026-03-02,0,4.5056,7,5,5Y
上海清算所城投债收益率曲线(AA-),远期的即期,2026-03-02,0,4.5364,7,4,4Y
上海清算所城投债收益率曲线(AA-),远期的即期,2026-03-02,0,4.5913,7,3,3Y
上海清算所城投债收益率曲线(AA-),远期的即期,2026-03-02,0,4.5898,7,2,2Y
上海清算所城投债收益率曲线(AA-),远期的即期,2026-03-02,0,4.494,7,1,1Y
上海清算所城投债收益率曲线(AA-),远期的即期,2026-03-02,0,4.471,8,7,7Y
上海清算所城投债收益率曲线(AA-),远期的即期,2026-03-02,0,4.474,8,6,6Y
上海清算所城投债收益率曲线(AA-),远期的即期,2026-03-02,0,4.4856,8,5,5Y
上海清算所城投债收益率曲线(AA-),远期的即期,2026-03-02,0,4.5085,8,4,4Y
上海清算所城投债收益率曲线(AA-),远期的即期,2026-03-02,0,4.5506,8,3,3Y
上海清算所城投债收益率曲线(AA-),远期的即期,2026-03-02,0,4.64,8,2,2Y
上海清算所城投债收益率曲线(AA-),远期的即期,2026-03-02,0,4.6856,8,1,1Y
上海清算所城投债收益率曲线(AA-),远期的即期,2026-03-02,0,4.4353,9,6,6Y
上海清算所城投债收益率曲线(AA-),远期的即期,2026-03-02,0,4.4317,9,5,5Y
上海清算所城投债收益率曲线(AA-),远期的即期,2026-03-02,0,4.4357,9,4,4Y
上海清算所城投债收益率曲线(AA-),远期的即期,2026-03-02,0,4.4495,9,3,3Y
上海清算所城投债收益率曲线(AA-),远期的即期,2026-03-02,0,4.4831,9,2,2Y
上海清算所城投债收益率曲线(AA-),远期的即期,2026-03-02,0,4.5944,9,1,1Y
上海清算所城投债收益率曲线(AA-),远期的即期,2026-03-02,0,4.4035,10,5,5Y
上海清算所城投债收益率曲线(AA-),远期的即期,2026-03-02,0,4.3911,10,4,4Y
上海清算所城投债收益率曲线(AA-),远期的即期,2026-03-02,0,4.3829,10,3,3Y
上海清算所城投债收益率曲线(AA-),远期的即期,2026-03-02,0,4.3771,10,2,2Y
上海清算所城投债收益率曲线(AA-),远期的即期,2026-03-02,0,4.3721,10,1,1Y
上海清算所城投债收益率曲线(AA-),远期的即期,2026-03-02,0,4.4114,11,4,4Y
上海清算所城投债收益率曲线(AA-),远期的即期,2026-03-02,0,4.3974,11,3,3Y
上海清算所城投债收益率曲线(AA-),远期的即期,2026-03-02,0,4.3883,11,2,2Y
上海清算所城投债收益率曲线(AA-),远期的即期,2026-03-02,0,4.3822,11,1,1Y
上海清算所城投债收益率曲线(AA-),远期的即期,2026-03-02,0,4.4211,12,3,3Y
上海清算所城投债收益率曲线(AA-),远期的即期,2026-03-02,0,4.4051,12,2,2Y
上海清算所城投债收益率曲线(AA-),远期的即期,2026-03-02,0,4.3944,12,1,1Y
上海清算所城投债收益率曲线(AA-),远期的即期,2026-03-02,0,4.4345,13,2,2Y
上海清算所城投债收益率曲线(AA-),远期的即期,2026-03-02,0,4.4157,13,1,1Y
上海清算所城投债收益率曲线(AA-),远期的即期,2026-03-02,0,4.4533,14,1,1Y
上海清算所城投债收益率曲线(AA-),远期的即期,2026-03-03,0,4.3344,1,14,14Y
上海清算所城投债收益率曲线(AA-),远期的即期,2026-03-03,0,4.3256,1,13,13Y
上海清算所城投债收益率曲线(AA-),远期的即期,2026-03-03,0,4.3182,1,12,12Y
上海清算所城投债收益率曲线(AA-),远期的即期,2026-03-03,0,4.3109,1,11,11Y
上海清算所城投债收益率曲线(AA-),远期的即期,2026-03-03,0,4.3026,1,10,10Y
上海清算所城投债收益率曲线(AA-),远期的即期,2026-03-03,0,4.293,1,9,9Y
上海清算所城投债收益率曲线(AA-),远期的即期,2026-03-03,0,4.2454,1,8,8Y
上海清算所城投债收益率曲线(AA-),远期的即期,2026-03-03,0,4.1622,1,7,7Y
上海清算所城投债收益率曲线(AA-),远期的即期,2026-03-03,0,4.1057,1,6,6Y
上海清算所城投债收益率曲线(AA-),远期的即期,2026-03-03,0,3.7418,1,5,5Y
上海清算所城投债收益率曲线(AA-),远期的即期,2026-03-03,0,3.0591,1,4,4Y
上海清算所城投债收益率曲线(AA-),远期的即期,2026-03-03,0,2.7979,1,3,3Y
上海清算所城投债收益率曲线(AA-),远期的即期,2026-03-03,0,2.4811,1,2,2Y
上海清算所城投债收益率曲线(AA-),远期的即期,2026-03-03,0,2.2806,1,1,1Y
上海清算所城投债收益率曲线(AA-),远期的即期,2026-03-03,0,4.494,2,13,13Y
上海清算所城投债收益率曲线(AA-),远期的即期,2026-03-03,0,4.4979,2,12,12Y
上海清算所城投债收益率曲线(AA-),远期的即期,2026-03-03,0,4.5055,2,11,11Y
上海清算所城投债收益率曲线(AA-),远期的即期,2026-03-03,0,4.5161,2,10,10Y
上海清算所城投债收益率曲线(AA-),远期的即期,2026-03-03,0,4.5298,2,9,9Y
上海清算所城投债收益率曲线(AA-),远期的即期,2026-03-03,0,4.5473,2,8,8Y
上海清算所城投债收益率曲线(AA-),远期的即期,2026-03-03,0,4.5291,2,7,7Y
上海清算所城投债收益率曲线(AA-),远期的即期,2026-03-03,0,4.4792,2,6,6Y
上海清算所城投债收益率曲线(AA-),远期的即期,2026-03-03,0,4.4747,2,5,5Y
上海清算所城投债收益率曲线(AA-),远期的即期,2026-03-03,0,4.1104,2,4,4Y
上海清算所城投债收益率曲线(AA-),远期的即期,2026-03-03,0,3.32,2,3,3Y
上海清算所城投债收益率曲线(AA-),远期的即期,2026-03-03,0,3.0576,2,2,2Y
上海清算所城投债收益率曲线(AA-),远期的即期,2026-03-03,0,2.682,2,1,1Y
上海清算所城投债收益率曲线(AA-),远期的即期,2026-03-03,0,4.6465,3,12,12Y
上海清算所城投债收益率曲线(AA-),远期的即期,2026-03-03,0,4.6646,3,11,11Y
上海清算所城投债收益率曲线(AA-),远期的即期,2026-03-03,0,4.6896,3,10,10Y
上海清算所城投债收益率曲线(AA-),远期的即期,2026-03-03,0,4.7219,3,9,9Y
上海清算所城投债收益率曲线(AA-),远期的即期,2026-03-03,0,4.7631,3,8,8Y
上海清算所城投债收益率曲线(AA-),远期的即期,2026-03-03,0,4.8165,3,7,7Y
上海清算所城投债收益率曲线(AA-),远期的即期,2026-03-03,0,4.8402,3,6,6Y
上海清算所城投债收益率曲线(AA-),远期的即期,2026-03-03,0,4.8424,3,5,5Y
上海清算所城投债收益率曲线(AA-),远期的即期,2026-03-03,0,4.9277,3,4,4Y
上海清算所城投债收益率曲线(AA-),远期的即期,2026-03-03,0,4.5909,3,3,3Y
上海清算所城投债收益率曲线(AA-),远期的即期,2026-03-03,0,3.6404,3,2,2Y
上海清算所城投债收益率曲线(AA-),远期的即期,2026-03-03,0,3.4345,3,1,1Y
上海清算所城投债收益率曲线(AA-),远期的即期,2026-03-03,0,4.7573,4,11,11Y
上海清算所城投债收益率曲线(AA-),远期的即期,2026-03-03,0,4.7884,4,10,10Y
上海清算所城投债收益率曲线(AA-),远期的即期,2026-03-03,0,4.83,4,9,9Y
上海清算所城投债收益率曲线(AA-),远期的即期,2026-03-03,0,4.884,4,8,8Y
上海清算所城投债收益率曲线(AA-),远期的即期,2026-03-03,0,4.9542,4,7,7Y
上海清算所城投债收益率曲线(AA-),远期的即期,2026-03-03,0,5.0486,4,6,6Y
上海清算所城投债收益率曲线(AA-),远期的即期,2026-03-03,0,5.1236,4,5,5Y
上海清算所城投债收益率曲线(AA-),远期的即期,2026-03-03,0,5.1973,4,4,4Y
上海清算所城投债收益率曲线(AA-),远期的即期,2026-03-03,0,5.4302,4,3,3Y
上海清算所城投债收益率曲线(AA-),远期的即期,2026-03-03,0,5.174,4,2,2Y
上海清算所城投债收益率曲线(AA-),远期的即期,2026-03-03,0,3.8467,4,1,1Y
上海清算所城投债收益率曲线(AA-),远期的即期,2026-03-03,0,4.8488,5,10,10Y
上海清算所城投债收益率曲线(AA-),远期的即期,2026-03-03,0,4.8935,5,9,9Y
上海清算所城投债收益率曲线(AA-),远期的即期,2026-03-03,0,4.9535,5,8,8Y
上海清算所城投债收益率曲线(AA-),远期的即期,2026-03-03,0,5.033,5,7,7Y
上海清算所城投债收益率曲线(AA-),远期的即期,2026-03-03,0,5.14,5,6,6Y
上海清算所城投债收益率曲线(AA-),远期的即期,2026-03-03,0,5.2907,5,5,5Y
上海清算所城投债收益率曲线(AA-),远期的即期,2026-03-03,0,5.4452,5,4,4Y
上海清算所城投债收益率曲线(AA-),远期的即期,2026-03-03,0,5.6514,5,3,3Y
上海清算所城投债收益率曲线(AA-),远期的即期,2026-03-03,0,6.231,5,2,2Y
上海清算所城投债收益率曲线(AA-),远期的即期,2026-03-03,0,6.5182,5,1,1Y
上海清算所城投债收益率曲线(AA-),远期的即期,2026-03-03,0,4.665,6,9,9Y
上海清算所城投债收益率曲线(AA-),远期的即期,2026-03-03,0,4.6922,6,8,8Y
上海清算所城投债收益率曲线(AA-),远期的即期,2026-03-03,0,4.7319,6,7,7Y
上海清算所城投债收益率曲线(AA-),远期的即期,2026-03-03,0,4.7875,6,6,6Y
上海清算所城投债收益率曲线(AA-),远期的即期,2026-03-03,0,4.8665,6,5,5Y
上海清算所城投债收益率曲线(AA-),远期的即期,2026-03-03,0,4.986,6,4,4Y
上海清算所城投债收益率曲线(AA-),远期的即期,2026-03-03,0,5.09,6,3,3Y
上海清算所城投债收益率曲线(AA-),远期的即期,2026-03-03,0,5.2207,6,2,2Y
上海清算所城投债收益率曲线(AA-),远期的即期,2026-03-03,0,5.9445,6,1,1Y
上海清算所城投债收益率曲线(AA-),远期的即期,2026-03-03,0,4.5061,7,8,8Y
上海清算所城投债收益率曲线(AA-),远期的即期,2026-03-03,0,4.5145,7,7,7Y
上海清算所城投债收益率曲线(AA-),远期的即期,2026-03-03,0,4.5312,7,6,6Y
上海清算所城投债收益率曲线(AA-),远期的即期,2026-03-03,0,4.5576,7,5,5Y
上海清算所城投债收益率曲线(AA-),远期的即期,2026-03-03,0,4.5987,7,4,4Y
上海清算所城投债收益率曲线(AA-),远期的即期,2026-03-03,0,4.6684,7,3,3Y
上海清算所城投债收益率曲线(AA-),远期的即期,2026-03-03,0,4.6653,7,2,2Y
上海清算所城投债收益率曲线(AA-),远期的即期,2026-03-03,0,4.5018,7,1,1Y
上海清算所城投债收益率曲线(AA-),远期的即期,2026-03-03,0,4.5068,8,7,7Y
上海清算所城投债收益率曲线(AA-),远期的即期,2026-03-03,0,4.5166,8,6,6Y
上海清算所城投债收益率曲线(AA-),远期的即期,2026-03-03,0,4.537,8,5,5Y
上海清算所城投债收益率曲线(AA-),远期的即期,2026-03-03,0,4.5715,8,4,4Y
上海清算所城投债收益率曲线(AA-),远期的即期,2026-03-03,0,4.631,8,3,3Y
上海清算所城投债收益率曲线(AA-),远期的即期,2026-03-03,0,4.7518,8,2,2Y
上海清算所城投债收益率曲线(AA-),远期的即期,2026-03-03,0,4.8291,8,1,1Y
上海清算所城投债收益率曲线(AA-),远期的即期,2026-03-03,0,4.4531,9,6,6Y
上海清算所城投债收益率曲线(AA-),远期的即期,2026-03-03,0,4.4542,9,5,5Y
上海清算所城投债收益率曲线(AA-),远期的即期,2026-03-03,0,4.4641,9,4,4Y
上海清算所城投债收益率曲线(AA-),远期的即期,2026-03-03,0,4.4858,9,3,3Y
上海清算所城投债收益率曲线(AA-),远期的即期,2026-03-03,0,4.5321,9,2,2Y
上海清算所城投债收益率曲线(AA-),远期的即期,2026-03-03,0,4.6746,9,1,1Y
上海清算所城投债收益率曲线(AA-),远期的即期,2026-03-03,0,4.4089,10,5,5Y
上海清算所城投债收益率曲线(AA-),远期的即期,2026-03-03,0,4.3992,10,4,4Y
上海清算所城投债收益率曲线(AA-),远期的即期,2026-03-03,0,4.3941,10,3,3Y
上海清算所城投债收益率曲线(AA-),远期的即期,2026-03-03,0,4.3915,10,2,2Y
上海清算所城投债收益率曲线(AA-),远期的即期,2026-03-03,0,4.3897,10,1,1Y
上海清算所城投债收益率曲线(AA-),远期的即期,2026-03-03,0,4.4137,11,4,4Y
上海清算所城投债收益率曲线(AA-),远期的即期,2026-03-03,0,4.4024,11,3,3Y
上海清算所城投债收益率曲线(AA-),远期的即期,2026-03-03,0,4.3963,11,2,2Y
上海清算所城投债收益率曲线(AA-),远期的即期,2026-03-03,0,4.3934,11,1,1Y
上海清算所城投债收益率曲线(AA-),远期的即期,2026-03-03,0,4.4205,12,3,3Y
上海清算所城投债收益率曲线(AA-),远期的即期,2026-03-03,0,4.4069,12,2,2Y
上海清算所城投债收益率曲线(AA-),远期的即期,2026-03-03,0,4.3992,12,1,1Y
上海清算所城投债收益率曲线(AA-),远期的即期,2026-03-03,0,4.4311,13,2,2Y
上海清算所城投债收益率曲线(AA-),远期的即期,2026-03-03,0,4.4146,13,1,1Y
上海清算所城投债收益率曲线(AA-),远期的即期,2026-03-03,0,4.4477,14,1,1Y
上海清算所城投债收益率曲线(AA-),远期的即期,2026-03-04,0,4.3339,1,14,14Y
上海清算所城投债收益率曲线(AA-),远期的即期,2026-03-04,0,4.3244,1,13,13Y
上海清算所城投债收益率曲线(AA-),远期的即期,2026-03-04,0,4.3159,1,12,12Y
上海清算所城投债收益率曲线(AA-),远期的即期,2026-03-04,0,4.3067,1,11,11Y
上海清算所城投债收益率曲线(AA-),远期的即期,2026-03-04,0,4.2955,1,10,10Y
上海清算所城投债收益率曲线(AA-),远期的即期,2026-03-04,0,4.2816,1,9,9Y
上海清算所城投债收益率曲线(AA-),远期的即期,2026-03-04,0,4.2153,1,8,8Y
上海清算所城投债收益率曲线(AA-),远期的即期,2026-03-04,0,4.158,1,7,7Y
上海清算所城投债收益率曲线(AA-),远期的即期,2026-03-04,0,4.1072,1,6,6Y
上海清算所城投债收益率曲线(AA-),远期的即期,2026-03-04,0,3.7502,1,5,5Y
上海清算所城投债收益率曲线(AA-),远期的即期,2026-03-04,0,3.0286,1,4,4Y
上海清算所城投债收益率曲线(AA-),远期的即期,2026-03-04,0,2.7633,1,3,3Y
上海清算所城投债收益率曲线(AA-),远期的即期,2026-03-04,0,2.4953,1,2,2Y
上海清算所城投债收益率曲线(AA-),远期的即期,2026-03-04,0,2.2855,1,1,1Y
上海清算所城投债收益率曲线(AA-),远期的即期,2026-03-04,0,4.4932,2,13,13Y
上海清算所城投债收益率曲线(AA-),远期的即期,2026-03-04,0,4.4961,2,12,12Y
上海清算所城投债收益率曲线(AA-),远期的即期,2026-03-04,0,4.5024,2,11,11Y
上海清算所城投债收益率曲线(AA-),远期的即期,2026-03-04,0,4.511,2,10,10Y
上海清算所城投债收益率曲线(AA-),远期的即期,2026-03-04,0,4.5213,2,9,9Y
上海清算所城投债收益率曲线(AA-),远期的即期,2026-03-04,0,4.5338,2,8,8Y
上海清算所城投债收益率曲线(AA-),远期的即期,2026-03-04,0,4.4939,2,7,7Y
上海清算所城投债收益率曲线(AA-),远期的即期,2026-03-04,0,4.4733,2,6,6Y
上海清算所城投债收益率曲线(AA-),远期的即期,2026-03-04,0,4.4754,2,5,5Y
上海清算所城投债收益率曲线(AA-),远期的即期,2026-03-04,0,4.1196,2,4,4Y
上海清算所城投债收益率曲线(AA-),远期的即期,2026-03-04,0,3.2775,2,3,3Y
上海清算所城投债收益率曲线(AA-),远期的即期,2026-03-04,0,3.003,2,2,2Y
上海清算所城投债收益率曲线(AA-),远期的即期,2026-03-04,0,2.7055,2,1,1Y
上海清算所城投债收益率曲线(AA-),远期的即期,2026-03-04,0,4.6436,3,12,12Y
上海清算所城投债收益率曲线(AA-),远期的即期,2026-03-04,0,4.6605,3,11,11Y
上海清算所城投债收益率曲线(AA-),远期的即期,2026-03-04,0,4.6838,3,10,10Y
上海清算所城投债收益率曲线(AA-),远期的即期,2026-03-04,0,4.7135,3,9,9Y
上海清算所城投债收益率曲线(AA-),远期的即期,2026-03-04,0,4.7505,3,8,8Y
上海清算所城投债收益率曲线(AA-),远期的即期,2026-03-04,0,4.7976,3,7,7Y
上海清算所城投债收益率曲线(AA-),远期的即期,2026-03-04,0,4.795,3,6,6Y
上海清算所城投债收益率曲线(AA-),远期的即期,2026-03-04,0,4.8306,3,5,5Y
上海清算所城投债收益率曲线(AA-),远期的即期,2026-03-04,0,4.9226,3,4,4Y
上海清算所城投债收益率曲线(AA-),远期的即期,2026-03-04,0,4.5954,3,3,3Y
上海清算所城投债收益率曲线(AA-),远期的即期,2026-03-04,0,3.5647,3,2,2Y
上海清算所城投债收益率曲线(AA-),远期的即期,2026-03-04,0,3.3015,3,1,1Y
上海清算所城投债收益率曲线(AA-),远期的即期,2026-03-04,0,4.7664,4,11,11Y
上海清算所城投债收益率曲线(AA-),远期的即期,2026-03-04,0,4.7974,4,10,10Y
上海清算所城投债收益率曲线(AA-),远期的即期,2026-03-04,0,4.8386,4,9,9Y
上海清算所城投债收益率曲线(AA-),远期的即期,2026-03-04,0,4.8914,4,8,8Y
上海清算所城投债收益率曲线(AA-),远期的即期,2026-03-04,0,4.9592,4,7,7Y
上海清算所城投债收益率曲线(AA-),远期的即期,2026-03-04,0,5.0491,4,6,6Y
上海清算所城投债收益率曲线(AA-),远期的即期,2026-03-04,0,5.0963,4,5,5Y
上海清算所城投债收益率曲线(AA-),远期的即期,2026-03-04,0,5.2164,4,4,4Y
上海清算所城投债收益率曲线(AA-),远期的即期,2026-03-04,0,5.4686,4,3,3Y
上海清算所城投债收益率曲线(AA-),远期的即期,2026-03-04,0,5.2484,4,2,2Y
上海清算所城投债收益率曲线(AA-),远期的即期,2026-03-04,0,3.8285,4,1,1Y
上海清算所城投债收益率曲线(AA-),远期的即期,2026-03-04,0,4.8607,5,10,10Y
上海清算所城投债收益率曲线(AA-),远期的即期,2026-03-04,0,4.9056,5,9,9Y
上海清算所城投债收益率曲线(AA-),远期的即期,2026-03-04,0,4.9655,5,8,8Y
上海清算所城投债收益率曲线(AA-),远期的即期,2026-03-04,0,5.0441,5,7,7Y
上海清算所城投债收益率曲线(AA-),远期的即期,2026-03-04,0,5.1488,5,6,6Y
上海清算所城投债收益率曲线(AA-),远期的即期,2026-03-04,0,5.2949,5,5,5Y
上海清算所城投债收益率曲线(AA-),远期的即期,2026-03-04,0,5.4157,5,4,4Y
上海清算所城投债收益率曲线(AA-),远期的即期,2026-03-04,0,5.6831,5,3,3Y
上海清算所城投债收益率曲线(AA-),远期的即期,2026-03-04,0,6.2983,5,2,2Y
上海清算所城投债收益率曲线(AA-),远期的即期,2026-03-04,0,6.6876,5,1,1Y
上海清算所城投债收益率曲线(AA-),远期的即期,2026-03-04,0,4.6597,6,9,9Y
上海清算所城投债收益率曲线(AA-),远期的即期,2026-03-04,0,4.6849,6,8,8Y
上海清算所城投债收益率曲线(AA-),远期的即期,2026-03-04,0,4.7218,6,7,7Y
上海清算所城投债收益率曲线(AA-),远期的即期,2026-03-04,0,4.7727,6,6,6Y
上海清算所城投债收益率曲线(AA-),远期的即期,2026-03-04,0,4.8437,6,5,5Y
上海清算所城投债收益率曲线(AA-),远期的即期,2026-03-04,0,4.9496,6,4,4Y
上海清算所城投债收益率曲线(AA-),远期的即期,2026-03-04,0,4.9951,6,3,3Y
上海清算所城投债收益率曲线(AA-),远期的即期,2026-03-04,0,5.1844,6,2,2Y
上海清算所城投债收益率曲线(AA-),远期的即期,2026-03-04,0,5.9105,6,1,1Y
上海清算所城投债收益率曲线(AA-),远期的即期,2026-03-04,0,4.5043,7,8,8Y
上海清算所城投债收益率曲线(AA-),远期的即期,2026-03-04,0,4.511,7,7,7Y
上海清算所城投债收益率曲线(AA-),远期的即期,2026-03-04,0,4.525,7,6,6Y
上海清算所城投债收益率曲线(AA-),远期的即期,2026-03-04,0,4.5466,7,5,5Y
上海清算所城投债收益率曲线(AA-),远期的即期,2026-03-04,0,4.5787,7,4,4Y
上海清算所城投债收益率曲线(AA-),远期的即期,2026-03-04,0,4.6313,7,3,3Y
上海清算所城投债收益率曲线(AA-),远期的即期,2026-03-04,0,4.5404,7,2,2Y
上海清算所城投债收益率曲线(AA-),远期的即期,2026-03-04,0,4.4632,7,1,1Y
上海清算所城投债收益率曲线(AA-),远期的即期,2026-03-04,0,4.5102,8,7,7Y
上海清算所城投债收益率曲线(AA-),远期的即期,2026-03-04,0,4.519,8,6,6Y
上海清算所城投债收益率曲线(AA-),远期的即期,2026-03-04,0,4.5373,8,5,5Y
上海清算所城投债收益率曲线(AA-),远期的即期,2026-03-04,0,4.5674,8,4,4Y
上海清算所城投债收益率曲线(AA-),远期的即期,2026-03-04,0,4.6172,8,3,3Y
上海清算所城投债收益率曲线(AA-),远期的即期,2026-03-04,0,4.7154,8,2,2Y
上海清算所城投债收益率曲线(AA-),远期的即期,2026-03-04,0,4.6176,8,1,1Y
上海清算所城投债收益率曲线(AA-),远期的即期,2026-03-04,0,4.4923,9,6,6Y
上海清算所城投债收益率曲线(AA-),远期的即期,2026-03-04,0,4.4992,9,5,5Y
上海清算所城投债收益率曲线(AA-),远期的即期,2026-03-04,0,4.5173,9,4,4Y
上海清算所城投债收益率曲线(AA-),远期的即期,2026-03-04,0,4.5507,9,3,3Y
上海清算所城投债收益率曲线(AA-),远期的即期,2026-03-04,0,4.6171,9,2,2Y
上海清算所城投债收益率曲线(AA-),远期的即期,2026-03-04,0,4.8133,9,1,1Y
上海清算所城投债收益率曲线(AA-),远期的即期,2026-03-04,0,4.4283,10,5,5Y
上海清算所城投债收益率曲线(AA-),远期的即期,2026-03-04,0,4.4209,10,4,4Y
上海清算所城投债收益率曲线(AA-),远期的即期,2026-03-04,0,4.4188,10,3,3Y
上海清算所城投债收益率曲线(AA-),远期的即期,2026-03-04,0,4.4196,10,2,2Y
上海清算所城投债收益率曲线(AA-),远期的即期,2026-03-04,0,4.4212,10,1,1Y
上海清算所城投债收益率曲线(AA-),远期的即期,2026-03-04,0,4.43,11,4,4Y
上海清算所城投债收益率曲线(AA-),远期的即期,2026-03-04,0,4.4208,11,3,3Y
上海清算所城投债收益率曲线(AA-),远期的即期,2026-03-04,0,4.4175,11,2,2Y
上海清算所城投债收益率曲线(AA-),远期的即期,2026-03-04,0,4.418,11,1,1Y
上海清算所城投债收益率曲线(AA-),远期的即期,2026-03-04,0,4.434,12,3,3Y
上海清算所城投债收益率曲线(AA-),远期的即期,2026-03-04,0,4.4221,12,2,2Y
上海清算所城投债收益率曲线(AA-),远期的即期,2026-03-04,0,4.4171,12,1,1Y
上海清算所城投债收益率曲线(AA-),远期的即期,2026-03-04,0,4.4425,13,2,2Y
上海清算所城投债收益率曲线(AA-),远期的即期,2026-03-04,0,4.4272,13,1,1Y
上海清算所城投债收益率曲线(AA-),远期的即期,2026-03-04,0,4.4578,14,1,1Y
上海清算所城投债收益率曲线(AA-),远期的即期,2026-03-05,0,4.3211,1,14,14Y
上海清算所城投债收益率曲线(AA-),远期的即期,2026-03-05,0,4.3128,1,13,13Y
上海清算所城投债收益率曲线(AA-),远期的即期,2026-03-05,0,4.3058,1,12,12Y
上海清算所城投债收益率曲线(AA-),远期的即期,2026-03-05,0,4.2988,1,11,11Y
上海清算所城投债收益率曲线(AA-),远期的即期,2026-03-05,0,4.2911,1,10,10Y
上海清算所城投债收益率曲线(AA-),远期的即期,2026-03-05,0,4.282,1,9,9Y
上海清算所城投债收益率曲线(AA-),远期的即期,2026-03-05,0,4.2352,1,8,8Y
上海清算所城投债收益率曲线(AA-),远期的即期,2026-03-05,0,4.1618,1,7,7Y
上海清算所城投债收益率曲线(AA-),远期的即期,2026-03-05,0,4.0698,1,6,6Y
上海清算所城投债收益率曲线(AA-),远期的即期,2026-03-05,0,3.7381,1,5,5Y
上海清算所城投债收益率曲线(AA-),远期的即期,2026-03-05,0,3.0513,1,4,4Y
上海清算所城投债收益率曲线(AA-),远期的即期,2026-03-05,0,2.7224,1,3,3Y
上海清算所城投债收益率曲线(AA-),远期的即期,2026-03-05,0,2.4879,1,2,2Y
上海清算所城投债收益率曲线(AA-),远期的即期,2026-03-05,0,2.222,1,1,1Y
上海清算所城投债收益率曲线(AA-),远期的即期,2026-03-05,0,4.4844,2,13,13Y
上海清算所城投债收益率曲线(AA-),远期的即期,2026-03-05,0,4.4889,2,12,12Y
上海清算所城投债收益率曲线(AA-),远期的即期,2026-03-05,0,4.4973,2,11,11Y
上海清算所城投债收益率曲线(AA-),远期的即期,2026-03-05,0,4.5088,2,10,10Y
上海清算所城投债收益率曲线(AA-),远期的即期,2026-03-05,0,4.5235,2,9,9Y
上海清算所城投债收益率曲线(AA-),远期的即期,2026-03-05,0,4.5424,2,8,8Y
上海清算所城投债收益率曲线(AA-),远期的即期,2026-03-05,0,4.526,2,7,7Y
上海清算所城投债收益率曲线(AA-),远期的即期,2026-03-05,0,4.4887,2,6,6Y
上海清算所城投债收益率曲线(AA-),远期的即期,2026-03-05,0,4.4434,2,5,5Y
上海清算所城投债收益率曲线(AA-),远期的即期,2026-03-05,0,4.1206,2,4,4Y
上海清算所城投债收益率曲线(AA-),远期的即期,2026-03-05,0,3.3293,2,3,3Y
上海清算所城投债收益率曲线(AA-),远期的即期,2026-03-05,0,2.9735,2,2,2Y
上海清算所城投债收益率曲线(AA-),远期的即期,2026-03-05,0,2.7545,2,1,1Y
上海清算所城投债收益率曲线(AA-),远期的即期,2026-03-05,0,4.6298,3,12,12Y
上海清算所城投债收益率曲线(AA-),远期的即期,2026-03-05,0,4.6481,3,11,11Y
上海清算所城投债收益率曲线(AA-),远期的即期,2026-03-05,0,4.6732,3,10,10Y
上海清算所城投债收益率曲线(AA-),远期的即期,2026-03-05,0,4.7056,3,9,9Y
上海清算所城投债收益率曲线(AA-),远期的即期,2026-03-05,0,4.7468,3,8,8Y
上海清算所城投债收益率曲线(AA-),远期的即期,2026-03-05,0,4.8003,3,7,7Y
上海清算所城投债收益率曲线(AA-),远期的即期,2026-03-05,0,4.8242,3,6,6Y
上海清算所城投债收益率曲线(AA-),远期的即期,2026-03-05,0,4.839,3,5,5Y
上海清算所城投债收益率曲线(AA-),远期的即期,2026-03-05,0,4.8699,3,4,4Y
上海清算所城投债收益率曲线(AA-),远期的即期,2026-03-05,0,4.58,3,3,3Y
上海清算所城投债收益率曲线(AA-),远期的即期,2026-03-05,0,3.6178,3,2,2Y
上海清算所城投债收益率曲线(AA-),远期的即期,2026-03-05,0,3.193,3,1,1Y
上海清算所城投债收益率曲线(AA-),远期的即期,2026-03-05,0,4.7614,4,11,11Y
上海清算所城投债收益率曲线(AA-),远期的即期,2026-03-05,0,4.7947,4,10,10Y
上海清算所城投债收益率曲线(AA-),远期的即期,2026-03-05,0,4.839,4,9,9Y
上海清算所城投债收益率曲线(AA-),远期的即期,2026-03-05,0,4.8962,4,8,8Y
上海清算所城投债收益率曲线(AA-),远期的即期,2026-03-05,0,4.9707,4,7,7Y
上海清算所城投债收益率曲线(AA-),远期的即期,2026-03-05,0,5.0706,4,6,6Y
上海清算所城投债收益率曲线(AA-),远期的即期,2026-03-05,0,5.1536,4,5,5Y
上海清算所城投债收益率曲线(AA-),远期的即期,2026-03-05,0,5.2546,4,4,4Y
上海清算所城投债收益率曲线(AA-),远期的即期,2026-03-05,0,5.4349,4,3,3Y
上海清算所城投债收益率曲线(AA-),远期的即期,2026-03-05,0,5.2805,4,2,2Y
上海清算所城投债收益率曲线(AA-),远期的即期,2026-03-05,0,4.0444,4,1,1Y
上海清算所城投债收益率曲线(AA-),远期的即期,2026-03-05,0,4.8334,5,10,10Y
上海清算所城投债收益率曲线(AA-),远期的即期,2026-03-05,0,4.8784,5,9,9Y
上海清算所城投债收益率曲线(AA-),远期的即期,2026-03-05,0,4.9387,5,8,8Y
上海清算所城投债收益率曲线(AA-),远期的即期,2026-03-05,0,5.0185,5,7,7Y
上海清算所城投债收益率曲线(AA-),远期的即期,2026-03-05,0,5.1259,5,6,6Y
上海清算所城投债收益率曲线(AA-),远期的即期,2026-03-05,0,5.277,5,5,5Y
上海清算所城投债收益率曲线(AA-),远期的即期,2026-03-05,0,5.4327,5,4,4Y
上海清算所城投债收益率曲线(AA-),远期的即期,2026-03-05,0,5.6611,5,3,3Y
上海清算所城投债收益率曲线(AA-),远期的即期,2026-03-05,0,6.1371,5,2,2Y
上海清算所城投债收益率曲线(AA-),远期的即期,2026-03-05,0,6.5314,5,1,1Y
上海清算所城投债收益率曲线(AA-),远期的即期,2026-03-05,0,4.6464,6,9,9Y
上海清算所城投债收益率曲线(AA-),远期的即期,2026-03-05,0,4.6736,6,8,8Y
上海清算所城投债收益率曲线(AA-),远期的即期,2026-03-05,0,4.7132,6,7,7Y
上海清算所城投债收益率曲线(AA-),远期的即期,2026-03-05,0,4.7684,6,6,6Y
上海清算所城投债收益率曲线(AA-),远期的即期,2026-03-05,0,4.847,6,5,5Y
上海清算所城投债收益率曲线(AA-),远期的即期,2026-03-05,0,4.9658,6,4,4Y
上海清算所城投债收益率曲线(AA-),远期的即期,2026-03-05,0,5.069,6,3,3Y
上海清算所城投债收益率曲线(AA-),远期的即期,2026-03-05,0,5.2287,6,2,2Y
上海清算所城投债收益率曲线(AA-),远期的即期,2026-03-05,0,5.7443,6,1,1Y
上海清算所城投债收益率曲线(AA-),远期的即期,2026-03-05,0,4.51,7,8,8Y
上海清算所城投债收益率曲线(AA-),远期的即期,2026-03-05,0,4.5215,7,7,7Y
上海清算所城投债收益率曲线(AA-),远期的即期,2026-03-05,0,4.5423,7,6,6Y
上海清算所城投债收益率曲线(AA-),远期的即期,2026-03-05,0,4.5744,7,5,5Y
上海清算所城投债收益率曲线(AA-),远期的即期,2026-03-05,0,4.6239,7,4,4Y
上海清算所城投债收益率曲线(AA-),远期的即期,2026-03-05,0,4.7076,7,3,3Y
上海清算所城投债收益率曲线(AA-),远期的即期,2026-03-05,0,4.733,7,2,2Y
上海清算所城投债收益率曲线(AA-),远期的即期,2026-03-05,0,4.7156,7,1,1Y
上海清算所城投债收益率曲线(AA-),远期的即期,2026-03-05,0,4.4807,8,7,7Y
上海清算所城投债收益率曲线(AA-),远期的即期,2026-03-05,0,4.4892,8,6,6Y
上海清算所城投债收益率曲线(AA-),远期的即期,2026-03-05,0,4.5076,8,5,5Y
上海清算所城投债收益率曲线(AA-),远期的即期,2026-03-05,0,4.5391,8,4,4Y
上海清算所城投债收益率曲线(AA-),远期的即期,2026-03-05,0,4.5933,8,3,3Y
上海清算所城投债收益率曲线(AA-),远期的即期,2026-03-05,0,4.7035,8,2,2Y
上海清算所城投债收益率曲线(AA-),远期的即期,2026-03-05,0,4.7503,8,1,1Y
上海清算所城投债收益率曲线(AA-),远期的即期,2026-03-05,0,4.4358,9,6,6Y
上海清算所城投债收益率曲线(AA-),远期的即期,2026-03-05,0,4.4371,9,5,5Y
上海清算所城投债收益率曲线(AA-),远期的即期,2026-03-05,0,4.4471,9,4,4Y
上海清算所城投债收益率曲线(AA-),远期的即期,2026-03-05,0,4.4687,9,3,3Y
上海清算所城投债收益率曲线(AA-),远期的即期,2026-03-05,0,4.5149,9,2,2Y
上海清算所城投债收益率曲线(AA-),远期的即期,2026-03-05,0,4.6567,9,1,1Y
上海清算所城投债收益率曲线(AA-),远期的即期,2026-03-05,0,4.3917,10,5,5Y
上海清算所城投债收益率曲线(AA-),远期的即期,2026-03-05,0,4.3822,10,4,4Y
上海清算所城投债收益率曲线(AA-),远期的即期,2026-03-05,0,4.3773,10,3,3Y
上海清算所城投债收益率曲线(AA-),远期的即期,2026-03-05,0,4.3749,10,2,2Y
上海清算所城投债收益率曲线(AA-),远期的即期,2026-03-05,0,4.3732,10,1,1Y
上海清算所城投债收益率曲线(AA-),远期的即期,2026-03-05,0,4.3963,11,4,4Y
上海清算所城投债收益率曲线(AA-),远期的即期,2026-03-05,0,4.3852,11,3,3Y
上海清算所城投债收益率曲线(AA-),远期的即期,2026-03-05,0,4.3793,11,2,2Y
上海清算所城投债收益率曲线(AA-),远期的即期,2026-03-05,0,4.3766,11,1,1Y
上海清算所城投债收益率曲线(AA-),远期的即期,2026-03-05,0,4.4029,12,3,3Y
上海清算所城投债收益率曲线(AA-),远期的即期,2026-03-05,0,4.3895,12,2,2Y
上海清算所城投债收益率曲线(AA-),远期的即期,2026-03-05,0,4.382,12,1,1Y
上海清算所城投债收益率曲线(AA-),远期的即期,2026-03-05,0,4.4133,13,2,2Y
上海清算所城投债收益率曲线(AA-),远期的即期,2026-03-05,0,4.397,13,1,1Y
上海清算所城投债收益率曲线(AA-),远期的即期,2026-03-05,0,4.4296,14,1,1Y
上海清算所城投债收益率曲线(AA-),远期的到期,2026-02-03,0,4.2527,1,14,14Y
上海清算所城投债收益率曲线(AA-),远期的到期,2026-02-03,0,4.2404,1,13,13Y
上海清算所城投债收益率曲线(AA-),远期的到期,2026-02-03,0,4.2408,1,12,12Y
上海清算所城投债收益率曲线(AA-),远期的到期,2026-02-03,0,4.2202,1,11,11Y
上海清算所城投债收益率曲线(AA-),远期的到期,2026-02-03,0,4.1999,1,10,10Y
上海清算所城投债收益率曲线(AA-),远期的到期,2026-02-03,0,4.2009,1,9,9Y
上海清算所城投债收益率曲线(AA-),远期的到期,2026-02-03,0,4.1587,1,8,8Y
上海清算所城投债收益率曲线(AA-),远期的到期,2026-02-03,0,4.1083,1,7,7Y
上海清算所城投债收益率曲线(AA-),远期的到期,2026-02-03,0,4.0178,1,6,6Y
上海清算所城投债收益率曲线(AA-),远期的到期,2026-02-03,0,3.774,1,5,5Y
上海清算所城投债收益率曲线(AA-),远期的到期,2026-02-03,0,3.0994,1,4,4Y
上海清算所城投债收益率曲线(AA-),远期的到期,2026-02-03,0,2.9286,1,3,3Y
上海清算所城投债收益率曲线(AA-),远期的到期,2026-02-03,0,2.5563,1,2,2Y
上海清算所城投债收益率曲线(AA-),远期的到期,2026-02-03,0,2.3494,1,1,1Y
上海清算所城投债收益率曲线(AA-),远期的到期,2026-02-03,0,4.4477,2,13,13Y
上海清算所城投债收益率曲线(AA-),远期的到期,2026-02-03,0,4.4461,2,12,12Y
上海清算所城投债收益率曲线(AA-),远期的到期,2026-02-03,0,4.4606,2,11,11Y
上海清算所城投债收益率曲线(AA-),远期的到期,2026-02-03,0,4.4545,2,10,10Y
上海清算所城投债收益率曲线(AA-),远期的到期,2026-02-03,0,4.4519,2,9,9Y
上海清算所城投债收益率曲线(AA-),远期的到期,2026-02-03,0,4.4784,2,8,8Y
上海清算所城投债收益率曲线(AA-),远期的到期,2026-02-03,0,4.4619,2,7,7Y
上海清算所城投债收益率曲线(AA-),远期的到期,2026-02-03,0,4.4443,2,6,6Y
上海清算所城投债收益率曲线(AA-),远期的到期,2026-02-03,0,4.3913,2,5,5Y
上海清算所城投债收益率曲线(AA-),远期的到期,2026-02-03,0,4.1628,2,4,4Y
上海清算所城投债收益率曲线(AA-),远期的到期,2026-02-03,0,3.3657,2,3,3Y
上海清算所城投债收益率曲线(AA-),远期的到期,2026-02-03,0,3.2316,2,2,2Y
上海清算所城投债收益率曲线(AA-),远期的到期,2026-02-03,0,2.769,2,1,1Y
上海清算所城投债收益率曲线(AA-),远期的到期,2026-02-03,0,4.6336,3,12,12Y
上海清算所城投债收益率曲线(AA-),远期的到期,2026-02-03,0,4.6446,3,11,11Y
上海清算所城投债收益率曲线(AA-),远期的到期,2026-02-03,0,4.6763,3,10,10Y
上海清算所城投债收益率曲线(AA-),远期的到期,2026-02-03,0,4.6883,3,9,9Y
上海清算所城投债收益率曲线(AA-),远期的到期,2026-02-03,0,4.7089,3,8,8Y
上海清算所城投债收益率曲线(AA-),远期的到期,2026-02-03,0,4.7704,3,7,7Y
上海清算所城投债收益率曲线(AA-),远期的到期,2026-02-03,0,4.7916,3,6,6Y
上海清算所城投债收益率曲线(AA-),远期的到期,2026-02-03,0,4.8267,3,5,5Y
上海清算所城投债收益率曲线(AA-),远期的到期,2026-02-03,0,4.8429,3,4,4Y
上海清算所城投债收益率曲线(AA-),远期的到期,2026-02-03,0,4.6668,3,3,3Y
上海清算所城投债收益率曲线(AA-),远期的到期,2026-02-03,0,3.6807,3,2,2Y
上海清算所城投债收益率曲线(AA-),远期的到期,2026-02-03,0,3.7114,3,1,1Y
上海清算所城投债收益率曲线(AA-),远期的到期,2026-02-03,0,4.7438,4,11,11Y
上海清算所城投债收益率曲线(AA-),远期的到期,2026-02-03,0,4.7648,4,10,10Y
上海清算所城投债收益率曲线(AA-),远期的到期,2026-02-03,0,4.8116,4,9,9Y
上海清算所城投债收益率曲线(AA-),远期的到期,2026-02-03,0,4.8391,4,8,8Y
上海清算所城投债收益率曲线(AA-),远期的到期,2026-02-03,0,4.8812,4,7,7Y
上海清算所城投债收益率曲线(AA-),远期的到期,2026-02-03,0,4.9792,4,6,6Y
上海清算所城投债收益率曲线(AA-),远期的到期,2026-02-03,0,5.0414,4,5,5Y
上海清算所城投债收益率曲线(AA-),远期的到期,2026-02-03,0,5.1415,4,4,4Y
上海清算所城投债收益率曲线(AA-),远期的到期,2026-02-03,0,5.2582,4,3,3Y
上海清算所城投债收益率曲线(AA-),远期的到期,2026-02-03,0,5.1783,4,2,2Y
上海清算所城投债收益率曲线(AA-),远期的到期,2026-02-03,0,3.6489,4,1,1Y
上海清算所城投债收益率曲线(AA-),远期的到期,2026-02-03,0,4.8866,5,10,10Y
上海清算所城投债收益率曲线(AA-),远期的到期,2026-02-03,0,4.9231,5,9,9Y
上海清算所城投债收益率曲线(AA-),远期的到期,2026-02-03,0,4.9935,5,8,8Y
上海清算所城投债收益率曲线(AA-),远期的到期,2026-02-03,0,5.0475,5,7,7Y
上海清算所城投债收益率曲线(AA-),远期的到期,2026-02-03,0,5.1277,5,6,6Y
上海清算所城投债收益率曲线(AA-),远期的到期,2026-02-03,0,5.2917,5,5,5Y
上海清算所城投债收益率曲线(AA-),远期的到期,2026-02-03,0,5.4412,5,4,4Y
上海清算所城投债收益率曲线(AA-),远期的到期,2026-02-03,0,5.7002,5,3,3Y
上海清算所城投债收益率曲线(AA-),远期的到期,2026-02-03,0,6.1404,5,2,2Y
上海清算所城投债收益率曲线(AA-),远期的到期,2026-02-03,0,6.8119,5,1,1Y
上海清算所城投债收益率曲线(AA-),远期的到期,2026-02-03,0,4.6189,6,9,9Y
上海清算所城投债收益率曲线(AA-),远期的到期,2026-02-03,0,4.6337,6,8,8Y
上海清算所城投债收益率曲线(AA-),远期的到期,2026-02-03,0,4.6815,6,7,7Y
上海清算所城投债收益率曲线(AA-),远期的到期,2026-02-03,0,4.7016,6,6,6Y
上海清算所城投债收益率曲线(AA-),远期的到期,2026-02-03,0,4.7397,6,5,5Y
上海清算所城投债收益率曲线(AA-),远期的到期,2026-02-03,0,4.8631,6,4,4Y
上海清算所城投债收益率曲线(AA-),远期的到期,2026-02-03,0,4.9372,6,3,3Y
上海清算所城投债收益率曲线(AA-),远期的到期,2026-02-03,0,5.1005,6,2,2Y
上海清算所城投债收益率曲线(AA-),远期的到期,2026-02-03,0,5.4325,6,1,1Y
上海清算所城投债收益率曲线(AA-),远期的到期,2026-02-03,0,4.4954,7,8,8Y
上海清算所城投债收益率曲线(AA-),远期的到期,2026-02-03,0,4.4979,7,7,7Y
上海清算所城投债收益率曲线(AA-),远期的到期,2026-02-03,0,4.5355,7,6,6Y
上海清算所城投债收益率曲线(AA-),远期的到期,2026-02-03,0,4.5347,7,5,5Y
上海清算所城投债收益率曲线(AA-),远期的到期,2026-02-03,0,4.5461,7,4,4Y
上海清算所城投债收益率曲线(AA-),远期的到期,2026-02-03,0,4.6553,7,3,3Y
上海清算所城投债收益率曲线(AA-),远期的到期,2026-02-03,0,4.672,7,2,2Y
上海清算所城投债收益率曲线(AA-),远期的到期,2026-02-03,0,4.7528,7,1,1Y
上海清算所城投债收益率曲线(AA-),远期的到期,2026-02-03,0,4.4518,8,7,7Y
上海清算所城投债收益率曲线(AA-),远期的到期,2026-02-03,0,4.4485,8,6,6Y
上海清算所城投债收益率曲线(AA-),远期的到期,2026-02-03,0,4.4861,8,5,5Y
上海清算所城投债收益率曲线(AA-),远期的到期,2026-02-03,0,4.4739,8,4,4Y
上海清算所城投债收益率曲线(AA-),远期的到期,2026-02-03,0,4.4708,8,3,3Y
上海清算所城投债收益率曲线(AA-),远期的到期,2026-02-03,0,4.6031,8,2,2Y
上海清算所城投债收益率曲线(AA-),远期的到期,2026-02-03,0,4.5875,8,1,1Y
上海清算所城投债收益率曲线(AA-),远期的到期,2026-02-03,0,4.4255,9,6,6Y
上海清算所城投债收益率曲线(AA-),远期的到期,2026-02-03,0,4.4169,9,5,5Y
上海清算所城投债收益率曲线(AA-),远期的到期,2026-02-03,0,4.4578,9,4,4Y
上海清算所城投债收益率曲线(AA-),远期的到期,2026-02-03,0,4.4326,9,3,3Y
上海清算所城投债收益率曲线(AA-),远期的到期,2026-02-03,0,4.4085,9,2,2Y
上海清算所城投债收益率曲线(AA-),远期的到期,2026-02-03,0,4.6195,9,1,1Y
上海清算所城投债收益率曲线(AA-),远期的到期,2026-02-03,0,4.3815,10,5,5Y
上海清算所城投债收益率曲线(AA-),远期的到期,2026-02-03,0,4.3606,10,4,4Y
上海清算所城投债收益率曲线(AA-),远期的到期,2026-02-03,0,4.3992,10,3,3Y
上海清算所城投债收益率曲线(AA-),远期的到期,2026-02-03,0,4.3332,10,2,2Y
上海清算所城投债收益率曲线(AA-),远期的到期,2026-02-03,0,4.1887,10,1,1Y
上海清算所城投债收益率曲线(AA-),远期的到期,2026-02-03,0,4.4351,11,4,4Y
上海清算所城投债收益率曲线(AA-),远期的到期,2026-02-03,0,4.4231,11,3,3Y
上海清算所城投债收益率曲线(AA-),远期的到期,2026-02-03,0,4.5116,11,2,2Y
上海清算所城投债收益率曲线(AA-),远期的到期,2026-02-03,0,4.4841,11,1,1Y
上海清算所城投债收益率曲线(AA-),远期的到期,2026-02-03,0,4.4174,12,3,3Y
上海清算所城投债收益率曲线(AA-),远期的到期,2026-02-03,0,4.3906,12,2,2Y
上海清算所城投债收益率曲线(AA-),远期的到期,2026-02-03,0,4.5403,12,1,1Y
上海清算所城投债收益率曲线(AA-),远期的到期,2026-02-03,0,4.3519,13,2,2Y
上海清算所城投债收益率曲线(AA-),远期的到期,2026-02-03,0,4.2346,13,1,1Y
上海清算所城投债收益率曲线(AA-),远期的到期,2026-02-03,0,4.4744,14,1,1Y
上海清算所城投债收益率曲线(AA-),远期的到期,2026-02-04,0,4.2768,1,14,14Y
上海清算所城投债收益率曲线(AA-),远期的到期,2026-02-04,0,4.2597,1,13,13Y
上海清算所城投债收益率曲线(AA-),远期的到期,2026-02-04,0,4.2442,1,12,12Y
上海清算所城投债收益率曲线(AA-),远期的到期,2026-02-04,0,4.2297,1,11,11Y
上海清算所城投债收益率曲线(AA-),远期的到期,2026-02-04,0,4.2137,1,10,10Y
上海清算所城投债收益率曲线(AA-),远期的到期,2026-02-04,0,4.1937,1,9,9Y
上海清算所城投债收益率曲线(AA-),远期的到期,2026-02-04,0,4.1707,1,8,8Y
上海清算所城投债收益率曲线(AA-),远期的到期,2026-02-04,0,4.1083,1,7,7Y
上海清算所城投债收益率曲线(AA-),远期的到期,2026-02-04,0,4.0271,1,6,6Y
上海清算所城投债收益率曲线(AA-),远期的到期,2026-02-04,0,3.8093,1,5,5Y
上海清算所城投债收益率曲线(AA-),远期的到期,2026-02-04,0,3.1367,1,4,4Y
上海清算所城投债收益率曲线(AA-),远期的到期,2026-02-04,0,2.8954,1,3,3Y
上海清算所城投债收益率曲线(AA-),远期的到期,2026-02-04,0,2.5507,1,2,2Y
上海清算所城投债收益率曲线(AA-),远期的到期,2026-02-04,0,2.3374,1,1,1Y
上海清算所城投债收益率曲线(AA-),远期的到期,2026-02-04,0,4.4757,2,13,13Y
上海清算所城投债收益率曲线(AA-),远期的到期,2026-02-04,0,4.469,2,12,12Y
上海清算所城投债收益率曲线(AA-),远期的到期,2026-02-04,0,4.466,2,11,11Y
上海清算所城投债收益率曲线(AA-),远期的到期,2026-02-04,0,4.4667,2,10,10Y
上海清算所城投债收益率曲线(AA-),远期的到期,2026-02-04,0,4.4694,2,9,9Y
上海清算所城投债收益率曲线(AA-),远期的到期,2026-02-04,0,4.4721,2,8,8Y
上海清算所城投债收益率曲线(AA-),远期的到期,2026-02-04,0,4.478,2,7,7Y
上海清算所城投债收益率曲线(AA-),远期的到期,2026-02-04,0,4.4468,2,6,6Y
上海清算所城投债收益率曲线(AA-),远期的到期,2026-02-04,0,4.4056,2,5,5Y
上海清算所城投债收益率曲线(AA-),远期的到期,2026-02-04,0,4.2112,2,4,4Y
上海清算所城投债收益率曲线(AA-),远期的到期,2026-02-04,0,3.4206,2,3,3Y
上海清算所城投债收益率曲线(AA-),远期的到期,2026-02-04,0,3.1872,2,2,2Y
上海清算所城投债收益率曲线(AA-),远期的到期,2026-02-04,0,2.7699,2,1,1Y
上海清算所城投债收益率曲线(AA-),远期的到期,2026-02-04,0,4.6648,3,12,12Y
上海清算所城投债收益率曲线(AA-),远期的到期,2026-02-04,0,4.6702,3,11,11Y
上海清算所城投债收益率曲线(AA-),远期的到期,2026-02-04,0,4.6824,3,10,10Y
上海清算所城投债收益率曲线(AA-),远期的到期,2026-02-04,0,4.7023,3,9,9Y
上海清算所城投债收益率曲线(AA-),远期的到期,2026-02-04,0,4.7291,3,8,8Y
上海清算所城投债收益率曲线(AA-),远期的到期,2026-02-04,0,4.763,3,7,7Y
上海清算所城投债收益率曲线(AA-),远期的到期,2026-02-04,0,4.811,3,6,6Y
上海清算所城投债收益率曲线(AA-),远期的到期,2026-02-04,0,4.8299,3,5,5Y
上海清算所城投债收益率曲线(AA-),远期的到期,2026-02-04,0,4.8614,3,4,4Y
上海清算所城投债收益率曲线(AA-),远期的到期,2026-02-04,0,4.7329,3,3,3Y
上海清算所城投债收益率曲线(AA-),远期的到期,2026-02-04,0,3.7642,3,2,2Y
上海清算所城投债收益率曲线(AA-),远期的到期,2026-02-04,0,3.6196,3,1,1Y
上海清算所城投债收益率曲线(AA-),远期的到期,2026-02-04,0,4.79,4,11,11Y
上海清算所城投债收益率曲线(AA-),远期的到期,2026-02-04,0,4.8058,4,10,10Y
上海清算所城投债收益率曲线(AA-),远期的到期,2026-02-04,0,4.8317,4,9,9Y
上海清算所城投债收益率曲线(AA-),远期的到期,2026-02-04,0,4.8698,4,8,8Y
上海清算所城投债收益率曲线(AA-),远期的到期,2026-02-04,0,4.9211,4,7,7Y
上海清算所城投债收益率曲线(AA-),远期的到期,2026-02-04,0,4.9888,4,6,6Y
上海清算所城投债收益率曲线(AA-),远期的到期,2026-02-04,0,5.087,4,5,5Y
上海清算所城投债收益率曲线(AA-),远期的到期,2026-02-04,0,5.1722,4,4,4Y
上海清算所城投债收益率曲线(AA-),远期的到期,2026-02-04,0,5.3182,4,3,3Y
上海清算所城投债收益率曲线(AA-),远期的到期,2026-02-04,0,5.3305,4,2,2Y
上海清算所城投债收益率曲线(AA-),远期的到期,2026-02-04,0,3.9145,4,1,1Y
上海清算所城投债收益率曲线(AA-),远期的到期,2026-02-04,0,4.9041,5,10,10Y
上海清算所城投债收益率曲线(AA-),远期的到期,2026-02-04,0,4.9322,5,9,9Y
上海清算所城投债收益率曲线(AA-),远期的到期,2026-02-04,0,4.975,5,8,8Y
上海清算所城投债收益率曲线(AA-),远期的到期,2026-02-04,0,5.0369,5,7,7Y
上海清算所城投债收益率曲线(AA-),远期的到期,2026-02-04,0,5.1222,5,6,6Y
上海清算所城投债收益率曲线(AA-),远期的到期,2026-02-04,0,5.2409,5,5,5Y
上海清算所城投债收益率曲线(AA-),远期的到期,2026-02-04,0,5.4234,5,4,4Y
上海清算所城投债收益率曲线(AA-),远期的到期,2026-02-04,0,5.6425,5,3,3Y
上海清算所城投债收益率曲线(AA-),远期的到期,2026-02-04,0,6.0874,5,2,2Y
上海清算所城投债收益率曲线(AA-),远期的到期,2026-02-04,0,6.8433,5,1,1Y
上海清算所城投债收益率曲线(AA-),远期的到期,2026-02-04,0,4.6347,6,9,9Y
上海清算所城投债收益率曲线(AA-),远期的到期,2026-02-04,0,4.6397,6,8,8Y
上海清算所城投债收益率曲线(AA-),远期的到期,2026-02-04,0,4.6549,6,7,7Y
上海清算所城投债收益率曲线(AA-),远期的到期,2026-02-04,0,4.6832,6,6,6Y
上海清算所城投债收益率曲线(AA-),远期的到期,2026-02-04,0,4.7264,6,5,5Y
上海清算所城投债收益率曲线(AA-),远期的到期,2026-02-04,0,4.7899,6,4,4Y
上海清算所城投债收益率曲线(AA-),远期的到期,2026-02-04,0,4.9021,6,3,3Y
上海清算所城投债收益率曲线(AA-),远期的到期,2026-02-04,0,4.9958,6,2,2Y
上海清算所城投债收益率曲线(AA-),远期的到期,2026-02-04,0,5.2915,6,1,1Y
上海清算所城投债收益率曲线(AA-),远期的到期,2026-02-04,0,4.535,7,8,8Y
上海清算所城投债收益率曲线(AA-),远期的到期,2026-02-04,0,4.5289,7,7,7Y
上海清算所城投债收益率曲线(AA-),远期的到期,2026-02-04,0,4.5312,7,6,6Y
上海清算所城投债收益率曲线(AA-),远期的到期,2026-02-04,0,4.5443,7,5,5Y
上海清算所城投债收益率曲线(AA-),远期的到期,2026-02-04,0,4.5684,7,4,4Y
上海清算所城投债收益率曲线(AA-),远期的到期,2026-02-04,0,4.6069,7,3,3Y
上海清算所城投债收益率曲线(AA-),远期的到期,2026-02-04,0,4.6935,7,2,2Y
上海清算所城投债收益率曲线(AA-),远期的到期,2026-02-04,0,4.6863,7,1,1Y
上海清算所城投债收益率曲线(AA-),远期的到期,2026-02-04,0,4.5092,8,7,7Y
上海清算所城投债收益率曲线(AA-),远期的到期,2026-02-04,0,4.4983,8,6,6Y
上海清算所城投债收益率曲线(AA-),远期的到期,2026-02-04,0,4.4958,8,5,5Y
上海清算所城投债收益率曲线(AA-),远期的到期,2026-02-04,0,4.5047,8,4,4Y
上海清算所城投债收益率曲线(AA-),远期的到期,2026-02-04,0,4.5255,8,3,3Y
上海清算所城投债收益率曲线(AA-),远期的到期,2026-02-04,0,4.5644,8,2,2Y
上海清算所城投债收益率曲线(AA-),远期的到期,2026-02-04,0,4.7011,8,1,1Y
上海清算所城投债收益率曲线(AA-),远期的到期,2026-02-04,0,4.4721,9,6,6Y
上海清算所城投债收益率曲线(AA-),远期的到期,2026-02-04,0,4.4522,9,5,5Y
上海清算所城投债收益率曲线(AA-),远期的到期,2026-02-04,0,4.4387,9,4,4Y
上海清算所城投债收益率曲线(AA-),远期的到期,2026-02-04,0,4.4334,9,3,3Y
上海清算所城投债收益率曲线(AA-),远期的到期,2026-02-04,0,4.4318,9,2,2Y
上海清算所城投债收益率曲线(AA-),远期的到期,2026-02-04,0,4.4217,9,1,1Y
上海清算所城投债收益率曲线(AA-),远期的到期,2026-02-04,0,4.4836,10,5,5Y
上海清算所城投债收益率曲线(AA-),远期的到期,2026-02-04,0,4.4607,10,4,4Y
上海清算所城投债收益率曲线(AA-),远期的到期,2026-02-04,0,4.4449,10,3,3Y
上海清算所城投债收益率曲线(AA-),远期的到期,2026-02-04,0,4.4396,10,2,2Y
上海清算所城投债收益率曲线(AA-),远期的到期,2026-02-04,0,4.4424,10,1,1Y
上海清算所城投债收益率曲线(AA-),远期的到期,2026-02-04,0,4.4951,11,4,4Y
上海清算所城投债收益率曲线(AA-),远期的到期,2026-02-04,0,4.4674,11,3,3Y
上海清算所城投债收益率曲线(AA-),远期的到期,2026-02-04,0,4.4462,11,2,2Y
上海清算所城投债收益率曲线(AA-),远期的到期,2026-02-04,0,4.4367,11,1,1Y
上海清算所城投债收益率曲线(AA-),远期的到期,2026-02-04,0,4.5163,12,3,3Y
上海清算所城投债收益率曲线(AA-),远期的到期,2026-02-04,0,4.4838,12,2,2Y
上海清算所城投债收益率曲线(AA-),远期的到期,2026-02-04,0,4.4561,12,1,1Y
上海清算所城投债收益率曲线(AA-),远期的到期,2026-02-04,0,4.5484,13,2,2Y
上海清算所城投债收益率曲线(AA-),远期的到期,2026-02-04,0,4.5127,13,1,1Y
上海清算所城投债收益率曲线(AA-),远期的到期,2026-02-04,0,4.5858,14,1,1Y
上海清算所城投债收益率曲线(AA-),远期的到期,2026-02-05,0,4.239,1,14,14Y
上海清算所城投债收益率曲线(AA-),远期的到期,2026-02-05,0,4.2388,1,13,13Y
上海清算所城投债收益率曲线(AA-),远期的到期,2026-02-05,0,4.2397,1,12,12Y
上海清算所城投债收益率曲线(AA-),远期的到期,2026-02-05,0,4.2412,1,11,11Y
上海清算所城投债收益率曲线(AA-),远期的到期,2026-02-05,0,4.2388,1,10,10Y
上海清算所城投债收益率曲线(AA-),远期的到期,2026-02-05,0,4.2282,1,9,9Y
上海清算所城投债收益率曲线(AA-),远期的到期,2026-02-05,0,4.1808,1,8,8Y
上海清算所城投债收益率曲线(AA-),远期的到期,2026-02-05,0,4.1108,1,7,7Y
上海清算所城投债收益率曲线(AA-),远期的到期,2026-02-05,0,4.0396,1,6,6Y
上海清算所城投债收益率曲线(AA-),远期的到期,2026-02-05,0,3.8156,1,5,5Y
上海清算所城投债收益率曲线(AA-),远期的到期,2026-02-05,0,3.1558,1,4,4Y
上海清算所城投债收益率曲线(AA-),远期的到期,2026-02-05,0,2.9418,1,3,3Y
上海清算所城投债收益率曲线(AA-),远期的到期,2026-02-05,0,2.5674,1,2,2Y
上海清算所城投债收益率曲线(AA-),远期的到期,2026-02-05,0,2.336,1,1,1Y
上海清算所城投债收益率曲线(AA-),远期的到期,2026-02-05,0,4.4342,2,13,13Y
上海清算所城投债收益率曲线(AA-),远期的到期,2026-02-05,0,4.446,2,12,12Y
上海清算所城投债收益率曲线(AA-),远期的到期,2026-02-05,0,4.4613,2,11,11Y
上海清算所城投债收益率曲线(AA-),远期的到期,2026-02-05,0,4.4802,2,10,10Y
上海清算所城投债收益率曲线(AA-),远期的到期,2026-02-05,0,4.4984,2,9,9Y
上海清算所城投债收益率曲线(AA-),远期的到期,2026-02-05,0,4.5122,2,8,8Y
上海清算所城投债收益率曲线(AA-),远期的到期,2026-02-05,0,4.4902,2,7,7Y
上海清算所城投债收益率曲线(AA-),远期的到期,2026-02-05,0,4.4503,2,6,6Y
上海清算所城投债收益率曲线(AA-),远期的到期,2026-02-05,0,4.4214,2,5,5Y
上海清算所城投债收益率曲线(AA-),远期的到期,2026-02-05,0,4.22,2,4,4Y
上海清算所城投债收益率曲线(AA-),远期的到期,2026-02-05,0,3.4472,2,3,3Y
上海清算所城投债收益率曲线(AA-),远期的到期,2026-02-05,0,3.2588,2,2,2Y
上海清算所城投债收益率曲线(AA-),远期的到期,2026-02-05,0,2.8053,2,1,1Y
上海清算所城投债收益率曲线(AA-),远期的到期,2026-02-05,0,4.6147,3,12,12Y
上海清算所城投债收益率曲线(AA-),远期的到期,2026-02-05,0,4.6404,3,11,11Y
上海清算所城投债收益率曲线(AA-),远期的到期,2026-02-05,0,4.6728,3,10,10Y
上海清算所城投债收益率曲线(AA-),远期的到期,2026-02-05,0,4.7129,3,9,9Y
上海清算所城投债收益率曲线(AA-),远期的到期,2026-02-05,0,4.7574,3,8,8Y
上海清算所城投债收益率曲线(AA-),远期的到期,2026-02-05,0,4.8041,3,7,7Y
上海清算所城投债收益率曲线(AA-),远期的到期,2026-02-05,0,4.8187,3,6,6Y
上海清算所城投债收益率曲线(AA-),远期的到期,2026-02-05,0,4.8262,3,5,5Y
上海清算所城投债收益率曲线(AA-),远期的到期,2026-02-05,0,4.872,3,4,4Y
上海清算所城投债收益率曲线(AA-),远期的到期,2026-02-05,0,4.7322,3,3,3Y
上海清算所城投债收益率曲线(AA-),远期的到期,2026-02-05,0,3.7864,3,2,2Y
上海清算所城投债收益率曲线(AA-),远期的到期,2026-02-05,0,3.7293,3,1,1Y
上海清算所城投债收益率曲线(AA-),远期的到期,2026-02-05,0,4.7207,4,11,11Y
上海清算所城投债收益率曲线(AA-),远期的到期,2026-02-05,0,4.7579,4,10,10Y
上海清算所城投债收益率曲线(AA-),远期的到期,2026-02-05,0,4.8052,4,9,9Y
上海清算所城投债收益率曲线(AA-),远期的到期,2026-02-05,0,4.865,4,8,8Y
上海清算所城投债收益率曲线(AA-),远期的到期,2026-02-05,0,4.9353,4,7,7Y
上海清算所城投债收益率曲线(AA-),远期的到期,2026-02-05,0,5.0163,4,6,6Y
上海清算所城投债收益率曲线(AA-),远期的到期,2026-02-05,0,5.0709,4,5,5Y
上海清算所城投债收益率曲线(AA-),远期的到期,2026-02-05,0,5.1361,4,4,4Y
上海清算所城投债收益率曲线(AA-),远期的到期,2026-02-05,0,5.292,4,3,3Y
上海清算所城投债收益率曲线(AA-),远期的到期,2026-02-05,0,5.2701,4,2,2Y
上海清算所城投债收益率曲线(AA-),远期的到期,2026-02-05,0,3.8458,4,1,1Y
上海清算所城投债收益率曲线(AA-),远期的到期,2026-02-05,0,4.8346,5,10,10Y
上海清算所城投债收益率曲线(AA-),远期的到期,2026-02-05,0,4.8872,5,9,9Y
上海清算所城投债收益率曲线(AA-),远期的到期,2026-02-05,0,4.9552,5,8,8Y
上海清算所城投债收益率曲线(AA-),远期的到期,2026-02-05,0,5.0433,5,7,7Y
上海清算所城投债收益率曲线(AA-),远期的到期,2026-02-05,0,5.153,5,6,6Y
上海清算所城投债收益率曲线(AA-),远期的到期,2026-02-05,0,5.2911,5,5,5Y
上海清算所城投债收益率曲线(AA-),远期的到期,2026-02-05,0,5.4224,5,4,4Y
上海清算所城投债收益率曲线(AA-),远期的到期,2026-02-05,0,5.6185,5,3,3Y
上海清算所城投债收益率曲线(AA-),远期的到期,2026-02-05,0,6.0843,5,2,2Y
上海清算所城投债收益率曲线(AA-),远期的到期,2026-02-05,0,6.791,5,1,1Y
上海清算所城投债收益率曲线(AA-),远期的到期,2026-02-05,0,4.5629,6,9,9Y
上海清算所城投债收益率曲线(AA-),远期的到期,2026-02-05,0,4.5958,6,8,8Y
上海清算所城投债收益率曲线(AA-),远期的到期,2026-02-05,0,4.6404,6,7,7Y
上海清算所城投债收益率曲线(AA-),远期的到期,2026-02-05,0,4.7008,6,6,6Y
上海清算所城投债收益率曲线(AA-),远期的到期,2026-02-05,0,4.7758,6,5,5Y
上海清算所城投债收益率曲线(AA-),远期的到期,2026-02-05,0,4.8685,6,4,4Y
上海清算所城投债收益率曲线(AA-),远期的到期,2026-02-05,0,4.9197,6,3,3Y
上海清算所城投债收益率曲线(AA-),远期的到期,2026-02-05,0,4.987,6,2,2Y
上海清算所城投债收益率曲线(AA-),远期的到期,2026-02-05,0,5.3398,6,1,1Y
上海清算所城投债收益率曲线(AA-),远期的到期,2026-02-05,0,4.445,7,8,8Y
上海清算所城投债收益率曲线(AA-),远期的到期,2026-02-05,0,4.4693,7,7,7Y
上海清算所城投债收益率曲线(AA-),远期的到期,2026-02-05,0,4.5044,7,6,6Y
上海清算所城投债收益率曲线(AA-),远期的到期,2026-02-05,0,4.5548,7,5,5Y
上海清算所城投债收益率曲线(AA-),远期的到期,2026-02-05,0,4.618,7,4,4Y
上海清算所城投债收益率曲线(AA-),远期的到期,2026-02-05,0,4.6965,7,3,3Y
上海清算所城投债收益率曲线(AA-),远期的到期,2026-02-05,0,4.6948,7,2,2Y
上海清算所城投债收益率曲线(AA-),远期的到期,2026-02-05,0,4.6179,7,1,1Y
上海清算所城投债收益率曲线(AA-),远期的到期,2026-02-05,0,4.4157,8,7,7Y
上海清算所城投债收益率曲线(AA-),远期的到期,2026-02-05,0,4.4404,8,6,6Y
上海清算所城投债收益率曲线(AA-),远期的到期,2026-02-05,0,4.4785,8,5,5Y
上海清算所城投债收益率曲线(AA-),远期的到期,2026-02-05,0,4.5371,8,4,4Y
上海清算所城投债收益率曲线(AA-),远期的到期,2026-02-05,0,4.6181,8,3,3Y
上海清算所城投债收益率曲线(AA-),远期的到期,2026-02-05,0,4.7386,8,2,2Y
上海清算所城投债收益率曲线(AA-),远期的到期,2026-02-05,0,4.7754,8,1,1Y
上海清算所城投债收益率曲线(AA-),远期的到期,2026-02-05,0,4.3461,9,6,6Y
上海清算所城投债收益率曲线(AA-),远期的到期,2026-02-05,0,4.3642,9,5,5Y
上海清算所城投债收益率曲线(AA-),远期的到期,2026-02-05,0,4.3958,9,4,4Y
上海清算所城投债收益率曲线(AA-),远期的到期,2026-02-05,0,4.4504,9,3,3Y
上海清算所城投债收益率曲线(AA-),远期的到期,2026-02-05,0,4.534,9,2,2Y
上海清算所城投债收益率曲线(AA-),远期的到期,2026-02-05,0,4.7001,9,1,1Y
上海清算所城投债收益率曲线(AA-),远期的到期,2026-02-05,0,4.266,10,5,5Y
上海清算所城投债收益率曲线(AA-),远期的到期,2026-02-05,0,4.2711,10,4,4Y
上海清算所城投债收益率曲线(AA-),远期的到期,2026-02-05,0,4.2855,10,3,3Y
上海清算所城投债收益率曲线(AA-),远期的到期,2026-02-05,0,4.3174,10,2,2Y
上海清算所城投债收益率曲线(AA-),远期的到期,2026-02-05,0,4.3606,10,1,1Y
上海清算所城投债收益率曲线(AA-),远期的到期,2026-02-05,0,4.2398,11,4,4Y
上海清算所城投债收益率曲线(AA-),远期的到期,2026-02-05,0,4.2387,11,3,3Y
上海清算所城投债收益率曲线(AA-),远期的到期,2026-02-05,0,4.2455,11,2,2Y
上海清算所城投债收益率曲线(AA-),远期的到期,2026-02-05,0,4.2724,11,1,1Y
上海清算所城投债收益率曲线(AA-),远期的到期,2026-02-05,0,4.228,12,3,3Y
上海清算所城投债收益率曲线(AA-),远期的到期,2026-02-05,0,4.2208,12,2,2Y
上海清算所城投债收益率曲线(AA-),远期的到期,2026-02-05,0,4.2176,12,1,1Y
上海清算所城投债收益率曲线(AA-),远期的到期,2026-02-05,0,4.2335,13,2,2Y
上海清算所城投债收益率曲线(AA-),远期的到期,2026-02-05,0,4.2241,13,1,1Y
上海清算所城投债收益率曲线(AA-),远期的到期,2026-02-05,0,4.2433,14,1,1Y
上海清算所城投债收益率曲线(AA-),远期的到期,2026-02-06,0,4.242,1,14,14Y
上海清算所城投债收益率曲线(AA-),远期的到期,2026-02-06,0,4.2408,1,13,13Y
上海清算所城投债收益率曲线(AA-),远期的到期,2026-02-06,0,4.2425,1,12,12Y
上海清算所城投债收益率曲线(AA-),远期的到期,2026-02-06,0,4.2415,1,11,11Y
上海清算所城投债收益率曲线(AA-),远期的到期,2026-02-06,0,4.225,1,10,10Y
上海清算所城投债收益率曲线(AA-),远期的到期,2026-02-06,0,4.2341,1,9,9Y
上海清算所城投债收益率曲线(AA-),远期的到期,2026-02-06,0,4.1839,1,8,8Y
上海清算所城投债收益率曲线(AA-),远期的到期,2026-02-06,0,4.1113,1,7,7Y
上海清算所城投债收益率曲线(AA-),远期的到期,2026-02-06,0,4.0384,1,6,6Y
上海清算所城投债收益率曲线(AA-),远期的到期,2026-02-06,0,3.7841,1,5,5Y
上海清算所城投债收益率曲线(AA-),远期的到期,2026-02-06,0,3.1206,1,4,4Y
上海清算所城投债收益率曲线(AA-),远期的到期,2026-02-06,0,2.951,1,3,3Y
上海清算所城投债收益率曲线(AA-),远期的到期,2026-02-06,0,2.5609,1,2,2Y
上海清算所城投债收益率曲线(AA-),远期的到期,2026-02-06,0,2.3166,1,1,1Y
上海清算所城投债收益率曲线(AA-),远期的到期,2026-02-06,0,4.4395,2,13,13Y
上海清算所城投债收益率曲线(AA-),远期的到期,2026-02-06,0,4.4504,2,12,12Y
上海清算所城投债收益率曲线(AA-),远期的到期,2026-02-06,0,4.4667,2,11,11Y
上海清算所城投债收益率曲线(AA-),远期的到期,2026-02-06,0,4.4829,2,10,10Y
上海清算所城投债收益率曲线(AA-),远期的到期,2026-02-06,0,4.4853,2,9,9Y
上海清算所城投债收益率曲线(AA-),远期的到期,2026-02-06,0,4.5219,2,8,8Y
上海清算所城投债收益率曲线(AA-),远期的到期,2026-02-06,0,4.497,2,7,7Y
上海清算所城投债收益率曲线(AA-),远期的到期,2026-02-06,0,4.4545,2,6,6Y
上海清算所城投债收益率曲线(AA-),远期的到期,2026-02-06,0,4.4242,2,5,5Y
上海清算所城投债收益率曲线(AA-),远期的到期,2026-02-06,0,4.1849,2,4,4Y
上海清算所城投债收益率曲线(AA-),远期的到期,2026-02-06,0,3.4064,2,3,3Y
上海清算所城投债收益率曲线(AA-),远期的到期,2026-02-06,0,3.2832,2,2,2Y
上海清算所城投债收益率曲线(AA-),远期的到期,2026-02-06,0,2.812,2,1,1Y
上海清算所城投债收益率曲线(AA-),远期的到期,2026-02-06,0,4.6198,3,12,12Y
上海清算所城投债收益率曲线(AA-),远期的到期,2026-02-06,0,4.6445,3,11,11Y
上海清算所城投债收益率曲线(AA-),远期的到期,2026-02-06,0,4.6779,3,10,10Y
上海清算所城投债收益率曲线(AA-),远期的到期,2026-02-06,0,4.715,3,9,9Y
上海清算所城投债收益率曲线(AA-),远期的到期,2026-02-06,0,4.7412,3,8,8Y
上海清算所城投债收益率曲线(AA-),远期的到期,2026-02-06,0,4.8143,3,7,7Y
上海清算所城投债收益率曲线(AA-),远期的到期,2026-02-06,0,4.8255,3,6,6Y
上海清算所城投债收益率曲线(AA-),远期的到期,2026-02-06,0,4.8297,3,5,5Y
上海清算所城投债收益率曲线(AA-),远期的到期,2026-02-06,0,4.8734,3,4,4Y
上海清算所城投债收益率曲线(AA-),远期的到期,2026-02-06,0,4.6816,3,3,3Y
上海清算所城投债收益率曲线(AA-),远期的到期,2026-02-06,0,3.7203,3,2,2Y
上海清算所城投债收益率曲线(AA-),远期的到期,2026-02-06,0,3.7722,3,1,1Y
上海清算所城投债收益率曲线(AA-),远期的到期,2026-02-06,0,4.7212,4,11,11Y
上海清算所城投债收益率曲线(AA-),远期的到期,2026-02-06,0,4.7569,4,10,10Y
上海清算所城投债收益率曲线(AA-),远期的到期,2026-02-06,0,4.805,4,9,9Y
上海清算所城投债收益率曲线(AA-),远期的到期,2026-02-06,0,4.8607,4,8,8Y
上海清算所城投债收益率曲线(AA-),远期的到期,2026-02-06,0,4.9088,4,7,7Y
上海清算所城投债收益率曲线(AA-),远期的到期,2026-02-06,0,5.0199,4,6,6Y
上海清算所城投债收益率曲线(AA-),远期的到期,2026-02-06,0,5.0691,4,5,5Y
上海清算所城投债收益率曲线(AA-),远期的到期,2026-02-06,0,5.1282,4,4,4Y
上海清算所城投债收益率曲线(AA-),远期的到期,2026-02-06,0,5.2776,4,3,3Y
上海清算所城投债收益率曲线(AA-),远期的到期,2026-02-06,0,5.1685,4,2,2Y
上海清算所城投债收益率曲线(AA-),远期的到期,2026-02-06,0,3.6665,4,1,1Y
上海清算所城投债收益率曲线(AA-),远期的到期,2026-02-06,0,4.8587,5,10,10Y
上海清算所城投债收益率曲线(AA-),远期的到期,2026-02-06,0,4.9118,5,9,9Y
上海清算所城投债收益率曲线(AA-),远期的到期,2026-02-06,0,4.9832,5,8,8Y
上海清算所城投债收益率曲线(AA-),远期的到期,2026-02-06,0,5.07,5,7,7Y
上海清算所城投债收益率曲线(AA-),远期的到期,2026-02-06,0,5.1573,5,6,6Y
上海清算所城投债收益率曲线(AA-),远期的到期,2026-02-06,0,5.3379,5,5,5Y
上海清算所城投债收益率曲线(AA-),远期的到期,2026-02-06,0,5.472,5,4,4Y
上海清算所城投债收益率曲线(AA-),远期的到期,2026-02-06,0,5.6751,5,3,3Y
上海清算所城投债收益率曲线(AA-),远期的到期,2026-02-06,0,6.1608,5,2,2Y
上海清算所城投债收益率曲线(AA-),远期的到期,2026-02-06,0,6.7722,5,1,1Y
上海清算所城投债收益率曲线(AA-),远期的到期,2026-02-06,0,4.5925,6,9,9Y
上海清算所城投债收益率曲线(AA-),远期的到期,2026-02-06,0,4.6264,6,8,8Y
上海清算所城投债收益率曲线(AA-),远期的到期,2026-02-06,0,4.6759,6,7,7Y
上海清算所城投债收益率曲线(AA-),远期的到期,2026-02-06,0,4.7358,6,6,6Y
上海清算所城投债收益率曲线(AA-),远期的到期,2026-02-06,0,4.7849,6,5,5Y
上海清算所城投债收益率曲线(AA-),远期的到期,2026-02-06,0,4.9331,6,4,4Y
上海清算所城投债收益率曲线(AA-),远期的到期,2026-02-06,0,4.9936,6,3,3Y
上海清算所城投债收益率曲线(AA-),远期的到期,2026-02-06,0,5.0832,6,2,2Y
上海清算所城投债收益率曲线(AA-),远期的到期,2026-02-06,0,5.5156,6,1,1Y
上海清算所城投债收益率曲线(AA-),远期的到期,2026-02-06,0,4.4524,7,8,8Y
上海清算所城投债收益率曲线(AA-),远期的到期,2026-02-06,0,4.4752,7,7,7Y
上海清算所城投债收益率曲线(AA-),远期的到期,2026-02-06,0,4.5126,7,6,6Y
上海清算所城投债收益率曲线(AA-),远期的到期,2026-02-06,0,4.5576,7,5,5Y
上海清算所城投债收益率曲线(AA-),远期的到期,2026-02-06,0,4.5805,7,4,4Y
上海清算所城投债收益率曲线(AA-),远期的到期,2026-02-06,0,4.7204,7,3,3Y
上海清算所城投债收益率曲线(AA-),远期的到期,2026-02-06,0,4.714,7,2,2Y
上海清算所城投债收益率曲线(AA-),远期的到期,2026-02-06,0,4.6307,7,1,1Y
上海清算所城投债收益率曲线(AA-),远期的到期,2026-02-06,0,4.4221,8,7,7Y
上海清算所城投债收益率曲线(AA-),远期的到期,2026-02-06,0,4.445,8,6,6Y
上海清算所城投债收益率曲线(AA-),远期的到期,2026-02-06,0,4.4857,8,5,5Y
上海清算所城投债收益率曲线(AA-),远期的到期,2026-02-06,0,4.5371,8,4,4Y
上海清算所城投债收益率曲线(AA-),远期的到期,2026-02-06,0,4.5621,8,3,3Y
上海清算所城投债收益率曲线(AA-),远期的到期,2026-02-06,0,4.7685,8,2,2Y
上海清算所城投债收益率曲线(AA-),远期的到期,2026-02-06,0,4.8014,8,1,1Y
上海清算所城投债收益率曲线(AA-),远期的到期,2026-02-06,0,4.3488,9,6,6Y
上海清算所城投债收益率曲线(AA-),远期的到期,2026-02-06,0,4.364,9,5,5Y
上海清算所城投债收益率曲线(AA-),远期的到期,2026-02-06,0,4.3978,9,4,4Y
上海清算所城投债收益率曲线(AA-),远期的到期,2026-02-06,0,4.441,9,3,3Y
上海清算所城投债收益率曲线(AA-),远期的到期,2026-02-06,0,4.4343,9,2,2Y
上海清算所城投债收益率曲线(AA-),远期的到期,2026-02-06,0,4.7342,9,1,1Y
上海清算所城投债收益率曲线(AA-),远期的到期,2026-02-06,0,4.2617,10,5,5Y
上海清算所城投债收益率曲线(AA-),远期的到期,2026-02-06,0,4.2615,10,4,4Y
上海清算所城投债收益率曲线(AA-),远期的到期,2026-02-06,0,4.276,10,3,3Y
上海清算所城投债收益率曲线(AA-),远期的到期,2026-02-06,0,4.2851,10,2,2Y
上海清算所城投债收益率曲线(AA-),远期的到期,2026-02-06,0,4.1221,10,1,1Y
上海清算所城投债收益率曲线(AA-),远期的到期,2026-02-06,0,4.3004,11,4,4Y
上海清算所城投债收益率曲线(AA-),远期的到期,2026-02-06,0,4.312,11,3,3Y
上海清算所城投债收益率曲线(AA-),远期的到期,2026-02-06,0,4.3581,11,2,2Y
上海清算所城投债收益率曲线(AA-),远期的到期,2026-02-06,0,4.4554,11,1,1Y
上海清算所城投债收益率曲线(AA-),远期的到期,2026-02-06,0,4.2443,12,3,3Y
上海清算所城投债收益率曲线(AA-),远期的到期,2026-02-06,0,4.2357,12,2,2Y
上海清算所城投债收益率曲线(AA-),远期的到期,2026-02-06,0,4.2565,12,1,1Y
上海清算所城投债收益率曲线(AA-),远期的到期,2026-02-06,0,4.2378,13,2,2Y
上海清算所城投债收益率曲线(AA-),远期的到期,2026-02-06,0,4.2141,13,1,1Y
上海清算所城投债收益率曲线(AA-),远期的到期,2026-02-06,0,4.2625,14,1,1Y
上海清算所城投债收益率曲线(AA-),远期的到期,2026-02-09,0,4.2408,1,14,14Y
上海清算所城投债收益率曲线(AA-),远期的到期,2026-02-09,0,4.2325,1,13,13Y
上海清算所城投债收益率曲线(AA-),远期的到期,2026-02-09,0,4.2247,1,12,12Y
上海清算所城投债收益率曲线(AA-),远期的到期,2026-02-09,0,4.2165,1,11,11Y
上海清算所城投债收益率曲线(AA-),远期的到期,2026-02-09,0,4.2071,1,10,10Y
上海清算所城投债收益率曲线(AA-),远期的到期,2026-02-09,0,4.1961,1,9,9Y
上海清算所城投债收益率曲线(AA-),远期的到期,2026-02-09,0,4.1586,1,8,8Y
上海清算所城投债收益率曲线(AA-),远期的到期,2026-02-09,0,4.1035,1,7,7Y
上海清算所城投债收益率曲线(AA-),远期的到期,2026-02-09,0,4.0361,1,6,6Y
上海清算所城投债收益率曲线(AA-),远期的到期,2026-02-09,0,3.7556,1,5,5Y
上海清算所城投债收益率曲线(AA-),远期的到期,2026-02-09,0,3.0638,1,4,4Y
上海清算所城投债收益率曲线(AA-),远期的到期,2026-02-09,0,2.8922,1,3,3Y
上海清算所城投债收益率曲线(AA-),远期的到期,2026-02-09,0,2.5067,1,2,2Y
上海清算所城投债收益率曲线(AA-),远期的到期,2026-02-09,0,2.3331,1,1,1Y
上海清算所城投债收益率曲线(AA-),远期的到期,2026-02-09,0,4.4361,2,13,13Y
上海清算所城投债收益率曲线(AA-),远期的到期,2026-02-09,0,4.439,2,12,12Y
上海清算所城投债收益率曲线(AA-),远期的到期,2026-02-09,0,4.4445,2,11,11Y
上海清算所城投债收益率曲线(AA-),远期的到期,2026-02-09,0,4.4522,2,10,10Y
上海清算所城投债收益率曲线(AA-),远期的到期,2026-02-09,0,4.4623,2,9,9Y
上海清算所城投债收益率曲线(AA-),远期的到期,2026-02-09,0,4.4753,2,8,8Y
上海清算所城投债收益率曲线(AA-),远期的到期,2026-02-09,0,4.4644,2,7,7Y
上海清算所城投债收益率曲线(AA-),远期的到期,2026-02-09,0,4.4415,2,6,6Y
上海清算所城投债收益率曲线(AA-),远期的到期,2026-02-09,0,4.417,2,5,5Y
上海清算所城投债收益率曲线(AA-),远期的到期,2026-02-09,0,4.1435,2,4,4Y
上海清算所城投债收益率曲线(AA-),远期的到期,2026-02-09,0,3.323,2,3,3Y
上海清算所城投债收益率曲线(AA-),远期的到期,2026-02-09,0,3.1844,2,2,2Y
上海清算所城投债收益率曲线(AA-),远期的到期,2026-02-09,0,2.685,2,1,1Y
上海清算所城投债收益率曲线(AA-),远期的到期,2026-02-09,0,4.6301,3,12,12Y
上海清算所城投债收益率曲线(AA-),远期的到期,2026-02-09,0,4.6467,3,11,11Y
上海清算所城投债收益率曲线(AA-),远期的到期,2026-02-09,0,4.669,3,10,10Y
上海清算所城投债收益率曲线(AA-),远期的到期,2026-02-09,0,4.6976,3,9,9Y
上海清算所城投债收益率曲线(AA-),远期的到期,2026-02-09,0,4.734,3,8,8Y
上海清算所城投债收益率曲线(AA-),远期的到期,2026-02-09,0,4.7812,3,7,7Y
上海清算所城投债收益率曲线(AA-),远期的到期,2026-02-09,0,4.8112,3,6,6Y
上海清算所城投债收益率曲线(AA-),远期的到期,2026-02-09,0,4.8427,3,5,5Y
上海清算所城投债收益率曲线(AA-),远期的到期,2026-02-09,0,4.8995,3,4,4Y
上海清算所城投债收益率曲线(AA-),远期的到期,2026-02-09,0,4.6709,3,3,3Y
上海清算所城投债收益率曲线(AA-),远期的到期,2026-02-09,0,3.6596,3,2,2Y
上海清算所城投债收益率曲线(AA-),远期的到期,2026-02-09,0,3.7023,3,1,1Y
上海清算所城投债收益率曲线(AA-),远期的到期,2026-02-09,0,4.7411,4,11,11Y
上海清算所城投债收益率曲线(AA-),远期的到期,2026-02-09,0,4.7685,4,10,10Y
上海清算所城投债收益率曲线(AA-),远期的到期,2026-02-09,0,4.8046,4,9,9Y
上海清算所城投债收益率曲线(AA-),远期的到期,2026-02-09,0,4.8514,4,8,8Y
上海清算所城投债收益率曲线(AA-),远期的到期,2026-02-09,0,4.9123,4,7,7Y
上海清算所城投债收益率曲线(AA-),远期的到期,2026-02-09,0,4.9941,4,6,6Y
上海清算所城投债收益率曲线(AA-),远期的到期,2026-02-09,0,5.0678,4,5,5Y
上海清算所城投债收益率曲线(AA-),远期的到期,2026-02-09,0,5.1649,4,4,4Y
上海清算所城投债收益率曲线(AA-),远期的到期,2026-02-09,0,5.3392,4,3,3Y
上海清算所城投债收益率曲线(AA-),远期的到期,2026-02-09,0,5.1893,4,2,2Y
上海清算所城投债收益率曲线(AA-),远期的到期,2026-02-09,0,3.6154,4,1,1Y
上海清算所城投债收益率曲线(AA-),远期的到期,2026-02-09,0,4.888,5,10,10Y
上海清算所城投债收益率曲线(AA-),远期的到期,2026-02-09,0,4.9323,5,9,9Y
上海清算所城投债收益率曲线(AA-),远期的到期,2026-02-09,0,4.9909,5,8,8Y
上海清算所城投债收益率曲线(AA-),远期的到期,2026-02-09,0,5.0681,5,7,7Y
上海清算所城投债收益率曲线(AA-),远期的到期,2026-02-09,0,5.1721,5,6,6Y
上海清算所城投债收益率曲线(AA-),远期的到期,2026-02-09,0,5.3184,5,5,5Y
上海清算所城投债收益率曲线(AA-),远期的到期,2026-02-09,0,5.4855,5,4,4Y
上海清算所城投债收益率曲线(AA-),远期的到期,2026-02-09,0,5.7457,5,3,3Y
上海清算所城投债收益率曲线(AA-),远期的到期,2026-02-09,0,6.2858,5,2,2Y
上海清算所城投债收益率曲线(AA-),远期的到期,2026-02-09,0,6.8714,5,1,1Y
上海清算所城投债收益率曲线(AA-),远期的到期,2026-02-09,0,4.6121,6,9,9Y
上海清算所城投债收益率曲线(AA-),远期的到期,2026-02-09,0,4.6349,6,8,8Y
上海清算所城投债收益率曲线(AA-),远期的到期,2026-02-09,0,4.668,6,7,7Y
上海清算所城投债收益率曲线(AA-),远期的到期,2026-02-09,0,4.7142,6,6,6Y
上海清算所城投债收益率曲线(AA-),远期的到期,2026-02-09,0,4.7802,6,5,5Y
上海清算所城投债收益率曲线(AA-),远期的到期,2026-02-09,0,4.8801,6,4,4Y
上海清算所城投债收益率曲线(AA-),远期的到期,2026-02-09,0,4.9752,6,3,3Y
上海清算所城投债收益率曲线(AA-),远期的到期,2026-02-09,0,5.1376,6,2,2Y
上海清算所城投债收益率曲线(AA-),远期的到期,2026-02-09,0,5.6669,6,1,1Y
上海清算所城投债收益率曲线(AA-),远期的到期,2026-02-09,0,4.4522,7,8,8Y
上海清算所城投债收益率曲线(AA-),远期的到期,2026-02-09,0,4.4598,7,7,7Y
上海清算所城投债收益率曲线(AA-),远期的到期,2026-02-09,0,4.4742,7,6,6Y
上海清算所城投债收益率曲线(AA-),远期的到期,2026-02-09,0,4.4969,7,5,5Y
上海清算所城投债收益率曲线(AA-),远期的到期,2026-02-09,0,4.5326,7,4,4Y
上海清算所城投债收益率曲线(AA-),远期的到期,2026-02-09,0,4.5934,7,3,3Y
上海清算所城投债收益率曲线(AA-),远期的到期,2026-02-09,0,4.6053,7,2,2Y
上海清算所城投债收益率曲线(AA-),远期的到期,2026-02-09,0,4.584,7,1,1Y
上海清算所城投债收益率曲线(AA-),远期的到期,2026-02-09,0,4.4299,8,7,7Y
上海清算所城投债收益率曲线(AA-),远期的到期,2026-02-09,0,4.4357,8,6,6Y
上海清算所城投债收益率曲线(AA-),远期的到期,2026-02-09,0,4.4491,8,5,5Y
上海清算所城投债收益率曲线(AA-),远期的到期,2026-02-09,0,4.4727,8,4,4Y
上海清算所城投债收益率曲线(AA-),远期的到期,2026-02-09,0,4.5139,8,3,3Y
上海清算所城投债收益率曲线(AA-),远期的到期,2026-02-09,0,4.5985,8,2,2Y
上海清算所城投债收益率曲线(AA-),远期的到期,2026-02-09,0,4.6277,8,1,1Y
上海清算所城投债收益率曲线(AA-),远期的到期,2026-02-09,0,4.3916,9,6,6Y
上海清算所城投债收益率曲线(AA-),远期的到期,2026-02-09,0,4.3921,9,5,5Y
上海清算所城投债收益率曲线(AA-),远期的到期,2026-02-09,0,4.3994,9,4,4Y
上海清算所城投债收益率曲线(AA-),远期的到期,2026-02-09,0,4.4163,9,3,3Y
上海清算所城投债收益率曲线(AA-),远期的到期,2026-02-09,0,4.4531,9,2,2Y
上海清算所城投债收益率曲线(AA-),远期的到期,2026-02-09,0,4.5679,9,1,1Y
上海清算所城投债收益率曲线(AA-),远期的到期,2026-02-09,0,4.3516,10,5,5Y
上海清算所城投债收益率曲线(AA-),远期的到期,2026-02-09,0,4.3432,10,4,4Y
上海清算所城投债收益率曲线(AA-),远期的到期,2026-02-09,0,4.3384,10,3,3Y
上海清算所城投债收益率曲线(AA-),远期的到期,2026-02-09,0,4.3355,10,2,2Y
上海清算所城投债收益率曲线(AA-),远期的到期,2026-02-09,0,4.3333,10,1,1Y
上海清算所城投债收益率曲线(AA-),远期的到期,2026-02-09,0,4.3567,11,4,4Y
上海清算所城投债收益率曲线(AA-),远期的到期,2026-02-09,0,4.3468,11,3,3Y
上海清算所城投债收益率曲线(AA-),远期的到期,2026-02-09,0,4.3411,11,2,2Y
上海清算所城投债收益率曲线(AA-),远期的到期,2026-02-09,0,4.3379,11,1,1Y
上海清算所城投债收益率曲线(AA-),远期的到期,2026-02-09,0,4.3636,12,3,3Y
上海清算所城投债收益率曲线(AA-),远期的到期,2026-02-09,0,4.3516,12,2,2Y
上海清算所城投债收益率曲线(AA-),远期的到期,2026-02-09,0,4.3444,12,1,1Y
上海清算所城投债收益率曲线(AA-),远期的到期,2026-02-09,0,4.3738,13,2,2Y
上海清算所城投债收益率曲线(AA-),远期的到期,2026-02-09,0,4.3592,13,1,1Y
上海清算所城投债收益率曲线(AA-),远期的到期,2026-02-09,0,4.3891,14,1,1Y
上海清算所城投债收益率曲线(AA-),远期的到期,2026-02-10,0,4.2275,1,14,14Y
上海清算所城投债收益率曲线(AA-),远期的到期,2026-02-10,0,4.2211,1,13,13Y
上海清算所城投债收益率曲线(AA-),远期的到期,2026-02-10,0,4.2151,1,12,12Y
上海清算所城投债收益率曲线(AA-),远期的到期,2026-02-10,0,4.2085,1,11,11Y
上海清算所城投债收益率曲线(AA-),远期的到期,2026-02-10,0,4.2007,1,10,10Y
上海清算所城投债收益率曲线(AA-),远期的到期,2026-02-10,0,4.1909,1,9,9Y
上海清算所城投债收益率曲线(AA-),远期的到期,2026-02-10,0,4.1498,1,8,8Y
上海清算所城投债收益率曲线(AA-),远期的到期,2026-02-10,0,4.0985,1,7,7Y
上海清算所城投债收益率曲线(AA-),远期的到期,2026-02-10,0,4.0359,1,6,6Y
上海清算所城投债收益率曲线(AA-),远期的到期,2026-02-10,0,3.7606,1,5,5Y
上海清算所城投债收益率曲线(AA-),远期的到期,2026-02-10,0,3.0512,1,4,4Y
上海清算所城投债收益率曲线(AA-),远期的到期,2026-02-10,0,2.886,1,3,3Y
上海清算所城投债收益率曲线(AA-),远期的到期,2026-02-10,0,2.524,1,2,2Y
上海清算所城投债收益率曲线(AA-),远期的到期,2026-02-10,0,2.3324,1,1,1Y
上海清算所城投债收益率曲线(AA-),远期的到期,2026-02-10,0,4.4215,2,13,13Y
上海清算所城投债收益率曲线(AA-),远期的到期,2026-02-10,0,4.4264,2,12,12Y
上海清算所城投债收益率曲线(AA-),远期的到期,2026-02-10,0,4.4337,2,11,11Y
上海清算所城投债收益率曲线(AA-),远期的到期,2026-02-10,0,4.4433,2,10,10Y
上海清算所城投债收益率曲线(AA-),远期的到期,2026-02-10,0,4.455,2,9,9Y
上海清算所城投债收益率曲线(AA-),远期的到期,2026-02-10,0,4.4694,2,8,8Y
上海清算所城投债收益率曲线(AA-),远期的到期,2026-02-10,0,4.4541,2,7,7Y
上海清算所城投债收益率曲线(AA-),远期的到期,2026-02-10,0,4.4357,2,6,6Y
上海清算所城投债收益率曲线(AA-),远期的到期,2026-02-10,0,4.417,2,5,5Y
上海清算所城投债收益率曲线(AA-),远期的到期,2026-02-10,0,4.1501,2,4,4Y
上海清算所城投债收益率曲线(AA-),远期的到期,2026-02-10,0,3.3062,2,3,3Y
上海清算所城投债收益率曲线(AA-),远期的到期,2026-02-10,0,3.1754,2,2,2Y
上海清算所城投债收益率曲线(AA-),远期的到期,2026-02-10,0,2.7207,2,1,1Y
上海清算所城投债收益率曲线(AA-),远期的到期,2026-02-10,0,4.6098,3,12,12Y
上海清算所城投债收益率曲线(AA-),远期的到期,2026-02-10,0,4.6281,3,11,11Y
上海清算所城投债收益率曲线(AA-),远期的到期,2026-02-10,0,4.6521,3,10,10Y
上海清算所城投债收益率曲线(AA-),远期的到期,2026-02-10,0,4.6823,3,9,9Y
上海清算所城投债收益率曲线(AA-),远期的到期,2026-02-10,0,4.7199,3,8,8Y
上海清算所城投债收益率曲线(AA-),远期的到期,2026-02-10,0,4.7681,3,7,7Y
上海清算所城投债收益率曲线(AA-),远期的到期,2026-02-10,0,4.7917,3,6,6Y
上海清算所城投债收益率曲线(AA-),远期的到期,2026-02-10,0,4.8273,3,5,5Y
上海清算所城投债收益率曲线(AA-),远期的到期,2026-02-10,0,4.8893,3,4,4Y
上海清算所城投债收益率曲线(AA-),远期的到期,2026-02-10,0,4.6666,3,3,3Y
上海清算所城投债收益率曲线(AA-),远期的到期,2026-02-10,0,3.6149,3,2,2Y
上海清算所城投债收益率曲线(AA-),远期的到期,2026-02-10,0,3.6466,3,1,1Y
上海清算所城投债收益率曲线(AA-),远期的到期,2026-02-10,0,4.7249,4,11,11Y
上海清算所城投债收益率曲线(AA-),远期的到期,2026-02-10,0,4.7546,4,10,10Y
上海清算所城投债收益率曲线(AA-),远期的到期,2026-02-10,0,4.7932,4,9,9Y
上海清算所城投债收益率曲线(AA-),远期的到期,2026-02-10,0,4.8423,4,8,8Y
上海清算所城投债收益率曲线(AA-),远期的到期,2026-02-10,0,4.9055,4,7,7Y
上海清算所城投债收益率曲线(AA-),远期的到期,2026-02-10,0,4.9894,4,6,6Y
上海清算所城投债收益率曲线(AA-),远期的到期,2026-02-10,0,5.0567,4,5,5Y
上海清算所城投债收益率曲线(AA-),远期的到期,2026-02-10,0,5.1608,4,4,4Y
上海清算所城投债收益率曲线(AA-),远期的到期,2026-02-10,0,5.3458,4,3,3Y
上海清算所城投债收益率曲线(AA-),远期的到期,2026-02-10,0,5.2127,4,2,2Y
上海清算所城投债收益率曲线(AA-),远期的到期,2026-02-10,0,3.5821,4,1,1Y
上海清算所城投债收益率曲线(AA-),远期的到期,2026-02-10,0,4.874,5,10,10Y
上海清算所城投债收益率曲线(AA-),远期的到期,2026-02-10,0,4.9212,5,9,9Y
上海清算所城投债收益率曲线(AA-),远期的到期,2026-02-10,0,4.9829,5,8,8Y
上海清算所城投债收益率曲线(AA-),远期的到期,2026-02-10,0,5.0633,5,7,7Y
上海清算所城投债收益率曲线(AA-),远期的到期,2026-02-10,0,5.1706,5,6,6Y
上海清算所城投债收益率曲线(AA-),远期的到期,2026-02-10,0,5.3205,5,5,5Y
上海清算所城投债收益率曲线(AA-),远期的到期,2026-02-10,0,5.4809,5,4,4Y
上海清算所城投债收益率曲线(AA-),远期的到期,2026-02-10,0,5.7529,5,3,3Y
上海清算所城投债收益率曲线(AA-),远期的到期,2026-02-10,0,6.3148,5,2,2Y
上海清算所城投债收益率曲线(AA-),远期的到期,2026-02-10,0,6.9567,5,1,1Y
上海清算所城投债收益率曲线(AA-),远期的到期,2026-02-10,0,4.5846,6,9,9Y
上海清算所城投债收益率曲线(AA-),远期的到期,2026-02-10,0,4.6094,6,8,8Y
上海清算所城投债收益率曲线(AA-),远期的到期,2026-02-10,0,4.6442,6,7,7Y
上海清算所城投债收益率曲线(AA-),远期的到期,2026-02-10,0,4.692,6,6,6Y
上海清算所城投债收益率曲线(AA-),远期的到期,2026-02-10,0,4.7589,6,5,5Y
上海清算所城投债收益率曲线(AA-),远期的到期,2026-02-10,0,4.8591,6,4,4Y
上海清算所城投债收益率曲线(AA-),远期的到期,2026-02-10,0,4.9379,6,3,3Y
上海清算所城投债收益率曲线(AA-),远期的到期,2026-02-10,0,5.1029,6,2,2Y
上海清算所城投债收益率曲线(AA-),远期的到期,2026-02-10,0,5.6368,6,1,1Y
上海清算所城投债收益率曲线(AA-),远期的到期,2026-02-10,0,4.4253,7,8,8Y
上海清算所城投债收益率曲线(AA-),远期的到期,2026-02-10,0,4.4352,7,7,7Y
上海清算所城投债收益率曲线(AA-),远期的到期,2026-02-10,0,4.4518,7,6,6Y
上海清算所城投债收益率曲线(AA-),远期的到期,2026-02-10,0,4.4766,7,5,5Y
上海清算所城投债收益率曲线(AA-),远期的到期,2026-02-10,0,4.514,7,4,4Y
上海清算所城投债收益率曲线(AA-),远期的到期,2026-02-10,0,4.5758,7,3,3Y
上海清算所城投债收益率曲线(AA-),远期的到期,2026-02-10,0,4.5644,7,2,2Y
上海清算所城投债收益率曲线(AA-),远期的到期,2026-02-10,0,4.5447,7,1,1Y
上海清算所城投债收益率曲线(AA-),远期的到期,2026-02-10,0,4.4051,8,7,7Y
上海清算所城投债收益率曲线(AA-),远期的到期,2026-02-10,0,4.414,8,6,6Y
上海清算所城投债收益率曲线(AA-),远期的到期,2026-02-10,0,4.4306,8,5,5Y
上海清算所城投债收益率曲线(AA-),远期的到期,2026-02-10,0,4.4577,8,4,4Y
上海清算所城投债收益率曲线(AA-),远期的到期,2026-02-10,0,4.5028,8,3,3Y
上海清算所城投债收益率曲线(AA-),远期的到期,2026-02-10,0,4.5924,8,2,2Y
上海清算所城投债收益率曲线(AA-),远期的到期,2026-02-10,0,4.585,8,1,1Y
上海清算所城投债收益率曲线(AA-),远期的到期,2026-02-10,0,4.3703,9,6,6Y
上海清算所城投债收益率曲线(AA-),远期的到期,2026-02-10,0,4.3751,9,5,5Y
上海清算所城投债收益率曲线(AA-),远期的到期,2026-02-10,0,4.3877,9,4,4Y
上海清算所城投债收益率曲线(AA-),远期的到期,2026-02-10,0,4.4114,9,3,3Y
上海清算所城投债收益率曲线(AA-),远期的到期,2026-02-10,0,4.4589,9,2,2Y
上海清算所城投债收益率曲线(AA-),远期的到期,2026-02-10,0,4.6001,9,1,1Y
上海清算所城投债收益率曲线(AA-),远期的到期,2026-02-10,0,4.3183,10,5,5Y
上海清算所城投债收益率曲线(AA-),远期的到期,2026-02-10,0,4.3127,10,4,4Y
上海清算所城投债收益率曲线(AA-),远期的到期,2026-02-10,0,4.3107,10,3,3Y
上海清算所城投债收益率曲线(AA-),远期的到期,2026-02-10,0,4.3109,10,2,2Y
上海清算所城投债收益率曲线(AA-),远期的到期,2026-02-10,0,4.3116,10,1,1Y
上海清算所城投债收益率曲线(AA-),远期的到期,2026-02-10,0,4.3201,11,4,4Y
上海清算所城投债收益率曲线(AA-),远期的到期,2026-02-10,0,4.313,11,3,3Y
上海清算所城投债收益率曲线(AA-),远期的到期,2026-02-10,0,4.3102,11,2,2Y
上海清算所城投债收益率曲线(AA-),远期的到期,2026-02-10,0,4.3101,11,1,1Y
上海清算所城投债收益率曲线(AA-),远期的到期,2026-02-10,0,4.3238,12,3,3Y
上海清算所城投债收益率曲线(AA-),远期的到期,2026-02-10,0,4.3146,12,2,2Y
上海清算所城投债收益率曲线(AA-),远期的到期,2026-02-10,0,4.3103,12,1,1Y
上海清算所城投债收益率曲线(AA-),远期的到期,2026-02-10,0,4.3309,13,2,2Y
上海清算所城投债收益率曲线(AA-),远期的到期,2026-02-10,0,4.319,13,1,1Y
上海清算所城投债收益率曲线(AA-),远期的到期,2026-02-10,0,4.3433,14,1,1Y
上海清算所城投债收益率曲线(AA-),远期的到期,2026-02-11,0,4.23,1,14,14Y
上海清算所城投债收益率曲线(AA-),远期的到期,2026-02-11,0,4.2275,1,13,13Y
上海清算所城投债收益率曲线(AA-),远期的到期,2026-02-11,0,4.2253,1,12,12Y
上海清算所城投债收益率曲线(AA-),远期的到期,2026-02-11,0,4.2221,1,11,11Y
上海清算所城投债收益率曲线(AA-),远期的到期,2026-02-11,0,4.2171,1,10,10Y
上海清算所城投债收益率曲线(AA-),远期的到期,2026-02-11,0,4.2095,1,9,9Y
上海清算所城投债收益率曲线(AA-),远期的到期,2026-02-11,0,4.1434,1,8,8Y
上海清算所城投债收益率曲线(AA-),远期的到期,2026-02-11,0,4.0691,1,7,7Y
上海清算所城投债收益率曲线(AA-),远期的到期,2026-02-11,0,4.0396,1,6,6Y
上海清算所城投债收益率曲线(AA-),远期的到期,2026-02-11,0,3.7531,1,5,5Y
上海清算所城投债收益率曲线(AA-),远期的到期,2026-02-11,0,3.0331,1,4,4Y
上海清算所城投债收益率曲线(AA-),远期的到期,2026-02-11,0,2.8462,1,3,3Y
上海清算所城投债收益率曲线(AA-),远期的到期,2026-02-11,0,2.4756,1,2,2Y
上海清算所城投债收益率曲线(AA-),远期的到期,2026-02-11,0,2.2887,1,1,1Y
上海清算所城投债收益率曲线(AA-),远期的到期,2026-02-11,0,4.4289,2,13,13Y
上海清算所城投债收益率曲线(AA-),远期的到期,2026-02-11,0,4.4384,2,12,12Y
上海清算所城投债收益率曲线(AA-),远期的到期,2026-02-11,0,4.4503,2,11,11Y
上海清算所城投债收益率曲线(AA-),远期的到期,2026-02-11,0,4.4642,2,10,10Y
上海清算所城投债收益率曲线(AA-),远期的到期,2026-02-11,0,4.4797,2,9,9Y
上海清算所城投债收益率曲线(AA-),远期的到期,2026-02-11,0,4.4974,2,8,8Y
上海清算所城投债收益率曲线(AA-),远期的到期,2026-02-11,0,4.4538,2,7,7Y
上海清算所城投债收益率曲线(AA-),远期的到期,2026-02-11,0,4.409,2,6,6Y
上海清算所城投债收益率曲线(AA-),远期的到期,2026-02-11,0,4.4313,2,5,5Y
上海清算所城投债收益率曲线(AA-),远期的到期,2026-02-11,0,4.1523,2,4,4Y
上海清算所城投债收益率曲线(AA-),远期的到期,2026-02-11,0,3.297,2,3,3Y
上海清算所城投债收益率曲线(AA-),远期的到期,2026-02-11,0,3.1375,2,2,2Y
上海清算所城投债收益率曲线(AA-),远期的到期,2026-02-11,0,2.6675,2,1,1Y
上海清算所城投债收益率曲线(AA-),远期的到期,2026-02-11,0,4.624,3,12,12Y
上海清算所城投债收益率曲线(AA-),远期的到期,2026-02-11,0,4.6481,3,11,11Y
上海清算所城投债收益率曲线(AA-),远期的到期,2026-02-11,0,4.6779,3,10,10Y
上海清算所城投债收益率曲线(AA-),远期的到期,2026-02-11,0,4.7137,3,9,9Y
上海清算所城投债收益率曲线(AA-),远期的到期,2026-02-11,0,4.7568,3,8,8Y
上海清算所城投债收益率曲线(AA-),远期的到期,2026-02-11,0,4.8101,3,7,7Y
上海清算所城投债收益率曲线(AA-),远期的到期,2026-02-11,0,4.8019,3,6,6Y
上海清算所城投债收益率曲线(AA-),远期的到期,2026-02-11,0,4.8066,3,5,5Y
上海清算所城投债收益率曲线(AA-),远期的到期,2026-02-11,0,4.9226,3,4,4Y
上海清算所城投债收益率曲线(AA-),远期的到期,2026-02-11,0,4.689,3,3,3Y
上海清算所城投债收益率曲线(AA-),远期的到期,2026-02-11,0,3.629,3,2,2Y
上海清算所城投债收益率曲线(AA-),远期的到期,2026-02-11,0,3.6246,3,1,1Y
上海清算所城投债收益率曲线(AA-),远期的到期,2026-02-11,0,4.7437,4,11,11Y
上海清算所城投债收益率曲线(AA-),远期的到期,2026-02-11,0,4.7802,4,10,10Y
上海清算所城投债收益率曲线(AA-),远期的到期,2026-02-11,0,4.8259,4,9,9Y
上海清算所城投债收益率曲线(AA-),远期的到期,2026-02-11,0,4.8822,4,8,8Y
上海清算所城投债收益率曲线(AA-),远期的到期,2026-02-11,0,4.9528,4,7,7Y
上海清算所城投债收益率曲线(AA-),远期的到期,2026-02-11,0,5.0442,4,6,6Y
上海清算所城投债收益率曲线(AA-),远期的到期,2026-02-11,0,5.0745,4,5,5Y
上海清算所城投债收益率曲线(AA-),远期的到期,2026-02-11,0,5.1407,4,4,4Y
上海清算所城投债收益率曲线(AA-),远期的到期,2026-02-11,0,5.3998,4,3,3Y
上海清算所城投债收益率曲线(AA-),远期的到期,2026-02-11,0,5.2592,4,2,2Y
上海清算所城投债收益率曲线(AA-),远期的到期,2026-02-11,0,3.6336,4,1,1Y
上海清算所城投债收益率曲线(AA-),远期的到期,2026-02-11,0,4.8887,5,10,10Y
上海清算所城投债收益率曲线(AA-),远期的到期,2026-02-11,0,4.9433,5,9,9Y
上海清算所城投债收益率曲线(AA-),远期的到期,2026-02-11,0,5.0128,5,8,8Y
上海清算所城投债收益率曲线(AA-),远期的到期,2026-02-11,0,5.1014,5,7,7Y
上海清算所城投债收益率曲线(AA-),远期的到期,2026-02-11,0,5.2173,5,6,6Y
上海清算所城投债收益率曲线(AA-),远期的到期,2026-02-11,0,5.3763,5,5,5Y
上海清算所城投债收益率曲线(AA-),远期的到期,2026-02-11,0,5.489,5,4,4Y
上海清算所城投债收益率曲线(AA-),远期的到期,2026-02-11,0,5.7059,5,3,3Y
上海清算所城投债收益率曲线(AA-),远期的到期,2026-02-11,0,6.371,5,2,2Y
上海清算所城投债收益率曲线(AA-),远期的到期,2026-02-11,0,6.9986,5,1,1Y
上海清算所城投债收益率曲线(AA-),远期的到期,2026-02-11,0,4.5953,6,9,9Y
上海清算所城投债收益率曲线(AA-),远期的到期,2026-02-11,0,4.6282,6,8,8Y
上海清算所城投债收益率曲线(AA-),远期的到期,2026-02-11,0,4.6718,6,7,7Y
上海清算所城投债收益率曲线(AA-),远期的到期,2026-02-11,0,4.7291,6,6,6Y
上海清算所城投债收益率曲线(AA-),远期的到期,2026-02-11,0,4.8065,6,5,5Y
上海清算所城投债收益率曲线(AA-),远期的到期,2026-02-11,0,4.9187,6,4,4Y
上海清算所城投债收益率曲线(AA-),远期的到期,2026-02-11,0,4.9338,6,3,3Y
上海清算所城投债收益率曲线(AA-),远期的到期,2026-02-11,0,5.0084,6,2,2Y
上海清算所城投债收益率曲线(AA-),远期的到期,2026-02-11,0,5.7076,6,1,1Y
上海清算所城投债收益率曲线(AA-),远期的到期,2026-02-11,0,4.4268,7,8,8Y
上海清算所城投债收益率曲线(AA-),远期的到期,2026-02-11,0,4.4451,7,7,7Y
上海清算所城投债收益率曲线(AA-),远期的到期,2026-02-11,0,4.4709,7,6,6Y
上海清算所城投债收益率曲线(AA-),远期的到期,2026-02-11,0,4.506,7,5,5Y
上海清算所城投债收益率曲线(AA-),远期的到期,2026-02-11,0,4.5551,7,4,4Y
上海清算所城投债收益率曲线(AA-),远期的到期,2026-02-11,0,4.6315,7,3,3Y
上海清算所城投债收益率曲线(AA-),远期的到期,2026-02-11,0,4.521,7,2,2Y
上海清算所城投债收益率曲线(AA-),远期的到期,2026-02-11,0,4.2793,7,1,1Y
上海清算所城投债收益率曲线(AA-),远期的到期,2026-02-11,0,4.4519,8,7,7Y
上海清算所城投债收益率曲线(AA-),远期的到期,2026-02-11,0,4.4773,8,6,6Y
上海清算所城投债收益率曲线(AA-),远期的到期,2026-02-11,0,4.5147,8,5,5Y
上海清算所城投债收益率曲线(AA-),远期的到期,2026-02-11,0,4.5695,8,4,4Y
上海清算所城投债收益率曲线(AA-),远期的到期,2026-02-11,0,4.6559,8,3,3Y
上海清算所城投债收益率曲线(AA-),远期的到期,2026-02-11,0,4.8204,8,2,2Y
上海清算所城投债收益率曲线(AA-),远期的到期,2026-02-11,0,4.7742,8,1,1Y
上海清算所城投债收益率曲线(AA-),远期的到期,2026-02-11,0,4.3895,9,6,6Y
上海清算所城投债收益率曲线(AA-),远期的到期,2026-02-11,0,4.4097,9,5,5Y
上海清算所城投债收益率曲线(AA-),远期的到期,2026-02-11,0,4.4424,9,4,4Y
上海清算所城投债收益率曲线(AA-),远期的到期,2026-02-11,0,4.4949,9,3,3Y
上海清算所城投债收益率曲线(AA-),远期的到期,2026-02-11,0,4.5925,9,2,2Y
上海清算所城投债收益率曲线(AA-),远期的到期,2026-02-11,0,4.8689,9,1,1Y
上海清算所城投债收益率曲线(AA-),远期的到期,2026-02-11,0,4.2809,10,5,5Y
上海清算所城投债收益率曲线(AA-),远期的到期,2026-02-11,0,4.2823,10,4,4Y
上海清算所城投债收益率曲线(AA-),远期的到期,2026-02-11,0,4.2878,10,3,3Y
上海清算所城投债收益率曲线(AA-),远期的到期,2026-02-11,0,4.2957,10,2,2Y
上海清算所城投债收益率曲线(AA-),远期的到期,2026-02-11,0,4.3043,10,1,1Y
上海清算所城投债收益率曲线(AA-),远期的到期,2026-02-11,0,4.2745,11,4,4Y
上海清算所城投债收益率曲线(AA-),远期的到期,2026-02-11,0,4.2743,11,3,3Y
上海清算所城投债收益率曲线(AA-),远期的到期,2026-02-11,0,4.279,11,2,2Y
上海清算所城投债收益率曲线(AA-),远期的到期,2026-02-11,0,4.2868,11,1,1Y
上海清算所城投债收益率曲线(AA-),远期的到期,2026-02-11,0,4.27,12,3,3Y
上海清算所城投债收益率曲线(AA-),远期的到期,2026-02-11,0,4.2677,12,2,2Y
上海清算所城投债收益率曲线(AA-),远期的到期,2026-02-11,0,4.2709,12,1,1Y
上海清算所城投债收益率曲线(AA-),远期的到期,2026-02-11,0,4.2695,13,2,2Y
上海清算所城投债收益率曲线(AA-),远期的到期,2026-02-11,0,4.2643,13,1,1Y
上海清算所城投债收益率曲线(AA-),远期的到期,2026-02-11,0,4.275,14,1,1Y
上海清算所城投债收益率曲线(AA-),远期的到期,2026-02-12,0,4.2413,1,14,14Y
上海清算所城投债收益率曲线(AA-),远期的到期,2026-02-12,0,4.2356,1,13,13Y
上海清算所城投债收益率曲线(AA-),远期的到期,2026-02-12,0,4.2297,1,12,12Y
上海清算所城投债收益率曲线(AA-),远期的到期,2026-02-12,0,4.2222,1,11,11Y
上海清算所城投债收益率曲线(AA-),远期的到期,2026-02-12,0,4.2118,1,10,10Y
上海清算所城投债收益率曲线(AA-),远期的到期,2026-02-12,0,4.1973,1,9,9Y
上海清算所城投债收益率曲线(AA-),远期的到期,2026-02-12,0,4.111,1,8,8Y
上海清算所城投债收益率曲线(AA-),远期的到期,2026-02-12,0,4.0639,1,7,7Y
上海清算所城投债收益率曲线(AA-),远期的到期,2026-02-12,0,3.996,1,6,6Y
上海清算所城投债收益率曲线(AA-),远期的到期,2026-02-12,0,3.7554,1,5,5Y
上海清算所城投债收益率曲线(AA-),远期的到期,2026-02-12,0,3.0304,1,4,4Y
上海清算所城投债收益率曲线(AA-),远期的到期,2026-02-12,0,2.8347,1,3,3Y
上海清算所城投债收益率曲线(AA-),远期的到期,2026-02-12,0,2.4933,1,2,2Y
上海清算所城投债收益率曲线(AA-),远期的到期,2026-02-12,0,2.2799,1,1,1Y
上海清算所城投债收益率曲线(AA-),远期的到期,2026-02-12,0,4.4421,2,13,13Y
上海清算所城投债收益率曲线(AA-),远期的到期,2026-02-12,0,4.4481,2,12,12Y
上海清算所城投债收益率曲线(AA-),远期的到期,2026-02-12,0,4.4562,2,11,11Y
上海清算所城投债收益率曲线(AA-),远期的到期,2026-02-12,0,4.4653,2,10,10Y
上海清算所城投债收益率曲线(AA-),远期的到期,2026-02-12,0,4.4747,2,9,9Y
上海清算所城投债收益率曲线(AA-),远期的到期,2026-02-12,0,4.4844,2,8,8Y
上海清算所城投债收益率曲线(AA-),远期的到期,2026-02-12,0,4.4173,2,7,7Y
上海清算所城投债收益率曲线(AA-),远期的到期,2026-02-12,0,4.4042,2,6,6Y
上海清算所城投债收益率曲线(AA-),远期的到期,2026-02-12,0,4.3797,2,5,5Y
上海清算所城投债收益率曲线(AA-),远期的到期,2026-02-12,0,4.1576,2,4,4Y
上海清算所城投债收益率曲线(AA-),远期的到期,2026-02-12,0,3.2964,2,3,3Y
上海清算所城投债收益率曲线(AA-),远期的到期,2026-02-12,0,3.1246,2,2,2Y
上海清算所城投债收益率曲线(AA-),远期的到期,2026-02-12,0,2.7126,2,1,1Y
上海清算所城投债收益率曲线(AA-),远期的到期,2026-02-12,0,4.6337,3,12,12Y
上海清算所城投债收益率曲线(AA-),远期的到期,2026-02-12,0,4.6536,3,11,11Y
上海清算所城投债收益率曲线(AA-),远期的到期,2026-02-12,0,4.6785,3,10,10Y
上海清算所城投债收益率曲线(AA-),远期的到期,2026-02-12,0,4.7084,3,9,9Y
上海清算所城投债收益率曲线(AA-),远期的到期,2026-02-12,0,4.7438,3,8,8Y
上海清算所城投债收益率曲线(AA-),远期的到期,2026-02-12,0,4.7868,3,7,7Y
上海清算所城投债收益率曲线(AA-),远期的到期,2026-02-12,0,4.749,3,6,6Y
上海清算所城投债收益率曲线(AA-),远期的到期,2026-02-12,0,4.7901,3,5,5Y
上海清算所城投债收益率曲线(AA-),远期的到期,2026-02-12,0,4.8436,3,4,4Y
上海清算所城投债收益率曲线(AA-),远期的到期,2026-02-12,0,4.6797,3,3,3Y
上海清算所城投债收益率曲线(AA-),远期的到期,2026-02-12,0,3.6041,3,2,2Y
上海清算所城投债收益率曲线(AA-),远期的到期,2026-02-12,0,3.5512,3,1,1Y
上海清算所城投债收益率曲线(AA-),远期的到期,2026-02-12,0,4.7633,4,11,11Y
上海清算所城投债收益率曲线(AA-),远期的到期,2026-02-12,0,4.7958,4,10,10Y
上海清算所城投债收益率曲线(AA-),远期的到期,2026-02-12,0,4.8368,4,9,9Y
上海清算所城投债收益率曲线(AA-),远期的到期,2026-02-12,0,4.8874,4,8,8Y
上海清算所城投债收益率曲线(AA-),远期的到期,2026-02-12,0,4.9501,4,7,7Y
上海清算所城投债收益率曲线(AA-),远期的到期,2026-02-12,0,5.0307,4,6,6Y
上海清算所城投债收益率曲线(AA-),远期的到期,2026-02-12,0,5.0261,4,5,5Y
上海清算所城投债收益率曲线(AA-),远期的到期,2026-02-12,0,5.1402,4,4,4Y
上海清算所城投债收益率曲线(AA-),远期的到期,2026-02-12,0,5.3185,4,3,3Y
上海清算所城投债收益率曲线(AA-),远期的到期,2026-02-12,0,5.2845,4,2,2Y
上海清算所城投债收益率曲线(AA-),远期的到期,2026-02-12,0,3.659,4,1,1Y
上海清算所城投债收益率曲线(AA-),远期的到期,2026-02-12,0,4.9075,5,10,10Y
上海清算所城投债收益率曲线(AA-),远期的到期,2026-02-12,0,4.9575,5,9,9Y
上海清算所城投债收益率曲线(AA-),远期的到期,2026-02-12,0,5.0214,5,8,8Y
上海清算所城投债收益率曲线(AA-),远期的到期,2026-02-12,0,5.1028,5,7,7Y
上海清算所城投债收益率曲线(AA-),远期的到期,2026-02-12,0,5.2087,5,6,6Y
上海清算所城投债收益率曲线(AA-),远期的到期,2026-02-12,0,5.3532,5,5,5Y
上海清算所城投债收益率曲线(AA-),远期的到期,2026-02-12,0,5.4189,5,4,4Y
上海清算所城投债收益率曲线(AA-),远期的到期,2026-02-12,0,5.6951,5,3,3Y
上海清算所城投债收益率曲线(AA-),远期的到期,2026-02-12,0,6.2298,5,2,2Y
上海清算所城投债收益率曲线(AA-),远期的到期,2026-02-12,0,7.0241,5,1,1Y
上海清算所城投债收益率曲线(AA-),远期的到期,2026-02-12,0,4.6133,6,9,9Y
上海清算所城投债收益率曲线(AA-),远期的到期,2026-02-12,0,4.6408,6,8,8Y
上海清算所城投债收益率曲线(AA-),远期的到期,2026-02-12,0,4.6779,6,7,7Y
上海清算所城投债收益率曲线(AA-),远期的到期,2026-02-12,0,4.7262,6,6,6Y
上海清算所城投债收益率曲线(AA-),远期的到期,2026-02-12,0,4.7907,6,5,5Y
上海清算所城投债收益率曲线(AA-),远期的到期,2026-02-12,0,4.8827,6,4,4Y
上海清算所城投债收益率曲线(AA-),远期的到期,2026-02-12,0,4.8298,6,3,3Y
上海清算所城投债收益率曲线(AA-),远期的到期,2026-02-12,0,4.9792,6,2,2Y
上海清算所城投债收益率曲线(AA-),远期的到期,2026-02-12,0,5.3927,6,1,1Y
上海清算所城投债收益率曲线(AA-),远期的到期,2026-02-12,0,4.4949,7,8,8Y
上海清算所城投债收益率曲线(AA-),远期的到期,2026-02-12,0,4.5129,7,7,7Y
上海清算所城投债收益率曲线(AA-),远期的到期,2026-02-12,0,4.5389,7,6,6Y
上海清算所城投债收益率曲线(AA-),远期的到期,2026-02-12,0,4.574,7,5,5Y
上海清算所城投债收益率曲线(AA-),远期的到期,2026-02-12,0,4.6224,7,4,4Y
上海清算所城投债收益率曲线(AA-),远期的到期,2026-02-12,0,4.6968,7,3,3Y
上海清算所城投债收益率曲线(AA-),远期的到期,2026-02-12,0,4.529,7,2,2Y
上海清算所城投债收益率曲线(AA-),远期的到期,2026-02-12,0,4.547,7,1,1Y
上海清算所城投债收益率曲线(AA-),远期的到期,2026-02-12,0,4.486,8,7,7Y
上海清算所城投债收益率曲线(AA-),远期的到期,2026-02-12,0,4.5063,8,6,6Y
上海清算所城投债收益率曲线(AA-),远期的到期,2026-02-12,0,4.5371,8,5,5Y
上海清算所城投债收益率曲线(AA-),远期的到期,2026-02-12,0,4.5815,8,4,4Y
上海清算所城投债收益率曲线(AA-),远期的到期,2026-02-12,0,4.65,8,3,3Y
上海清算所城投债收益率曲线(AA-),远期的到期,2026-02-12,0,4.777,8,2,2Y
上海清算所城投债收益率曲线(AA-),远期的到期,2026-02-12,0,4.5103,8,1,1Y
上海清算所城投债收益率曲线(AA-),远期的到期,2026-02-12,0,4.4813,9,6,6Y
上海清算所城投债收益率曲线(AA-),远期的到期,2026-02-12,0,4.5054,9,5,5Y
上海清算所城投债收益率曲线(AA-),远期的到期,2026-02-12,0,4.5445,9,4,4Y
上海清算所城投债收益率曲线(AA-),远期的到期,2026-02-12,0,4.6076,9,3,3Y
上海清算所城投债收益率曲线(AA-),远期的到期,2026-02-12,0,4.7249,9,2,2Y
上海清算所城投债收益率曲线(AA-),远期的到期,2026-02-12,0,5.0571,9,1,1Y
上海清算所城投债收益率曲线(AA-),远期的到期,2026-02-12,0,4.3507,10,5,5Y
上海清算所城投债收益率曲线(AA-),远期的到期,2026-02-12,0,4.3521,10,4,4Y
上海清算所城投债收益率曲线(AA-),远期的到期,2026-02-12,0,4.3586,10,3,3Y
上海清算所城投债收益率曲线(AA-),远期的到期,2026-02-12,0,4.368,10,2,2Y
上海清算所城投债收益率曲线(AA-),远期的到期,2026-02-12,0,4.3781,10,1,1Y
上海清算所城投债收益率曲线(AA-),远期的到期,2026-02-12,0,4.3431,11,4,4Y
上海清算所城投债收益率曲线(AA-),远期的到期,2026-02-12,0,4.3426,11,3,3Y
上海清算所城投债收益率曲线(AA-),远期的到期,2026-02-12,0,4.3481,11,2,2Y
上海清算所城投债收益率曲线(AA-),远期的到期,2026-02-12,0,4.3573,11,1,1Y
上海清算所城投债收益率曲线(AA-),远期的到期,2026-02-12,0,4.3379,12,3,3Y
上海清算所城投债收益率曲线(AA-),远期的到期,2026-02-12,0,4.3348,12,2,2Y
上海清算所城投债收益率曲线(AA-),远期的到期,2026-02-12,0,4.3385,12,1,1Y
上海清算所城投债收益率曲线(AA-),远期的到期,2026-02-12,0,4.3376,13,2,2Y
上海清算所城投债收益率曲线(AA-),远期的到期,2026-02-12,0,4.3309,13,1,1Y
上海清算所城投债收益率曲线(AA-),远期的到期,2026-02-12,0,4.3446,14,1,1Y
上海清算所城投债收益率曲线(AA-),远期的到期,2026-02-13,0,4.24,1,14,14Y
上海清算所城投债收益率曲线(AA-),远期的到期,2026-02-13,0,4.2306,1,13,13Y
上海清算所城投债收益率曲线(AA-),远期的到期,2026-02-13,0,4.2211,1,12,12Y
上海清算所城投债收益率曲线(AA-),远期的到期,2026-02-13,0,4.2099,1,11,11Y
上海清算所城投债收益率曲线(AA-),远期的到期,2026-02-13,0,4.1958,1,10,10Y
上海清算所城投债收益率曲线(AA-),远期的到期,2026-02-13,0,4.1774,1,9,9Y
上海清算所城投债收益率曲线(AA-),远期的到期,2026-02-13,0,4.1034,1,8,8Y
上海清算所城投债收益率曲线(AA-),远期的到期,2026-02-13,0,4.0922,1,7,7Y
上海清算所城投债收益率曲线(AA-),远期的到期,2026-02-13,0,3.9854,1,6,6Y
上海清算所城投债收益率曲线(AA-),远期的到期,2026-02-13,0,3.7462,1,5,5Y
上海清算所城投债收益率曲线(AA-),远期的到期,2026-02-13,0,3.0113,1,4,4Y
上海清算所城投债收益率曲线(AA-),远期的到期,2026-02-13,0,2.8284,1,3,3Y
上海清算所城投债收益率曲线(AA-),远期的到期,2026-02-13,0,2.4632,1,2,2Y
上海清算所城投债收益率曲线(AA-),远期的到期,2026-02-13,0,2.2693,1,1,1Y
上海清算所城投债收益率曲线(AA-),远期的到期,2026-02-13,0,4.4417,2,13,13Y
上海清算所城投债收益率曲线(AA-),远期的到期,2026-02-13,0,4.4438,2,12,12Y
上海清算所城投债收益率曲线(AA-),远期的到期,2026-02-13,0,4.4477,2,11,11Y
上海清算所城投债收益率曲线(AA-),远期的到期,2026-02-13,0,4.4526,2,10,10Y
上海清算所城投债收益率曲线(AA-),远期的到期,2026-02-13,0,4.4578,2,9,9Y
上海清算所城投债收益率曲线(AA-),远期的到期,2026-02-13,0,4.4631,2,8,8Y
上海清算所城投债收益率曲线(AA-),远期的到期,2026-02-13,0,4.4103,2,7,7Y
上海清算所城投债收益率曲线(AA-),远期的到期,2026-02-13,0,4.44,2,6,6Y
上海清算所城投债收益率曲线(AA-),远期的到期,2026-02-13,0,4.3689,2,5,5Y
上海清算所城投债收益率曲线(AA-),远期的到期,2026-02-13,0,4.1487,2,4,4Y
上海清算所城投债收益率曲线(AA-),远期的到期,2026-02-13,0,3.2742,2,3,3Y
上海清算所城投债收益率曲线(AA-),远期的到期,2026-02-13,0,3.1205,2,2,2Y
上海清算所城投债收益率曲线(AA-),远期的到期,2026-02-13,0,2.6622,2,1,1Y
上海清算所城投债收益率曲线(AA-),远期的到期,2026-02-13,0,4.6388,3,12,12Y
上海清算所城投债收益率曲线(AA-),远期的到期,2026-02-13,0,4.6546,3,11,11Y
上海清算所城投债收益率曲线(AA-),远期的到期,2026-02-13,0,4.6754,3,10,10Y
上海清算所城投债收益率曲线(AA-),远期的到期,2026-02-13,0,4.701,3,9,9Y
上海清算所城投债收益率曲线(AA-),远期的到期,2026-02-13,0,4.7321,3,8,8Y
上海清算所城投债收益率曲线(AA-),远期的到期,2026-02-13,0,4.7706,3,7,7Y
上海清算所城投债收益率曲线(AA-),远期的到期,2026-02-13,0,4.7505,3,6,6Y
上海清算所城投债收益率曲线(AA-),远期的到期,2026-02-13,0,4.8458,3,5,5Y
上海清算所城投债收益率曲线(AA-),远期的到期,2026-02-13,0,4.8439,3,4,4Y
上海清算所城投债收益率曲线(AA-),远期的到期,2026-02-13,0,4.6859,3,3,3Y
上海清算所城投债收益率曲线(AA-),远期的到期,2026-02-13,0,3.5968,3,2,2Y
上海清算所城投债收益率曲线(AA-),远期的到期,2026-02-13,0,3.5953,3,1,1Y
上海清算所城投债收益率曲线(AA-),远期的到期,2026-02-13,0,4.7637,4,11,11Y
上海清算所城投债收益率曲线(AA-),远期的到期,2026-02-13,0,4.7912,4,10,10Y
上海清算所城投债收益率曲线(AA-),远期的到期,2026-02-13,0,4.827,4,9,9Y
上海清算所城投债收益率曲线(AA-),远期的到期,2026-02-13,0,4.872,4,8,8Y
上海清算所城投债收益率曲线(AA-),远期的到期,2026-02-13,0,4.9286,4,7,7Y
上海清算所城投债收益率曲线(AA-),远期的到期,2026-02-13,0,5.0024,4,6,6Y
上海清算所城投债收益率曲线(AA-),远期的到期,2026-02-13,0,5.0178,4,5,5Y
上海清算所城投债收益率曲线(AA-),远期的到期,2026-02-13,0,5.1992,4,4,4Y
上海清算所城投债收益率曲线(AA-),远期的到期,2026-02-13,0,5.3025,4,3,3Y
上海清算所城投债收益率曲线(AA-),远期的到期,2026-02-13,0,5.27,4,2,2Y
上海清算所城投债收益率曲线(AA-),远期的到期,2026-02-13,0,3.5983,4,1,1Y
上海清算所城投债收益率曲线(AA-),远期的到期,2026-02-13,0,4.916,5,10,10Y
上海清算所城投债收益率曲线(AA-),远期的到期,2026-02-13,0,4.9609,5,9,9Y
上海清算所城投债收益率曲线(AA-),远期的到期,2026-02-13,0,5.0196,5,8,8Y
上海清算所城投债收益率曲线(AA-),远期的到期,2026-02-13,0,5.0954,5,7,7Y
上海清算所城投债收益率曲线(AA-),远期的到期,2026-02-13,0,5.1951,5,6,6Y
上海清算所城投债收益率曲线(AA-),远期的到期,2026-02-13,0,5.3328,5,5,5Y
上海清算所城投债收益率曲线(AA-),远期的到期,2026-02-13,0,5.4261,5,4,4Y
上海清算所城投债收益率曲线(AA-),远期的到期,2026-02-13,0,5.7997,5,3,3Y
上海清算所城投债收益率曲线(AA-),远期的到期,2026-02-13,0,6.2386,5,2,2Y
上海清算所城投债收益率曲线(AA-),远期的到期,2026-02-13,0,7.0597,5,1,1Y
上海清算所城投债收益率曲线(AA-),远期的到期,2026-02-13,0,4.618,6,9,9Y
上海清算所城投债收益率曲线(AA-),远期的到期,2026-02-13,0,4.6394,6,8,8Y
上海清算所城投债收益率曲线(AA-),远期的到期,2026-02-13,0,4.6697,6,7,7Y
上海清算所城投债收益率曲线(AA-),远期的到期,2026-02-13,0,4.7105,6,6,6Y
上海清算所城投债收益率曲线(AA-),远期的到期,2026-02-13,0,4.7659,6,5,5Y
上海清算所城投债收益率曲线(AA-),远期的到期,2026-02-13,0,4.8464,6,4,4Y
上海清算所城投债收益率曲线(AA-),远期的到期,2026-02-13,0,4.8261,6,3,3Y
上海清算所城投债收益率曲线(AA-),远期的到期,2026-02-13,0,5.1201,6,2,2Y
上海清算所城投债收益率曲线(AA-),远期的到期,2026-02-13,0,5.3734,6,1,1Y
上海清算所城投债收益率曲线(AA-),远期的到期,2026-02-13,0,4.5033,7,8,8Y
上海清算所城投债收益率曲线(AA-),远期的到期,2026-02-13,0,4.5145,7,7,7Y
上海清算所城投债收益率曲线(AA-),远期的到期,2026-02-13,0,4.5329,7,6,6Y
上海清算所城投债收益率曲线(AA-),远期的到期,2026-02-13,0,4.559,7,5,5Y
上海清算所城投债收益率曲线(AA-),远期的到期,2026-02-13,0,4.596,7,4,4Y
上海清算所城投债收益率曲线(AA-),远期的到期,2026-02-13,0,4.6542,7,3,3Y
上海清算所城投债收益率曲线(AA-),远期的到期,2026-02-13,0,4.5332,7,2,2Y
上海清算所城投债收益率曲线(AA-),远期的到期,2026-02-13,0,4.8546,7,1,1Y
上海清算所城投债收益率曲线(AA-),远期的到期,2026-02-13,0,4.4438,8,7,7Y
上海清算所城投债收益率曲线(AA-),远期的到期,2026-02-13,0,4.4487,8,6,6Y
上海清算所城投债收益率曲线(AA-),远期的到期,2026-02-13,0,4.4597,8,5,5Y
上海清算所城投债收益率曲线(AA-),远期的到期,2026-02-13,0,4.4767,8,4,4Y
上海清算所城投债收益率曲线(AA-),远期的到期,2026-02-13,0,4.502,8,3,3Y
上海清算所城投债收益率曲线(AA-),远期的到期,2026-02-13,0,4.5473,8,2,2Y
上海清算所城投债收益率曲线(AA-),远期的到期,2026-02-13,0,4.1984,8,1,1Y
上海清算所城投债收益率曲线(AA-),远期的到期,2026-02-13,0,4.4914,9,6,6Y
上海清算所城投债收益率曲线(AA-),远期的到期,2026-02-13,0,4.5058,9,5,5Y
上海清算所城投债收益率曲线(AA-),远期的到期,2026-02-13,0,4.5327,9,4,4Y
上海清算所城投债收益率曲线(AA-),远期的到期,2026-02-13,0,4.5782,9,3,3Y
上海清算所城投债收益率曲线(AA-),远期的到期,2026-02-13,0,4.6647,9,2,2Y
上海清算所城投债收益率曲线(AA-),远期的到期,2026-02-13,0,4.9132,9,1,1Y
上海清算所城投债收益率曲线(AA-),远期的到期,2026-02-13,0,4.3956,10,5,5Y
上海清算所城投债收益率曲线(AA-),远期的到期,2026-02-13,0,4.3925,10,4,4Y
上海清算所城投债收益率曲线(AA-),远期的到期,2026-02-13,0,4.3946,10,3,3Y
上海清算所城投债收益率曲线(AA-),远期的到期,2026-02-13,0,4.3996,10,2,2Y
上海清算所城投债收益率曲线(AA-),远期的到期,2026-02-13,0,4.4053,10,1,1Y
上海清算所城投债收益率曲线(AA-),远期的到期,2026-02-13,0,4.3929,11,4,4Y
上海清算所城投债收益率曲线(AA-),远期的到期,2026-02-13,0,4.3879,11,3,3Y
上海清算所城投债收益率曲线(AA-),远期的到期,2026-02-13,0,4.3889,11,2,2Y
上海清算所城投债收益率曲线(AA-),远期的到期,2026-02-13,0,4.3936,11,1,1Y
上海清算所城投债收益率曲线(AA-),远期的到期,2026-02-13,0,4.3926,12,3,3Y
上海清算所城投债收益率曲线(AA-),远期的到期,2026-02-13,0,4.3849,12,2,2Y
上海清算所城投债收益率曲线(AA-),远期的到期,2026-02-13,0,4.384,12,1,1Y
上海清算所城投债收益率曲线(AA-),远期的到期,2026-02-13,0,4.3973,13,2,2Y
上海清算所城投债收益率曲线(AA-),远期的到期,2026-02-13,0,4.3858,13,1,1Y
上海清算所城投债收益率曲线(AA-),远期的到期,2026-02-13,0,4.4092,14,1,1Y
上海清算所城投债收益率曲线(AA-),远期的到期,2026-02-14,0,4.2389,1,14,14Y
上海清算所城投债收益率曲线(AA-),远期的到期,2026-02-14,0,4.2261,1,13,13Y
上海清算所城投债收益率曲线(AA-),远期的到期,2026-02-14,0,4.2129,1,12,12Y
上海清算所城投债收益率曲线(AA-),远期的到期,2026-02-14,0,4.1979,1,11,11Y
上海清算所城投债收益率曲线(AA-),远期的到期,2026-02-14,0,4.1795,1,10,10Y
上海清算所城投债收益率曲线(AA-),远期的到期,2026-02-14,0,4.1564,1,9,9Y
上海清算所城投债收益率曲线(AA-),远期的到期,2026-02-14,0,4.0803,1,8,8Y
上海清算所城投债收益率曲线(AA-),远期的到期,2026-02-14,0,4.0827,1,7,7Y
上海清算所城投债收益率曲线(AA-),远期的到期,2026-02-14,0,3.972,1,6,6Y
上海清算所城投债收益率曲线(AA-),远期的到期,2026-02-14,0,3.7315,1,5,5Y
上海清算所城投债收益率曲线(AA-),远期的到期,2026-02-14,0,3.001,1,4,4Y
上海清算所城投债收益率曲线(AA-),远期的到期,2026-02-14,0,2.8334,1,3,3Y
上海清算所城投债收益率曲线(AA-),远期的到期,2026-02-14,0,2.4642,1,2,2Y
上海清算所城投债收益率曲线(AA-),远期的到期,2026-02-14,0,2.2826,1,1,1Y
上海清算所城投债收益率曲线(AA-),远期的到期,2026-02-14,0,4.439,2,13,13Y
上海清算所城投债收益率曲线(AA-),远期的到期,2026-02-14,0,4.437,2,12,12Y
上海清算所城投债收益率曲线(AA-),远期的到期,2026-02-14,0,4.4368,2,11,11Y
上海清算所城投债收益率曲线(AA-),远期的到期,2026-02-14,0,4.4372,2,10,10Y
上海清算所城投债收益率曲线(AA-),远期的到期,2026-02-14,0,4.4373,2,9,9Y
上海清算所城投债收益率曲线(AA-),远期的到期,2026-02-14,0,4.4367,2,8,8Y
上海清算所城投债收益率曲线(AA-),远期的到期,2026-02-14,0,4.3808,2,7,7Y
上海清算所城投债收益率曲线(AA-),远期的到期,2026-02-14,0,4.426,2,6,6Y
上海清算所城投债收益率曲线(AA-),远期的到期,2026-02-14,0,4.3494,2,5,5Y
上海清算所城投债收益率曲线(AA-),远期的到期,2026-02-14,0,4.1261,2,4,4Y
上海清算所城投债收益率曲线(AA-),远期的到期,2026-02-14,0,3.2556,2,3,3Y
上海清算所城投债收益率曲线(AA-),远期的到期,2026-02-14,0,3.1211,2,2,2Y
上海清算所城投债收益率曲线(AA-),远期的到期,2026-02-14,0,2.6505,2,1,1Y
上海清算所城投债收益率曲线(AA-),远期的到期,2026-02-14,0,4.6369,3,12,12Y
上海清算所城投债收益率曲线(AA-),远期的到期,2026-02-14,0,4.6483,3,11,11Y
上海清算所城投债收益率曲线(AA-),远期的到期,2026-02-14,0,4.6644,3,10,10Y
上海清算所城投债收益率曲线(AA-),远期的到期,2026-02-14,0,4.6848,3,9,9Y
上海清算所城投债收益率曲线(AA-),远期的到期,2026-02-14,0,4.7099,3,8,8Y
上海清算所城投债收益率曲线(AA-),远期的到期,2026-02-14,0,4.7414,3,7,7Y
上海清算所城投债收益率曲线(AA-),远期的到期,2026-02-14,0,4.7173,3,6,6Y
上海清算所城投债收益率曲线(AA-),远期的到期,2026-02-14,0,4.831,3,5,5Y
上海清算所城投债收益率曲线(AA-),远期的到期,2026-02-14,0,4.822,3,4,4Y
上海清算所城投债收益率曲线(AA-),远期的到期,2026-02-14,0,4.6591,3,3,3Y
上海清算所城投债收益率曲线(AA-),远期的到期,2026-02-14,0,3.5744,3,2,2Y
上海清算所城投债收益率曲线(AA-),远期的到期,2026-02-14,0,3.6086,3,1,1Y
上海清算所城投债收益率曲线(AA-),远期的到期,2026-02-14,0,4.7598,4,11,11Y
上海清算所城投债收益率曲线(AA-),远期的到期,2026-02-14,0,4.7822,4,10,10Y
上海清算所城投债收益率曲线(AA-),远期的到期,2026-02-14,0,4.8124,4,9,9Y
上海清算所城投债收益率曲线(AA-),远期的到期,2026-02-14,0,4.851,4,8,8Y
上海清算所城投债收益率曲线(AA-),远期的到期,2026-02-14,0,4.9001,4,7,7Y
上海清算所城投债收益率曲线(AA-),远期的到期,2026-02-14,0,4.9646,4,6,6Y
上海清算所城投债收益率曲线(AA-),远期的到期,2026-02-14,0,4.9736,4,5,5Y
上海清算所城投债收益率曲线(AA-),远期的到期,2026-02-14,0,5.1762,4,4,4Y
上海清算所城投债收益率曲线(AA-),远期的到期,2026-02-14,0,5.2673,4,3,3Y
上海清算所城投债收益率曲线(AA-),远期的到期,2026-02-14,0,5.2214,4,2,2Y
上海清算所城投债收益率曲线(AA-),远期的到期,2026-02-14,0,3.5391,4,1,1Y
上海清算所城投债收益率曲线(AA-),远期的到期,2026-02-14,0,4.9192,5,10,10Y
上海清算所城投债收益率曲线(AA-),远期的到期,2026-02-14,0,4.9589,5,9,9Y
上海清算所城投债收益率曲线(AA-),远期的到期,2026-02-14,0,5.0118,5,8,8Y
上海清算所城投债收益率曲线(AA-),远期的到期,2026-02-14,0,5.0809,5,7,7Y
上海清算所城投债收益率曲线(AA-),远期的到期,2026-02-14,0,5.1725,5,6,6Y
上海清算所城投债收益率曲线(AA-),远期的到期,2026-02-14,0,5.2997,5,5,5Y
上海清算所城投债收益率曲线(AA-),远期的到期,2026-02-14,0,5.3859,5,4,4Y
上海清算所城投债收益率曲线(AA-),远期的到期,2026-02-14,0,5.7901,5,3,3Y
上海清算所城投债收益率曲线(AA-),远期的到期,2026-02-14,0,6.2163,5,2,2Y
上海清算所城投债收益率曲线(AA-),远期的到期,2026-02-14,0,7.022,5,1,1Y
上海清算所城投债收益率曲线(AA-),远期的到期,2026-02-14,0,4.627,6,9,9Y
上海清算所城投债收益率曲线(AA-),远期的到期,2026-02-14,0,4.643,6,8,8Y
上海清算所城投债收益率曲线(AA-),远期的到期,2026-02-14,0,4.6673,6,7,7Y
上海清算所城投债收益率曲线(AA-),远期的到期,2026-02-14,0,4.7008,6,6,6Y
上海清算所城投债收益率曲线(AA-),远期的到期,2026-02-14,0,4.747,6,5,5Y
上海清算所城投债收益率曲线(AA-),远期的到期,2026-02-14,0,4.815,6,4,4Y
上海清算所城投债收益率曲线(AA-),远期的到期,2026-02-14,0,4.7852,6,3,3Y
上海清算所城投债收益率曲线(AA-),远期的到期,2026-02-14,0,5.1257,6,2,2Y
上海清算所城投债收益率曲线(AA-),远期的到期,2026-02-14,0,5.3673,6,1,1Y
上海清算所城投债收益率曲线(AA-),远期的到期,2026-02-14,0,4.5146,7,8,8Y
上海清算所城投债收益率曲线(AA-),远期的到期,2026-02-14,0,4.5198,7,7,7Y
上海清算所城投债收益率曲线(AA-),远期的到期,2026-02-14,0,4.5312,7,6,6Y
上海清算所城投债收益率曲线(AA-),远期的到期,2026-02-14,0,4.5486,7,5,5Y
上海清算所城投债收益率曲线(AA-),远期的到期,2026-02-14,0,4.5737,7,4,4Y
上海清算所城投债收益率曲线(AA-),远期的到期,2026-02-14,0,4.6136,7,3,3Y
上海清算所城投债收益率曲线(AA-),远期的到期,2026-02-14,0,4.4739,7,2,2Y
上海清算所城投债收益率曲线(AA-),远期的到期,2026-02-14,0,4.8722,7,1,1Y
上海清算所城投债收益率曲线(AA-),远期的到期,2026-02-14,0,4.454,8,7,7Y
上海清算所城投债收益率曲线(AA-),远期的到期,2026-02-14,0,4.4517,8,6,6Y
上海清算所城投债收益率曲线(AA-),远期的到期,2026-02-14,0,4.4537,8,5,5Y
上海清算所城投债收益率曲线(AA-),远期的到期,2026-02-14,0,4.4586,8,4,4Y
上海清算所城投债收益率曲线(AA-),远期的到期,2026-02-14,0,4.4654,8,3,3Y
上海清算所城投债收益率曲线(AA-),远期的到期,2026-02-14,0,4.4758,8,2,2Y
上海清算所城投债收益率曲线(AA-),远期的到期,2026-02-14,0,4.0595,8,1,1Y
上海清算所城投债收益率曲线(AA-),远期的到期,2026-02-14,0,4.5307,9,6,6Y
上海清算所城投债收益率曲线(AA-),远期的到期,2026-02-14,0,4.5412,9,5,5Y
上海清算所城投债收益率曲线(AA-),远期的到期,2026-02-14,0,4.5639,9,4,4Y
上海清算所城投债收益率曲线(AA-),远期的到期,2026-02-14,0,4.6042,9,3,3Y
上海清算所城投债收益率曲线(AA-),远期的到期,2026-02-14,0,4.6829,9,2,2Y
上海清算所城投债收益率曲线(AA-),远期的到期,2026-02-14,0,4.9126,9,1,1Y
上海清算所城投债收益率曲线(AA-),远期的到期,2026-02-14,0,4.4439,10,5,5Y
上海清算所城投债收益率曲线(AA-),远期的到期,2026-02-14,0,4.4379,10,4,4Y
上海清算所城投债收益率曲线(AA-),远期的到期,2026-02-14,0,4.4373,10,3,3Y
上海清算所城投债收益率曲线(AA-),远期的到期,2026-02-14,0,4.4397,10,2,2Y
上海清算所城投债收益率曲线(AA-),远期的到期,2026-02-14,0,4.443,10,1,1Y
上海清算所城投债收益率曲线(AA-),远期的到期,2026-02-14,0,4.4441,11,4,4Y
上海清算所城投债收益率曲线(AA-),远期的到期,2026-02-14,0,4.436,11,3,3Y
上海清算所城投债收益率曲线(AA-),远期的到期,2026-02-14,0,4.4342,11,2,2Y
上海清算所城投债收益率曲线(AA-),远期的到期,2026-02-14,0,4.4363,11,1,1Y
上海清算所城投债收益率曲线(AA-),远期的到期,2026-02-14,0,4.447,12,3,3Y
上海清算所城投债收益率曲线(AA-),远期的到期,2026-02-14,0,4.4359,12,2,2Y
上海清算所城投债收益率曲线(AA-),远期的到期,2026-02-14,0,4.432,12,1,1Y
上海清算所城投债收益率曲线(AA-),远期的到期,2026-02-14,0,4.455,13,2,2Y
上海清算所城投债收益率曲线(AA-),远期的到期,2026-02-14,0,4.4399,13,1,1Y
上海清算所城投债收益率曲线(AA-),远期的到期,2026-02-14,0,4.4707,14,1,1Y
上海清算所城投债收益率曲线(AA-),远期的到期,2026-02-24,0,4.2469,1,14,14Y
上海清算所城投债收益率曲线(AA-),远期的到期,2026-02-24,0,4.2223,1,13,13Y
上海清算所城投债收益率曲线(AA-),远期的到期,2026-02-24,0,4.2072,1,12,12Y
上海清算所城投债收益率曲线(AA-),远期的到期,2026-02-24,0,4.1883,1,11,11Y
上海清算所城投债收益率曲线(AA-),远期的到期,2026-02-24,0,4.1633,1,10,10Y
上海清算所城投债收益率曲线(AA-),远期的到期,2026-02-24,0,4.1522,1,9,9Y
上海清算所城投债收益率曲线(AA-),远期的到期,2026-02-24,0,4.0927,1,8,8Y
上海清算所城投债收益率曲线(AA-),远期的到期,2026-02-24,0,4.0793,1,7,7Y
上海清算所城投债收益率曲线(AA-),远期的到期,2026-02-24,0,3.9721,1,6,6Y
上海清算所城投债收益率曲线(AA-),远期的到期,2026-02-24,0,3.7369,1,5,5Y
上海清算所城投债收益率曲线(AA-),远期的到期,2026-02-24,0,3.0189,1,4,4Y
上海清算所城投债收益率曲线(AA-),远期的到期,2026-02-24,0,2.796,1,3,3Y
上海清算所城投债收益率曲线(AA-),远期的到期,2026-02-24,0,2.4122,1,2,2Y
上海清算所城投债收益率曲线(AA-),远期的到期,2026-02-24,0,2.2812,1,1,1Y
上海清算所城投债收益率曲线(AA-),远期的到期,2026-02-24,0,4.4479,2,13,13Y
上海清算所城投债收益率曲线(AA-),远期的到期,2026-02-24,0,4.4329,2,12,12Y
上海清算所城投债收益率曲线(AA-),远期的到期,2026-02-24,0,4.4306,2,11,11Y
上海清算所城投债收益率曲线(AA-),远期的到期,2026-02-24,0,4.4265,2,10,10Y
上海清算所城投债收益率曲线(AA-),远期的到期,2026-02-24,0,4.419,2,9,9Y
上海清算所城投债收益率曲线(AA-),远期的到期,2026-02-24,0,4.432,2,8,8Y
上海清算所城投债收益率曲线(AA-),远期的到期,2026-02-24,0,4.3955,2,7,7Y
上海清算所城投债收益率曲线(AA-),远期的到期,2026-02-24,0,4.4221,2,6,6Y
上海清算所城投债收益率曲线(AA-),远期的到期,2026-02-24,0,4.3497,2,5,5Y
上海清算所城投债收益率曲线(AA-),远期的到期,2026-02-24,0,4.1333,2,4,4Y
上海清算所城投债收益率曲线(AA-),远期的到期,2026-02-24,0,3.2801,2,3,3Y
上海清算所城投债收益率曲线(AA-),远期的到期,2026-02-24,0,3.0646,2,2,2Y
上海清算所城投债收益率曲线(AA-),远期的到期,2026-02-24,0,2.5465,2,1,1Y
上海清算所城投债收益率曲线(AA-),远期的到期,2026-02-24,0,4.6585,3,12,12Y
上海清算所城投债收益率曲线(AA-),远期的到期,2026-02-24,0,4.6561,3,11,11Y
上海清算所城投债收益率曲线(AA-),远期的到期,2026-02-24,0,4.6708,3,10,10Y
上海清算所城投债收益率曲线(AA-),远期的到期,2026-02-24,0,4.6872,3,9,9Y
上海清算所城投债收益率曲线(AA-),远期的到期,2026-02-24,0,4.705,3,8,8Y
上海清算所城投债收益率曲线(AA-),远期的到期,2026-02-24,0,4.754,3,7,7Y
上海清算所城投债收益率曲线(AA-),远期的到期,2026-02-24,0,4.7556,3,6,6Y
上海清算所城投债收益率曲线(AA-),远期的到期,2026-02-24,0,4.8504,3,5,5Y
上海清算所城投债收益率曲线(AA-),远期的到期,2026-02-24,0,4.8518,3,4,4Y
上海清算所城投债收益率曲线(AA-),远期的到期,2026-02-24,0,4.7071,3,3,3Y
上海清算所城投债收益率曲线(AA-),远期的到期,2026-02-24,0,3.6671,3,2,2Y
上海清算所城投债收益率曲线(AA-),远期的到期,2026-02-24,0,3.6015,3,1,1Y
上海清算所城投债收益率曲线(AA-),远期的到期,2026-02-24,0,4.785,4,11,11Y
上海清算所城投债收益率曲线(AA-),远期的到期,2026-02-24,0,4.7921,4,10,10Y
上海清算所城投债收益率曲线(AA-),远期的到期,2026-02-24,0,4.8208,4,9,9Y
上海清算所城投债收益率曲线(AA-),远期的到期,2026-02-24,0,4.855,4,8,8Y
上海清算所城投债收益率曲线(AA-),远期的到期,2026-02-24,0,4.8958,4,7,7Y
上海清算所城投债收益率曲线(AA-),远期的到期,2026-02-24,0,4.9815,4,6,6Y
上海清算所城投债收益率曲线(AA-),远期的到期,2026-02-24,0,5.0228,4,5,5Y
上海清算所城投债收益率曲线(AA-),远期的到期,2026-02-24,0,5.2035,4,4,4Y
上海清算所城投债收益率曲线(AA-),远期的到期,2026-02-24,0,5.3114,4,3,3Y
上海清算所城投债收益率曲线(AA-),远期的到期,2026-02-24,0,5.2999,4,2,2Y
上海清算所城投债收益率曲线(AA-),远期的到期,2026-02-24,0,3.7351,4,1,1Y
上海清算所城投债收益率曲线(AA-),远期的到期,2026-02-24,0,4.9219,5,10,10Y
上海清算所城投债收益率曲线(AA-),远期的到期,2026-02-24,0,4.9422,5,9,9Y
上海清算所城投债收益率曲线(AA-),远期的到期,2026-02-24,0,4.9906,5,8,8Y
上海清算所城投债收益率曲线(AA-),远期的到期,2026-02-24,0,5.0511,5,7,7Y
上海清算所城投债收益率曲线(AA-),远期的到期,2026-02-24,0,5.1279,5,6,6Y
上海清算所城投债收益率曲线(AA-),远期的到期,2026-02-24,0,5.2743,5,5,5Y
上海清算所城投债收益率曲线(AA-),远期的到期,2026-02-24,0,5.3928,5,4,4Y
上海清算所城投债收益率曲线(AA-),远期的到期,2026-02-24,0,5.7538,5,3,3Y
上海清算所城投债收益率曲线(AA-),远期的到期,2026-02-24,0,6.1765,5,2,2Y
上海清算所城投债收益率曲线(AA-),远期的到期,2026-02-24,0,6.9738,5,1,1Y
上海清算所城投债收益率曲线(AA-),远期的到期,2026-02-24,0,4.637,6,9,9Y
上海清算所城投债收益率曲线(AA-),远期的到期,2026-02-24,0,4.6313,6,8,8Y
上海清算所城投债收益率曲线(AA-),远期的到期,2026-02-24,0,4.651,6,7,7Y
上海清算所城投债收益率曲线(AA-),远期的到期,2026-02-24,0,4.6749,6,6,6Y
上海清算所城投债收益率曲线(AA-),远期的到期,2026-02-24,0,4.7034,6,5,5Y
上海清算所城投债收益率曲线(AA-),远期的到期,2026-02-24,0,4.796,6,4,4Y
上海清算所城投债收益率曲线(AA-),远期的到期,2026-02-24,0,4.8123,6,3,3Y
上海清算所城投债收益率曲线(AA-),远期的到期,2026-02-24,0,5.096,6,2,2Y
上海清算所城投债收益率曲线(AA-),远期的到期,2026-02-24,0,5.3366,6,1,1Y
上海清算所城投债收益率曲线(AA-),远期的到期,2026-02-24,0,4.5308,7,8,8Y
上海清算所城投债收益率曲线(AA-),远期的到期,2026-02-24,0,4.5114,7,7,7Y
上海清算所城投债收益率曲线(AA-),远期的到期,2026-02-24,0,4.5178,7,6,6Y
上海清算所城投债收益率曲线(AA-),远期的到期,2026-02-24,0,4.5239,7,5,5Y
上海清算所城投债收益率曲线(AA-),远期的到期,2026-02-24,0,4.5266,7,4,4Y
上海清算所城投债收益率曲线(AA-),远期的到期,2026-02-24,0,4.5989,7,3,3Y
上海清算所城投债收益率曲线(AA-),远期的到期,2026-02-24,0,4.5318,7,2,2Y
上海清算所城投债收益率曲线(AA-),远期的到期,2026-02-24,0,4.8438,7,1,1Y
上海清算所城投债收益率曲线(AA-),远期的到期,2026-02-24,0,4.4778,8,7,7Y
上海清算所城投债收益率曲线(AA-),远期的到期,2026-02-24,0,4.4472,8,6,6Y
上海清算所城投债收益率曲线(AA-),远期的到期,2026-02-24,0,4.4437,8,5,5Y
上海清算所城投债收益率曲线(AA-),远期的到期,2026-02-24,0,4.4349,8,4,4Y
上海清算所城投债收益率曲线(AA-),远期的到期,2026-02-24,0,4.4114,8,3,3Y
上海清算所城投债收益率曲线(AA-),远期的到期,2026-02-24,0,4.4683,8,2,2Y
上海清算所城投债收益率曲线(AA-),远期的到期,2026-02-24,0,4.2068,8,1,1Y
上海清算所城投债收益率曲线(AA-),远期的到期,2026-02-24,0,4.5304,9,6,6Y
上海清算所城投债收益率曲线(AA-),远期的到期,2026-02-24,0,4.502,9,5,5Y
上海清算所城投债收益率曲线(AA-),远期的到期,2026-02-24,0,4.5099,9,4,4Y
上海清算所城投债收益率曲线(AA-),远期的到期,2026-02-24,0,4.5179,9,3,3Y
上海清算所城投债收益率曲线(AA-),远期的到期,2026-02-24,0,4.5209,9,2,2Y
上海清算所城投债收益率曲线(AA-),远期的到期,2026-02-24,0,4.7423,9,1,1Y
上海清算所城投债收益率曲线(AA-),远期的到期,2026-02-24,0,4.4822,10,5,5Y
上海清算所城投债收益率曲线(AA-),远期的到期,2026-02-24,0,4.4351,10,4,4Y
上海清算所城投债收益率曲线(AA-),远期的到期,2026-02-24,0,4.4255,10,3,3Y
上海清算所城投债收益率曲线(AA-),远期的到期,2026-02-24,0,4.3984,10,2,2Y
上海清算所城投债收益率曲线(AA-),远期的到期,2026-02-24,0,4.29,10,1,1Y
上海清算所城投债收益率曲线(AA-),远期的到期,2026-02-24,0,4.5358,11,4,4Y
上海清算所城投债收益率曲线(AA-),远期的到期,2026-02-24,0,4.4879,11,3,3Y
上海清算所城投债收益率曲线(AA-),远期的到期,2026-02-24,0,4.4978,11,2,2Y
上海清算所城投债收益率曲线(AA-),远期的到期,2026-02-24,0,4.5117,11,1,1Y
上海清算所城投债收益率曲线(AA-),远期的到期,2026-02-24,0,4.5446,12,3,3Y
上海清算所城投债收益率曲线(AA-),远期的到期,2026-02-24,0,4.4752,12,2,2Y
上海清算所城投债收益率曲线(AA-),远期的到期,2026-02-24,0,4.4834,12,1,1Y
上海清算所城投债收益率曲线(AA-),远期的到期,2026-02-24,0,4.5773,13,2,2Y
上海清算所城投债收益率曲线(AA-),远期的到期,2026-02-24,0,4.4666,13,1,1Y
上海清算所城投债收益率曲线(AA-),远期的到期,2026-02-24,0,4.6932,14,1,1Y
上海清算所城投债收益率曲线(AA-),远期的到期,2026-02-25,0,4.2337,1,14,14Y
上海清算所城投债收益率曲线(AA-),远期的到期,2026-02-25,0,4.2247,1,13,13Y
上海清算所城投债收益率曲线(AA-),远期的到期,2026-02-25,0,4.2104,1,12,12Y
上海清算所城投债收益率曲线(AA-),远期的到期,2026-02-25,0,4.1922,1,11,11Y
上海清算所城投债收益率曲线(AA-),远期的到期,2026-02-25,0,4.1743,1,10,10Y
上海清算所城投债收益率曲线(AA-),远期的到期,2026-02-25,0,4.1692,1,9,9Y
上海清算所城投债收益率曲线(AA-),远期的到期,2026-02-25,0,4.0992,1,8,8Y
上海清算所城投债收益率曲线(AA-),远期的到期,2026-02-25,0,4.0794,1,7,7Y
上海清算所城投债收益率曲线(AA-),远期的到期,2026-02-25,0,3.9758,1,6,6Y
上海清算所城投债收益率曲线(AA-),远期的到期,2026-02-25,0,3.7419,1,5,5Y
上海清算所城投债收益率曲线(AA-),远期的到期,2026-02-25,0,3.0017,1,4,4Y
上海清算所城投债收益率曲线(AA-),远期的到期,2026-02-25,0,2.8274,1,3,3Y
上海清算所城投债收益率曲线(AA-),远期的到期,2026-02-25,0,2.4211,1,2,2Y
上海清算所城投债收益率曲线(AA-),远期的到期,2026-02-25,0,2.2329,1,1,1Y
上海清算所城投债收益率曲线(AA-),远期的到期,2026-02-25,0,4.4384,2,13,13Y
上海清算所城投债收益率曲线(AA-),远期的到期,2026-02-25,0,4.441,2,12,12Y
上海清算所城投债收益率曲线(AA-),远期的到期,2026-02-25,0,4.4399,2,11,11Y
上海清算所城投债收益率曲线(AA-),远期的到期,2026-02-25,0,4.4372,2,10,10Y
上海清算所城投债收益率曲线(AA-),远期的到期,2026-02-25,0,4.4383,2,9,9Y
上海清算所城投债收益率曲线(AA-),远期的到期,2026-02-25,0,4.459,2,8,8Y
上海清算所城投债收益率曲线(AA-),远期的到期,2026-02-25,0,4.4114,2,7,7Y
上海清算所城投债收益率曲线(AA-),远期的到期,2026-02-25,0,4.4316,2,6,6Y
上海清算所城投债收益率曲线(AA-),远期的到期,2026-02-25,0,4.3654,2,5,5Y
上海清算所城投债收益率曲线(AA-),远期的到期,2026-02-25,0,4.1531,2,4,4Y
上海清算所城投债收益率曲线(AA-),远期的到期,2026-02-25,0,3.2741,2,3,3Y
上海清算所城投债收益率曲线(AA-),远期的到期,2026-02-25,0,3.1379,2,2,2Y
上海清算所城投债收益率曲线(AA-),远期的到期,2026-02-25,0,2.6142,2,1,1Y
上海清算所城投债收益率曲线(AA-),远期的到期,2026-02-25,0,4.6405,3,12,12Y
上海清算所城投债收益率曲线(AA-),远期的到期,2026-02-25,0,4.6572,3,11,11Y
上海清算所城投债收益率曲线(AA-),远期的到期,2026-02-25,0,4.6728,3,10,10Y
上海清算所城投债收益率曲线(AA-),远期的到期,2026-02-25,0,4.6901,3,9,9Y
上海清算所城投债收益率曲线(AA-),远期的到期,2026-02-25,0,4.7169,3,8,8Y
上海清算所城投债收益率曲线(AA-),远期的到期,2026-02-25,0,4.7741,3,7,7Y
上海清算所城投债收益率曲线(AA-),远期的到期,2026-02-25,0,4.7614,3,6,6Y
上海清算所城投债收益率曲线(AA-),远期的到期,2026-02-25,0,4.8467,3,5,5Y
上海清算所城投债收益率曲线(AA-),远期的到期,2026-02-25,0,4.853,3,4,4Y
上海清算所城投债收益率曲线(AA-),远期的到期,2026-02-25,0,4.7096,3,3,3Y
上海清算所城投债收益率曲线(AA-),远期的到期,2026-02-25,0,3.6221,3,2,2Y
上海清算所城投债收益率曲线(AA-),远期的到期,2026-02-25,0,3.681,3,1,1Y
上海清算所城投债收益率曲线(AA-),远期的到期,2026-02-25,0,4.7552,4,11,11Y
上海清算所城投债收益率曲线(AA-),远期的到期,2026-02-25,0,4.783,4,10,10Y
上海清算所城投债收益率曲线(AA-),远期的到期,2026-02-25,0,4.8119,4,9,9Y
上海清算所城投债收益率曲线(AA-),远期的到期,2026-02-25,0,4.8459,4,8,8Y
上海清算所城投债收益率曲线(AA-),远期的到期,2026-02-25,0,4.8959,4,7,7Y
上海清算所城投债收益率曲线(AA-),远期的到期,2026-02-25,0,4.9897,4,6,6Y
上海清算所城投债收益率曲线(AA-),远期的到期,2026-02-25,0,5.0113,4,5,5Y
上海清算所城投债收益率曲线(AA-),远期的到期,2026-02-25,0,5.176,4,4,4Y
上海清算所城投债收益率曲线(AA-),远期的到期,2026-02-25,0,5.2833,4,3,3Y
上海清算所城投债收益率曲线(AA-),远期的到期,2026-02-25,0,5.2605,4,2,2Y
上海清算所城投债收益率曲线(AA-),远期的到期,2026-02-25,0,3.5612,4,1,1Y
上海清算所城投债收益率曲线(AA-),远期的到期,2026-02-25,0,4.9111,5,10,10Y
上海清算所城投债收益率曲线(AA-),远期的到期,2026-02-25,0,4.9567,5,9,9Y
上海清算所城投债收益率曲线(AA-),远期的到期,2026-02-25,0,5.0078,5,8,8Y
上海清算所城投债收益率曲线(AA-),远期的到期,2026-02-25,0,5.0712,5,7,7Y
上海清算所城投债收益率曲线(AA-),远期的到期,2026-02-25,0,5.1632,5,6,6Y
上海清算所城投债收益率曲线(AA-),远期的到期,2026-02-25,0,5.3257,5,5,5Y
上海清算所城投债收益率曲线(AA-),远期的到期,2026-02-25,0,5.4283,5,4,4Y
上海清算所城投债收益率曲线(AA-),远期的到期,2026-02-25,0,5.7816,5,3,3Y
上海清算所城投债收益率曲线(AA-),远期的到期,2026-02-25,0,6.2293,5,2,2Y
上海清算所城投债收益率曲线(AA-),远期的到期,2026-02-25,0,7.08,5,1,1Y
上海清算所城投债收益率曲线(AA-),远期的到期,2026-02-25,0,4.6099,6,9,9Y
上海清算所城投债收益率曲线(AA-),远期的到期,2026-02-25,0,4.6317,6,8,8Y
上海清算所城投债收益率曲线(AA-),远期的到期,2026-02-25,0,4.6527,6,7,7Y
上海清算所城投债收益率曲线(AA-),远期的到期,2026-02-25,0,4.6779,6,6,6Y
上海清算所城投债收益率曲线(AA-),远期的到期,2026-02-25,0,4.7222,6,5,5Y
上海清算所城投债收益率曲线(AA-),远期的到期,2026-02-25,0,4.8318,6,4,4Y
上海清算所城投债收益率曲线(AA-),远期的到期,2026-02-25,0,4.822,6,3,3Y
上海清算所城投债收益率曲线(AA-),远期的到期,2026-02-25,0,5.0816,6,2,2Y
上海清算所城投债收益率曲线(AA-),远期的到期,2026-02-25,0,5.3332,6,1,1Y
上海清算所城投债收益率曲线(AA-),远期的到期,2026-02-25,0,4.5001,7,8,8Y
上海清算所城投债收益率曲线(AA-),远期的到期,2026-02-25,0,4.5124,7,7,7Y
上海清算所城投债收益率曲线(AA-),远期的到期,2026-02-25,0,4.5205,7,6,6Y
上海清算所城投债收益率曲线(AA-),远期的到期,2026-02-25,0,4.5283,7,5,5Y
上海清算所城投债收益率曲线(AA-),远期的到期,2026-02-25,0,4.5515,7,4,4Y
上海清算所城投债收益率曲线(AA-),远期的到期,2026-02-25,0,4.6489,7,3,3Y
上海清算所城投债收益率曲线(AA-),远期的到期,2026-02-25,0,4.5484,7,2,2Y
上海清算所城投债收益率曲线(AA-),远期的到期,2026-02-25,0,4.8179,7,1,1Y
上海清算所城投债收益率曲线(AA-),远期的到期,2026-02-25,0,4.4463,8,7,7Y
上海清算所城投债收益率曲线(AA-),远期的到期,2026-02-25,0,4.4533,8,6,6Y
上海清算所城投债收益率曲线(AA-),远期的到期,2026-02-25,0,4.4529,8,5,5Y
上海清算所城投债收益率曲线(AA-),远期的到期,2026-02-25,0,4.4476,8,4,4Y
上海清算所城投债收益率曲线(AA-),远期的到期,2026-02-25,0,4.4547,8,3,3Y
上海清算所城投债收益率曲线(AA-),远期的到期,2026-02-25,0,4.5587,8,2,2Y
上海清算所城投债收益率曲线(AA-),远期的到期,2026-02-25,0,4.2674,8,1,1Y
上海清算所城投债收益率曲线(AA-),远期的到期,2026-02-25,0,4.481,9,6,6Y
上海清算所城投债收益率曲线(AA-),远期的到期,2026-02-25,0,4.4957,9,5,5Y
上海清算所城投债收益率曲线(AA-),远期的到期,2026-02-25,0,4.5046,9,4,4Y
上海清算所城投债收益率曲线(AA-),远期的到期,2026-02-25,0,4.5133,9,3,3Y
上海清算所城投债收益率曲线(AA-),远期的到期,2026-02-25,0,4.5549,9,2,2Y
上海清算所城投债收益率曲线(AA-),远期的到期,2026-02-25,0,4.8642,9,1,1Y
上海清算所城投债收益率曲线(AA-),远期的到期,2026-02-25,0,4.394,10,5,5Y
上海清算所城投债收益率曲线(AA-),远期的到期,2026-02-25,0,4.3933,10,4,4Y
上海清算所城投债收益率曲线(AA-),远期的到期,2026-02-25,0,4.3742,10,3,3Y
上海清算所城投债收益率曲线(AA-),远期的到期,2026-02-25,0,4.3265,10,2,2Y
上海清算所城投债收益率曲线(AA-),远期的到期,2026-02-25,0,4.2325,10,1,1Y
上海清算所城投债收益率曲线(AA-),远期的到期,2026-02-25,0,4.439,11,4,4Y
上海清算所城投债收益率曲线(AA-),远期的到期,2026-02-25,0,4.4517,11,3,3Y
上海清算所城投债收益率曲线(AA-),远期的到期,2026-02-25,0,4.4498,11,2,2Y
上海清算所城投债收益率曲线(AA-),远期的到期,2026-02-25,0,4.4247,11,1,1Y
上海清算所城投债收益率曲线(AA-),远期的到期,2026-02-25,0,4.4442,12,3,3Y
上海清算所城投债收益率曲线(AA-),远期的到期,2026-02-25,0,4.4662,12,2,2Y
上海清算所城投债收益率曲线(AA-),远期的到期,2026-02-25,0,4.4761,12,1,1Y
上海清算所城投债收益率曲线(AA-),远期的到期,2026-02-25,0,4.4271,13,2,2Y
上海清算所城投债收益率曲线(AA-),远期的到期,2026-02-25,0,4.4558,13,1,1Y
上海清算所城投债收益率曲线(AA-),远期的到期,2026-02-25,0,4.3972,14,1,1Y
上海清算所城投债收益率曲线(AA-),远期的到期,2026-02-26,0,4.2492,1,14,14Y
上海清算所城投债收益率曲线(AA-),远期的到期,2026-02-26,0,4.2387,1,13,13Y
上海清算所城投债收益率曲线(AA-),远期的到期,2026-02-26,0,4.2224,1,12,12Y
上海清算所城投债收益率曲线(AA-),远期的到期,2026-02-26,0,4.2023,1,11,11Y
上海清算所城投债收益率曲线(AA-),远期的到期,2026-02-26,0,4.1833,1,10,10Y
上海清算所城投债收益率曲线(AA-),远期的到期,2026-02-26,0,4.1789,1,9,9Y
上海清算所城投债收益率曲线(AA-),远期的到期,2026-02-26,0,4.1126,1,8,8Y
上海清算所城投债收益率曲线(AA-),远期的到期,2026-02-26,0,4.0976,1,7,7Y
上海清算所城投债收益率曲线(AA-),远期的到期,2026-02-26,0,3.9966,1,6,6Y
上海清算所城投债收益率曲线(AA-),远期的到期,2026-02-26,0,3.7588,1,5,5Y
上海清算所城投债收益率曲线(AA-),远期的到期,2026-02-26,0,3.0123,1,4,4Y
上海清算所城投债收益率曲线(AA-),远期的到期,2026-02-26,0,2.836,1,3,3Y
上海清算所城投债收益率曲线(AA-),远期的到期,2026-02-26,0,2.4274,1,2,2Y
上海清算所城投债收益率曲线(AA-),远期的到期,2026-02-26,0,2.2343,1,1,1Y
上海清算所城投债收益率曲线(AA-),远期的到期,2026-02-26,0,4.4556,2,13,13Y
上海清算所城投债收益率曲线(AA-),远期的到期,2026-02-26,0,4.4565,2,12,12Y
上海清算所城投债收益率曲线(AA-),远期的到期,2026-02-26,0,4.4533,2,11,11Y
上海清算所城投债收益率曲线(AA-),远期的到期,2026-02-26,0,4.4485,2,10,10Y
上海清算所城投债收益率曲线(AA-),远期的到期,2026-02-26,0,4.4486,2,9,9Y
上海清算所城投债收益率曲线(AA-),远期的到期,2026-02-26,0,4.4702,2,8,8Y
上海清算所城投债收益率曲线(AA-),远期的到期,2026-02-26,0,4.427,2,7,7Y
上海清算所城投债收益率曲线(AA-),远期的到期,2026-02-26,0,4.4533,2,6,6Y
上海清算所城投债收益率曲线(AA-),远期的到期,2026-02-26,0,4.3907,2,5,5Y
上海清算所城投债收益率曲线(AA-),远期的到期,2026-02-26,0,4.1744,2,4,4Y
上海清算所城投债收益率曲线(AA-),远期的到期,2026-02-26,0,3.288,2,3,3Y
上海清算所城投债收益率曲线(AA-),远期的到期,2026-02-26,0,3.1503,2,2,2Y
上海清算所城投债收益率曲线(AA-),远期的到期,2026-02-26,0,2.6257,2,1,1Y
上海清算所城投债收益率曲线(AA-),远期的到期,2026-02-26,0,4.6584,3,12,12Y
上海清算所城投债收益率曲线(AA-),远期的到期,2026-02-26,0,4.6734,3,11,11Y
上海清算所城投债收益率曲线(AA-),远期的到期,2026-02-26,0,4.6865,3,10,10Y
上海清算所城投债收益率曲线(AA-),远期的到期,2026-02-26,0,4.7015,3,9,9Y
上海清算所城投债收益率曲线(AA-),远期的到期,2026-02-26,0,4.7272,3,8,8Y
上海清算所城投债收益率曲线(AA-),远期的到期,2026-02-26,0,4.7855,3,7,7Y
上海清算所城投债收益率曲线(AA-),远期的到期,2026-02-26,0,4.778,3,6,6Y
上海清算所城投债收益率曲线(AA-),远期的到期,2026-02-26,0,4.8709,3,5,5Y
上海清算所城投债收益率曲线(AA-),远期的到期,2026-02-26,0,4.8824,3,4,4Y
上海清算所城投债收益率曲线(AA-),远期的到期,2026-02-26,0,4.7346,3,3,3Y
上海清算所城投债收益率曲线(AA-),远期的到期,2026-02-26,0,3.6374,3,2,2Y
上海清算所城投债收益率曲线(AA-),远期的到期,2026-02-26,0,3.6944,3,1,1Y
上海清算所城投债收益率曲线(AA-),远期的到期,2026-02-26,0,4.7738,4,11,11Y
上海清算所城投债收益率曲线(AA-),远期的到期,2026-02-26,0,4.7997,4,10,10Y
上海清算所城投债收益率曲线(AA-),远期的到期,2026-02-26,0,4.8258,4,9,9Y
上海清算所城投债收益率曲线(AA-),远期的到期,2026-02-26,0,4.8572,4,8,8Y
上海清算所城投债收益率曲线(AA-),远期的到期,2026-02-26,0,4.9058,4,7,7Y
上海清算所城投债收益率曲线(AA-),远期的到期,2026-02-26,0,5.0008,4,6,6Y
上海清算所城投债收益率曲线(AA-),远期的到期,2026-02-26,0,5.0289,4,5,5Y
上海清算所城投债收益率曲线(AA-),远期的到期,2026-02-26,0,5.2035,4,4,4Y
上海清算所城投债收益率曲线(AA-),远期的到期,2026-02-26,0,5.3189,4,3,3Y
上海清算所城投债收益率曲线(AA-),远期的到期,2026-02-26,0,5.2919,4,2,2Y
上海清算所城投债收益率曲线(AA-),远期的到期,2026-02-26,0,3.5784,4,1,1Y
上海清算所城投债收益率曲线(AA-),远期的到期,2026-02-26,0,4.93,5,10,10Y
上海清算所城投债收益率曲线(AA-),远期的到期,2026-02-26,0,4.9734,5,9,9Y
上海清算所城投债收益率曲线(AA-),远期的到期,2026-02-26,0,5.0213,5,8,8Y
上海清算所城投债收益率曲线(AA-),远期的到期,2026-02-26,0,5.0815,5,7,7Y
上海清算所城投债收益率曲线(AA-),远期的到期,2026-02-26,0,5.1718,5,6,6Y
上海清算所城投债收益率曲线(AA-),远期的到期,2026-02-26,0,5.3356,5,5,5Y
上海清算所城投债收益率曲线(AA-),远期的到期,2026-02-26,0,5.4462,5,4,4Y
上海清算所城投债收益率曲线(AA-),远期的到期,2026-02-26,0,5.8134,5,3,3Y
上海清算所城投债收益率曲线(AA-),远期的到期,2026-02-26,0,6.2755,5,2,2Y
上海清算所城投债收益率曲线(AA-),远期的到期,2026-02-26,0,7.1276,5,1,1Y
上海清算所城投债收益率曲线(AA-),远期的到期,2026-02-26,0,4.6248,6,9,9Y
上海清算所城投债收益率曲线(AA-),远期的到期,2026-02-26,0,4.6436,6,8,8Y
上海清算所城投债收益率曲线(AA-),远期的到期,2026-02-26,0,4.6603,6,7,7Y
上海清算所城投债收益率曲线(AA-),远期的到期,2026-02-26,0,4.6809,6,6,6Y
上海清算所城投债收益率曲线(AA-),远期的到期,2026-02-26,0,4.7218,6,5,5Y
上海清算所城投债收益率曲线(AA-),远期的到期,2026-02-26,0,4.831,6,4,4Y
上海清算所城投债收益率曲线(AA-),远期的到期,2026-02-26,0,4.8287,6,3,3Y
上海清算所城投债收益率曲线(AA-),远期的到期,2026-02-26,0,5.1046,6,2,2Y
上海清算所城投债收益率曲线(AA-),远期的到期,2026-02-26,0,5.3776,6,1,1Y
上海清算所城投债收益率曲线(AA-),远期的到期,2026-02-26,0,4.5104,7,8,8Y
上海清算所城投债收益率曲线(AA-),远期的到期,2026-02-26,0,4.5188,7,7,7Y
上海清算所城投债收益率曲线(AA-),远期的到期,2026-02-26,0,4.521,7,6,6Y
上海清算所城投债收益率曲线(AA-),远期的到期,2026-02-26,0,4.5219,7,5,5Y
上海清算所城投债收益率曲线(AA-),远期的到期,2026-02-26,0,4.5385,7,4,4Y
上海清算所城投债收益率曲线(AA-),远期的到期,2026-02-26,0,4.6317,7,3,3Y
上海清算所城投债收益率曲线(AA-),远期的到期,2026-02-26,0,4.5351,7,2,2Y
上海清算所城投债收益率曲线(AA-),远期的到期,2026-02-26,0,4.8185,7,1,1Y
上海清算所城投债收益率曲线(AA-),远期的到期,2026-02-26,0,4.4583,8,7,7Y
上海清算所城投债收益率曲线(AA-),远期的到期,2026-02-26,0,4.4608,8,6,6Y
上海清算所城投债收益率曲线(AA-),远期的到期,2026-02-26,0,4.4533,8,5,5Y
上海清算所城投债收益率曲线(AA-),远期的到期,2026-02-26,0,4.4394,8,4,4Y
上海清算所城投债收益率曲线(AA-),远期的到期,2026-02-26,0,4.4368,8,3,3Y
上海清算所城投债收益率曲线(AA-),远期的到期,2026-02-26,0,4.532,8,2,2Y
上海清算所城投债收益率曲线(AA-),远期的到期,2026-02-26,0,4.2397,8,1,1Y
上海清算所城投债收益率曲线(AA-),远期的到期,2026-02-26,0,4.5007,9,6,6Y
上海清算所城投债收益率曲线(AA-),远期的到期,2026-02-26,0,4.5112,9,5,5Y
上海清算所城投债收益率曲线(AA-),远期的到期,2026-02-26,0,4.5129,9,4,4Y
上海清算所城投债收益率曲线(AA-),远期的到期,2026-02-26,0,4.5121,9,3,3Y
上海清算所城投债收益率曲线(AA-),远期的到期,2026-02-26,0,4.5423,9,2,2Y
上海清算所城投债收益率曲线(AA-),远期的到期,2026-02-26,0,4.8385,9,1,1Y
上海清算所城投债收益率曲线(AA-),远期的到期,2026-02-26,0,4.4239,10,5,5Y
上海清算所城投债收益率曲线(AA-),远期的到期,2026-02-26,0,4.4203,10,4,4Y
上海清算所城投债收益率曲线(AA-),远期的到期,2026-02-26,0,4.3948,10,3,3Y
上海清算所城投债收益率曲线(AA-),远期的到期,2026-02-26,0,4.3383,10,2,2Y
上海清算所城投债收益率曲线(AA-),远期的到期,2026-02-26,0,4.2336,10,1,1Y
上海清算所城投债收益率曲线(AA-),远期的到期,2026-02-26,0,4.477,11,4,4Y
上海清算所城投债收益率曲线(AA-),远期的到期,2026-02-26,0,4.4882,11,3,3Y
上海清算所城投债收益率曲线(AA-),远期的到期,2026-02-26,0,4.4809,11,2,2Y
上海清算所城投债收益率曲线(AA-),远期的到期,2026-02-26,0,4.4477,11,1,1Y
上海清算所城投债收益率曲线(AA-),远期的到期,2026-02-26,0,4.4876,12,3,3Y
上海清算所城投债收益率曲线(AA-),远期的到期,2026-02-26,0,4.5098,12,2,2Y
上海清算所城投债收益率曲线(AA-),远期的到期,2026-02-26,0,4.5155,12,1,1Y
上海清算所城投债收益率曲线(AA-),远期的到期,2026-02-26,0,4.4728,13,2,2Y
上海清算所城投债收益率曲线(AA-),远期的到期,2026-02-26,0,4.5038,13,1,1Y
上海清算所城投债收益率曲线(AA-),远期的到期,2026-02-26,0,4.4403,14,1,1Y
上海清算所城投债收益率曲线(AA-),远期的到期,2026-02-27,0,4.2701,1,14,14Y
上海清算所城投债收益率曲线(AA-),远期的到期,2026-02-27,0,4.2559,1,13,13Y
上海清算所城投债收益率曲线(AA-),远期的到期,2026-02-27,0,4.246,1,12,12Y
上海清算所城投债收益率曲线(AA-),远期的到期,2026-02-27,0,4.2286,1,11,11Y
上海清算所城投债收益率曲线(AA-),远期的到期,2026-02-27,0,4.2207,1,10,10Y
上海清算所城投债收益率曲线(AA-),远期的到期,2026-02-27,0,4.1818,1,9,9Y
上海清算所城投债收益率曲线(AA-),远期的到期,2026-02-27,0,4.1055,1,8,8Y
上海清算所城投债收益率曲线(AA-),远期的到期,2026-02-27,0,4.1203,1,7,7Y
上海清算所城投债收益率曲线(AA-),远期的到期,2026-02-27,0,4.0052,1,6,6Y
上海清算所城投债收益率曲线(AA-),远期的到期,2026-02-27,0,3.7341,1,5,5Y
上海清算所城投债收益率曲线(AA-),远期的到期,2026-02-27,0,3.0186,1,4,4Y
上海清算所城投债收益率曲线(AA-),远期的到期,2026-02-27,0,2.8585,1,3,3Y
上海清算所城投债收益率曲线(AA-),远期的到期,2026-02-27,0,2.437,1,2,2Y
上海清算所城投债收益率曲线(AA-),远期的到期,2026-02-27,0,2.2691,1,1,1Y
上海清算所城投债收益率曲线(AA-),远期的到期,2026-02-27,0,4.4751,2,13,13Y
上海清算所城投债收益率曲线(AA-),远期的到期,2026-02-27,0,4.4721,2,12,12Y
上海清算所城投债收益率曲线(AA-),远期的到期,2026-02-27,0,4.4757,2,11,11Y
上海清算所城投债收益率曲线(AA-),远期的到期,2026-02-27,0,4.4738,2,10,10Y
上海清算所城投债收益率曲线(AA-),远期的到期,2026-02-27,0,4.4863,2,9,9Y
上海清算所城投债收益率曲线(AA-),远期的到期,2026-02-27,0,4.4683,2,8,8Y
上海清算所城投债收益率曲线(AA-),远期的到期,2026-02-27,0,4.4128,2,7,7Y
上海清算所城投债收益率曲线(AA-),远期的到期,2026-02-27,0,4.4736,2,6,6Y
上海清算所城投债收益率曲线(AA-),远期的到期,2026-02-27,0,4.3934,2,5,5Y
上海清算所城投债收益率曲线(AA-),远期的到期,2026-02-27,0,4.1334,2,4,4Y
上海清算所城投债收益率曲线(AA-),远期的到期,2026-02-27,0,3.2843,2,3,3Y
上海清算所城投债收益率曲线(AA-),远期的到期,2026-02-27,0,3.1665,2,2,2Y
上海清算所城投债收益率曲线(AA-),远期的到期,2026-02-27,0,2.6094,2,1,1Y
上海清算所城投债收益率曲线(AA-),远期的到期,2026-02-27,0,4.6822,3,12,12Y
上海清算所城投债收益率曲线(AA-),远期的到期,2026-02-27,0,4.6929,3,11,11Y
上海清算所城投债收益率曲线(AA-),远期的到期,2026-02-27,0,4.7141,3,10,10Y
上海清算所城投债收益率曲线(AA-),远期的到期,2026-02-27,0,4.7328,3,9,9Y
上海清算所城投债收益率曲线(AA-),远期的到期,2026-02-27,0,4.7734,3,8,8Y
上海清算所城投债收益率曲线(AA-),远期的到期,2026-02-27,0,4.786,3,7,7Y
上海清算所城投债收益率曲线(AA-),远期的到期,2026-02-27,0,4.7643,3,6,6Y
上海清算所城投债收益率曲线(AA-),远期的到期,2026-02-27,0,4.8997,3,5,5Y
上海清算所城投债收益率曲线(AA-),远期的到期,2026-02-27,0,4.8903,3,4,4Y
上海清算所城投债收益率曲线(AA-),远期的到期,2026-02-27,0,4.6844,3,3,3Y
上海清算所城投债收益率曲线(AA-),远期的到期,2026-02-27,0,3.6404,3,2,2Y
上海清算所城投债收益率曲线(AA-),远期的到期,2026-02-27,0,3.7445,3,1,1Y
上海清算所城投债收益率曲线(AA-),远期的到期,2026-02-27,0,4.7945,4,11,11Y
上海清算所城投债收益率曲线(AA-),远期的到期,2026-02-27,0,4.8153,4,10,10Y
上海清算所城投债收益率曲线(AA-),远期的到期,2026-02-27,0,4.8502,4,9,9Y
上海清算所城投债收益率曲线(AA-),远期的到期,2026-02-27,0,4.8857,4,8,8Y
上海清算所城投债收益率曲线(AA-),远期的到期,2026-02-27,0,4.9513,4,7,7Y
上海清算所城投债收益率曲线(AA-),远期的到期,2026-02-27,0,4.9914,4,6,6Y
上海清算所城投债收益率曲线(AA-),远期的到期,2026-02-27,0,5.0002,4,5,5Y
上海清算所城投债收益率曲线(AA-),远期的到期,2026-02-27,0,5.2261,4,4,4Y
上海清算所城投债收益率曲线(AA-),远期的到期,2026-02-27,0,5.3109,4,3,3Y
上海清算所城投债收益率曲线(AA-),远期的到期,2026-02-27,0,5.1874,4,2,2Y
上海清算所城投债收益率曲线(AA-),远期的到期,2026-02-27,0,3.5327,4,1,1Y
上海清算所城投债收益率曲线(AA-),远期的到期,2026-02-27,0,4.9596,5,10,10Y
上海清算所城投债收益率曲线(AA-),远期的到期,2026-02-27,0,4.998,5,9,9Y
上海清算所城投债收益率曲线(AA-),远期的到期,2026-02-27,0,5.0569,5,8,8Y
上海清算所城投债收益率曲线(AA-),远期的到期,2026-02-27,0,5.1232,5,7,7Y
上海清算所城投债收益率曲线(AA-),远期的到期,2026-02-27,0,5.2357,5,6,6Y
上海清算所城投债收益率曲线(AA-),远期的到期,2026-02-27,0,5.3348,5,5,5Y
上海清算所城投债收益率曲线(AA-),远期的到期,2026-02-27,0,5.4224,5,4,4Y
上海清算所城投债收益率曲线(AA-),远期的到期,2026-02-27,0,5.8617,5,3,3Y
上海清算所城投债收益率曲线(AA-),远期的到期,2026-02-27,0,6.2877,5,2,2Y
上海清算所城投债收益率曲线(AA-),远期的到期,2026-02-27,0,6.9572,5,1,1Y
上海清算所城投债收益率曲线(AA-),远期的到期,2026-02-27,0,4.6812,6,9,9Y
上海清算所城投债收益率曲线(AA-),远期的到期,2026-02-27,0,4.6971,6,8,8Y
上海清算所城投债收益率曲线(AA-),远期的到期,2026-02-27,0,4.7303,6,7,7Y
上海清算所城投债收益率曲线(AA-),远期的到期,2026-02-27,0,4.763,6,6,6Y
上海清算所城投债收益率曲线(AA-),远期的到期,2026-02-27,0,4.8386,6,5,5Y
上海清算所城投债收益率曲线(AA-),远期的到期,2026-02-27,0,4.877,6,4,4Y
上海清算所城投债收益率曲线(AA-),远期的到期,2026-02-27,0,4.8576,6,3,3Y
上海清算所城投债收益率曲线(AA-),远期的到期,2026-02-27,0,5.2694,6,2,2Y
上海清算所城投债收益率曲线(AA-),远期的到期,2026-02-27,0,5.5808,6,1,1Y
上海清算所城投债收益率曲线(AA-),远期的到期,2026-02-27,0,4.5444,7,8,8Y
上海清算所城投债收益率曲线(AA-),远期的到期,2026-02-27,0,4.5466,7,7,7Y
上海清算所城投债收益率曲线(AA-),远期的到期,2026-02-27,0,4.5649,7,6,6Y
上海清算所城投债收益率曲线(AA-),远期的到期,2026-02-27,0,4.5762,7,5,5Y
上海清算所城投债收益率曲线(AA-),远期的到期,2026-02-27,0,4.6311,7,4,4Y
上海清算所城投债收益率曲线(AA-),远期的到期,2026-02-27,0,4.6205,7,3,3Y
上海清算所城投债收益率曲线(AA-),远期的到期,2026-02-27,0,4.4708,7,2,2Y
上海清算所城投债收益率曲线(AA-),远期的到期,2026-02-27,0,4.9426,7,1,1Y
上海清算所城投债收益率曲线(AA-),远期的到期,2026-02-27,0,4.4769,8,7,7Y
上海清算所城投债收益率曲线(AA-),远期的到期,2026-02-27,0,4.47,8,6,6Y
上海清算所城投债收益率曲线(AA-),远期的到期,2026-02-27,0,4.479,8,5,5Y
上海清算所城投债收益率曲线(AA-),远期的到期,2026-02-27,0,4.4742,8,4,4Y
上海清算所城投债收益率曲线(AA-),远期的到期,2026-02-27,0,4.518,8,3,3Y
上海清算所城投债收益率曲线(AA-),远期的到期,2026-02-27,0,4.4489,8,2,2Y
上海清算所城投债收益率曲线(AA-),远期的到期,2026-02-27,0,3.9801,8,1,1Y
上海清算所城投债收益率曲线(AA-),远期的到期,2026-02-27,0,4.5736,9,6,6Y
上海清算所城投债收益率曲线(AA-),远期的到期,2026-02-27,0,4.5821,9,5,5Y
上海清算所城投债收益率曲线(AA-),远期的到期,2026-02-27,0,4.6187,9,4,4Y
上海清算所城投债收益率曲线(AA-),远期的到期,2026-02-27,0,4.6548,9,3,3Y
上海清算所城投债收益率曲线(AA-),远期的到期,2026-02-27,0,4.8066,9,2,2Y
上海清算所城投债收益率曲线(AA-),远期的到期,2026-02-27,0,4.9409,9,1,1Y
上海清算所城投债收益率曲线(AA-),远期的到期,2026-02-27,0,4.4899,10,5,5Y
上海清算所城投债收益率曲线(AA-),远期的到期,2026-02-27,0,4.482,10,4,4Y
上海清算所城投债收益率曲线(AA-),远期的到期,2026-02-27,0,4.5014,10,3,3Y
上海清算所城投债收益率曲线(AA-),远期的到期,2026-02-27,0,4.5019,10,2,2Y
上海清算所城投债收益率曲线(AA-),远期的到期,2026-02-27,0,4.666,10,1,1Y
上海清算所城投债收益率曲线(AA-),远期的到期,2026-02-27,0,4.441,11,4,4Y
上海清算所城投债收益率曲线(AA-),远期的到期,2026-02-27,0,4.4152,11,3,3Y
上海清算所城投债收益率曲线(AA-),远期的到期,2026-02-27,0,4.4136,11,2,2Y
上海清算所城投债收益率曲线(AA-),远期的到期,2026-02-27,0,4.3307,11,1,1Y
上海清算所城投债收益率曲线(AA-),远期的到期,2026-02-27,0,4.481,12,3,3Y
上海清算所城投债收益率曲线(AA-),远期的到期,2026-02-27,0,4.4603,12,2,2Y
上海清算所城投债收益率曲线(AA-),远期的到期,2026-02-27,0,4.5001,12,1,1Y
上海清算所城投债收益率曲线(AA-),远期的到期,2026-02-27,0,4.4709,13,2,2Y
上海清算所城投债收益率曲线(AA-),远期的到期,2026-02-27,0,4.4187,13,1,1Y
上海清算所城投债收益率曲线(AA-),远期的到期,2026-02-27,0,4.5254,14,1,1Y
上海清算所城投债收益率曲线(AA-),远期的到期,2026-02-28,0,4.2548,1,14,14Y
上海清算所城投债收益率曲线(AA-),远期的到期,2026-02-28,0,4.2388,1,13,13Y
上海清算所城投债收益率曲线(AA-),远期的到期,2026-02-28,0,4.2282,1,12,12Y
上海清算所城投债收益率曲线(AA-),远期的到期,2026-02-28,0,4.2112,1,11,11Y
上海清算所城投债收益率曲线(AA-),远期的到期,2026-02-28,0,4.2046,1,10,10Y
上海清算所城投债收益率曲线(AA-),远期的到期,2026-02-28,0,4.1676,1,9,9Y
上海清算所城投债收益率曲线(AA-),远期的到期,2026-02-28,0,4.0939,1,8,8Y
上海清算所城投债收益率曲线(AA-),远期的到期,2026-02-28,0,4.1116,1,7,7Y
上海清算所城投债收益率曲线(AA-),远期的到期,2026-02-28,0,3.9988,1,6,6Y
上海清算所城投债收益率曲线(AA-),远期的到期,2026-02-28,0,3.7262,1,5,5Y
上海清算所城投债收益率曲线(AA-),远期的到期,2026-02-28,0,3.0084,1,4,4Y
上海清算所城投债收益率曲线(AA-),远期的到期,2026-02-28,0,2.8509,1,3,3Y
上海清算所城投债收益率曲线(AA-),远期的到期,2026-02-28,0,2.4331,1,2,2Y
上海清算所城投债收益率曲线(AA-),远期的到期,2026-02-28,0,2.2658,1,1,1Y
上海清算所城投债收益率曲线(AA-),远期的到期,2026-02-28,0,4.4585,2,13,13Y
上海清算所城投债收益率曲线(AA-),远期的到期,2026-02-28,0,4.4532,2,12,12Y
上海清算所城投债收益率曲线(AA-),远期的到期,2026-02-28,0,4.456,2,11,11Y
上海清算所城投债收益率曲线(AA-),远期的到期,2026-02-28,0,4.4546,2,10,10Y
上海清算所城投债收益率曲线(AA-),远期的到期,2026-02-28,0,4.4683,2,9,9Y
上海清算所城投债收益率曲线(AA-),远期的到期,2026-02-28,0,4.4523,2,8,8Y
上海清算所城投债收益率曲线(AA-),远期的到期,2026-02-28,0,4.3997,2,7,7Y
上海清算所城投债收益率曲线(AA-),远期的到期,2026-02-28,0,4.4639,2,6,6Y
上海清算所城投债收益率曲线(AA-),远期的到期,2026-02-28,0,4.3861,2,5,5Y
上海清算所城投债收益率曲线(AA-),远期的到期,2026-02-28,0,4.1241,2,4,4Y
上海清算所城投债收益率曲线(AA-),远期的到期,2026-02-28,0,3.2715,2,3,3Y
上海清算所城投债收益率曲线(AA-),远期的到期,2026-02-28,0,3.1565,2,2,2Y
上海清算所城投债收益率曲线(AA-),远期的到期,2026-02-28,0,2.6048,2,1,1Y
上海清算所城投债收益率曲线(AA-),远期的到期,2026-02-28,0,4.664,3,12,12Y
上海清算所城投债收益率曲线(AA-),远期的到期,2026-02-28,0,4.6722,3,11,11Y
上海清算所城投债收益率曲线(AA-),远期的到期,2026-02-28,0,4.6923,3,10,10Y
上海清算所城投债收益率曲线(AA-),远期的到期,2026-02-28,0,4.7113,3,9,9Y
上海清算所城投债收益率曲线(AA-),远期的到期,2026-02-28,0,4.7532,3,8,8Y
上海清算所城投债收益率曲线(AA-),远期的到期,2026-02-28,0,4.7679,3,7,7Y
上海清算所城投债收益率曲线(AA-),远期的到期,2026-02-28,0,4.7494,3,6,6Y
上海清算所城投债收益率曲线(AA-),远期的到期,2026-02-28,0,4.8886,3,5,5Y
上海清算所城投债收益率曲线(AA-),远期的到期,2026-02-28,0,4.8822,3,4,4Y
上海清算所城投债收益率曲线(AA-),远期的到期,2026-02-28,0,4.6733,3,3,3Y
上海清算所城投债收益率曲线(AA-),远期的到期,2026-02-28,0,3.6232,3,2,2Y
上海清算所城投债收益率曲线(AA-),远期的到期,2026-02-28,0,3.7288,3,1,1Y
上海清算所城投债收益率曲线(AA-),远期的到期,2026-02-28,0,4.7759,4,11,11Y
上海清算所城投债收益率曲线(AA-),远期的到期,2026-02-28,0,4.7938,4,10,10Y
上海清算所城投债收益率曲线(AA-),远期的到期,2026-02-28,0,4.8275,4,9,9Y
上海清算所城投债收益率曲线(AA-),远期的到期,2026-02-28,0,4.8632,4,8,8Y
上海清算所城投债收益率曲线(AA-),远期的到期,2026-02-28,0,4.9302,4,7,7Y
上海清算所城投债收益率曲线(AA-),远期的到期,2026-02-28,0,4.9728,4,6,6Y
上海清算所城投债收益率曲线(AA-),远期的到期,2026-02-28,0,4.9854,4,5,5Y
上海清算所城投债收益率曲线(AA-),远期的到期,2026-02-28,0,5.2163,4,4,4Y
上海清算所城投债收益率曲线(AA-),远期的到期,2026-02-28,0,5.3055,4,3,3Y
上海清算所城投债收益率曲线(AA-),远期的到期,2026-02-28,0,5.1786,4,2,2Y
上海清算所城投债收益率曲线(AA-),远期的到期,2026-02-28,0,3.514,4,1,1Y
上海清算所城投债收益率曲线(AA-),远期的到期,2026-02-28,0,4.9408,5,10,10Y
上海清算所城投债收益率曲线(AA-),远期的到期,2026-02-28,0,4.9759,5,9,9Y
上海清算所城投债收益率曲线(AA-),远期的到期,2026-02-28,0,5.0334,5,8,8Y
上海清算所城投债收益率曲线(AA-),远期的到期,2026-02-28,0,5.0999,5,7,7Y
上海清算所城投债收益率曲线(AA-),远期的到期,2026-02-28,0,5.214,5,6,6Y
上海清算所城投债收益率曲线(AA-),远期的到期,2026-02-28,0,5.316,5,5,5Y
上海清算所城投债收益率曲线(AA-),远期的到期,2026-02-28,0,5.4086,5,4,4Y
上海清算所城投债收益率曲线(AA-),远期的到期,2026-02-28,0,5.8551,5,3,3Y
上海清算所城投债收益率曲线(AA-),远期的到期,2026-02-28,0,6.2897,5,2,2Y
上海清算所城投债收益率曲线(AA-),远期的到期,2026-02-28,0,6.9591,5,1,1Y
上海清算所城投债收益率曲线(AA-),远期的到期,2026-02-28,0,4.6599,6,9,9Y
上海清算所城投债收益率曲线(AA-),远期的到期,2026-02-28,0,4.6716,6,8,8Y
上海清算所城投债收益率曲线(AA-),远期的到期,2026-02-28,0,4.7027,6,7,7Y
上海清算所城投债收益率曲线(AA-),远期的到期,2026-02-28,0,4.7351,6,6,6Y
上海清算所城投债收益率曲线(AA-),远期的到期,2026-02-28,0,4.8116,6,5,5Y
上海清算所城投债收益率曲线(AA-),远期的到期,2026-02-28,0,4.8527,6,4,4Y
上海清算所城投债收益率曲线(AA-),远期的到期,2026-02-28,0,4.8382,6,3,3Y
上海清算所城投债收益率曲线(AA-),远期的到期,2026-02-28,0,5.2584,6,2,2Y
上海清算所城投债收益率曲线(AA-),远期的到期,2026-02-28,0,5.5829,6,1,1Y
上海清算所城投债收益率曲线(AA-),远期的到期,2026-02-28,0,4.5197,7,8,8Y
上海清算所城投债收益率曲线(AA-),远期的到期,2026-02-28,0,4.5167,7,7,7Y
上海清算所城投债收益率曲线(AA-),远期的到期,2026-02-28,0,4.5317,7,6,6Y
上海清算所城投债收益率曲线(AA-),远期的到期,2026-02-28,0,4.5415,7,5,5Y
上海清算所城投债收益率曲线(AA-),远期的到期,2026-02-28,0,4.5962,7,4,4Y
上海清算所城投债收益率曲线(AA-),远期的到期,2026-02-28,0,4.5866,7,3,3Y
上海清算所城投债收益率曲线(AA-),远期的到期,2026-02-28,0,4.4401,7,2,2Y
上海清算所城投债收益率曲线(AA-),远期的到期,2026-02-28,0,4.9179,7,1,1Y
上海清算所城投债收益率曲线(AA-),远期的到期,2026-02-28,0,4.4523,8,7,7Y
上海清算所城投债收益率曲线(AA-),远期的到期,2026-02-28,0,4.4391,8,6,6Y
上海清算所城投债收益率曲线(AA-),远期的到期,2026-02-28,0,4.4439,8,5,5Y
上海清算所城投债收益率曲线(AA-),远期的到期,2026-02-28,0,4.4369,8,4,4Y
上海清算所城投债收益率曲线(AA-),远期的到期,2026-02-28,0,4.4794,8,3,3Y
上海清算所城投债收益率曲线(AA-),远期的到期,2026-02-28,0,4.4103,8,2,2Y
上海清算所城投债收益率曲线(AA-),远期的到期,2026-02-28,0,3.9434,8,1,1Y
上海清算所城投债收益率曲线(AA-),远期的到期,2026-02-28,0,4.5513,9,6,6Y
上海清算所城投债收益率曲线(AA-),远期的到期,2026-02-28,0,4.5524,9,5,5Y
上海清算所城投债收益率曲线(AA-),远期的到期,2026-02-28,0,4.5839,9,4,4Y
上海清算所城投债收益率曲线(AA-),远期的到期,2026-02-28,0,4.6171,9,3,3Y
上海清算所城投债收益率曲线(AA-),远期的到期,2026-02-28,0,4.7669,9,2,2Y
上海清算所城投债收益率曲线(AA-),远期的到期,2026-02-28,0,4.9001,9,1,1Y
上海清算所城投债收益率曲线(AA-),远期的到期,2026-02-28,0,4.4718,10,5,5Y
上海清算所城投债收益率曲线(AA-),远期的到期,2026-02-28,0,4.4555,10,4,4Y
上海清算所城投债收益率曲线(AA-),远期的到期,2026-02-28,0,4.4689,10,3,3Y
上海清算所城投债收益率曲线(AA-),远期的到期,2026-02-28,0,4.4659,10,2,2Y
上海清算所城投债收益率曲线(AA-),远期的到期,2026-02-28,0,4.6276,10,1,1Y
上海清算所城投债收益率曲线(AA-),远期的到期,2026-02-28,0,4.4285,11,4,4Y
上海清算所城投债收益率曲线(AA-),远期的到期,2026-02-28,0,4.3931,11,3,3Y
上海清算所城投债收益率曲线(AA-),远期的到期,2026-02-28,0,4.3843,11,2,2Y
上海清算所城投债收益率曲线(AA-),远期的到期,2026-02-28,0,4.2973,11,1,1Y
上海清算所城投债收益率曲线(AA-),远期的到期,2026-02-28,0,4.4763,12,3,3Y
上海清算所城投债收益率曲线(AA-),远期的到期,2026-02-28,0,4.4442,12,2,2Y
上海清算所城投债收益率曲线(AA-),远期的到期,2026-02-28,0,4.4753,12,1,1Y
上海清算所城投债收益率曲线(AA-),远期的到期,2026-02-28,0,4.4768,13,2,2Y
上海清算所城投债收益率曲线(AA-),远期的到期,2026-02-28,0,4.4117,13,1,1Y
上海清算所城投债收益率曲线(AA-),远期的到期,2026-02-28,0,4.5448,14,1,1Y
上海清算所城投债收益率曲线(AA-),远期的到期,2026-03-02,0,4.2444,1,14,14Y
上海清算所城投债收益率曲线(AA-),远期的到期,2026-03-02,0,4.2328,1,13,13Y
上海清算所城投债收益率曲线(AA-),远期的到期,2026-03-02,0,4.2215,1,12,12Y
上海清算所城投债收益率曲线(AA-),远期的到期,2026-03-02,0,4.2097,1,11,11Y
上海清算所城投债收益率曲线(AA-),远期的到期,2026-03-02,0,4.1964,1,10,10Y
上海清算所城投债收益率曲线(AA-),远期的到期,2026-03-02,0,4.181,1,9,9Y
上海清算所城投债收益率曲线(AA-),远期的到期,2026-03-02,0,4.1394,1,8,8Y
上海清算所城投债收益率曲线(AA-),远期的到期,2026-03-02,0,4.0752,1,7,7Y
上海清算所城投债收益率曲线(AA-),远期的到期,2026-03-02,0,4.0165,1,6,6Y
上海清算所城投债收益率曲线(AA-),远期的到期,2026-03-02,0,3.6813,1,5,5Y
上海清算所城投债收益率曲线(AA-),远期的到期,2026-03-02,0,3.0434,1,4,4Y
上海清算所城投债收益率曲线(AA-),远期的到期,2026-03-02,0,2.7971,1,3,3Y
上海清算所城投债收益率曲线(AA-),远期的到期,2026-03-02,0,2.4756,1,2,2Y
上海清算所城投债收益率曲线(AA-),远期的到期,2026-03-02,0,2.2913,1,1,1Y
上海清算所城投债收益率曲线(AA-),远期的到期,2026-03-02,0,4.4443,2,13,13Y
上海清算所城投债收益率曲线(AA-),远期的到期,2026-03-02,0,4.4437,2,12,12Y
上海清算所城投债收益率曲线(AA-),远期的到期,2026-03-02,0,4.4456,2,11,11Y
上海清算所城投债收益率曲线(AA-),远期的到期,2026-03-02,0,4.4496,2,10,10Y
上海清算所城投债收益率曲线(AA-),远期的到期,2026-03-02,0,4.4555,2,9,9Y
上海清算所城投债收益率曲线(AA-),远期的到期,2026-03-02,0,4.4639,2,8,8Y
上海清算所城投债收益率曲线(AA-),远期的到期,2026-03-02,0,4.4486,2,7,7Y
上海清算所城投债收益率曲线(AA-),远期的到期,2026-03-02,0,4.4154,2,6,6Y
上海清算所城投债收益率曲线(AA-),远期的到期,2026-03-02,0,4.4019,2,5,5Y
上海清算所城投债收益率曲线(AA-),远期的到期,2026-03-02,0,4.0597,2,4,4Y
上海清算所城投债收益率曲线(AA-),远期的到期,2026-03-02,0,3.31,2,3,3Y
上海清算所城投债收益率曲线(AA-),远期的到期,2026-03-02,0,3.0611,2,2,2Y
上海清算所城投债收益率曲线(AA-),远期的到期,2026-03-02,0,2.6648,2,1,1Y
上海清算所城投债收益率曲线(AA-),远期的到期,2026-03-02,0,4.6413,3,12,12Y
上海清算所城投债收益率曲线(AA-),远期的到期,2026-03-02,0,4.6542,3,11,11Y
上海清算所城投债收益率曲线(AA-),远期的到期,2026-03-02,0,4.6727,3,10,10Y
上海清算所城投债收益率曲线(AA-),远期的到期,2026-03-02,0,4.6971,3,9,9Y
上海清算所城投债收益率曲线(AA-),远期的到期,2026-03-02,0,4.7289,3,8,8Y
上海清算所城投债收益率曲线(AA-),远期的到期,2026-03-02,0,4.771,3,7,7Y
上海清算所城投债收益率曲线(AA-),远期的到期,2026-03-02,0,4.7958,3,6,6Y
上海清算所城投债收益率曲线(AA-),远期的到期,2026-03-02,0,4.8147,3,5,5Y
上海清算所城投债收益率曲线(AA-),远期的到期,2026-03-02,0,4.8851,3,4,4Y
上海清算所城投债收益率曲线(AA-),远期的到期,2026-03-02,0,4.5632,3,3,3Y
上海清算所城投债收益率曲线(AA-),远期的到期,2026-03-02,0,3.65,3,2,2Y
上海清算所城投债收益率曲线(AA-),远期的到期,2026-03-02,0,3.4712,3,1,1Y
上海清算所城投债收益率曲线(AA-),远期的到期,2026-03-02,0,4.7815,4,11,11Y
上海清算所城投债收益率曲线(AA-),远期的到期,2026-03-02,0,4.807,4,10,10Y
上海清算所城投债收益率曲线(AA-),远期的到期,2026-03-02,0,4.8415,4,9,9Y
上海清算所城投债收益率曲线(AA-),远期的到期,2026-03-02,0,4.8869,4,8,8Y
上海清算所城投债收益率曲线(AA-),远期的到期,2026-03-02,0,4.9467,4,7,7Y
上海清算所城投债收益率曲线(AA-),远期的到期,2026-03-02,0,5.0278,4,6,6Y
上海清算所城投债收益率曲线(AA-),远期的到期,2026-03-02,0,5.1027,4,5,5Y
上海清算所城投债收益率曲线(AA-),远期的到期,2026-03-02,0,5.1946,4,4,4Y
上海清算所城投债收益率曲线(AA-),远期的到期,2026-03-02,0,5.4049,4,3,3Y
上海清算所城投债收益率曲线(AA-),远期的到期,2026-03-02,0,5.1481,4,2,2Y
上海清算所城投债收益率曲线(AA-),远期的到期,2026-03-02,0,3.8358,4,1,1Y
上海清算所城投债收益率曲线(AA-),远期的到期,2026-03-02,0,4.9049,5,10,10Y
上海清算所城投债收益率曲线(AA-),远期的到期,2026-03-02,0,4.945,5,9,9Y
上海清算所城投债收益率曲线(AA-),远期的到期,2026-03-02,0,4.999,5,8,8Y
上海清算所城投债收益率曲线(AA-),远期的到期,2026-03-02,0,5.0711,5,7,7Y
上海清算所城投债收益率曲线(AA-),远期的到期,2026-03-02,0,5.169,5,6,6Y
上海清算所城投债收益率曲线(AA-),远期的到期,2026-03-02,0,5.3079,5,5,5Y
上海清算所城投债收益率曲线(AA-),远期的到期,2026-03-02,0,5.4666,5,4,4Y
上海清算所城投债收益率曲线(AA-),远期的到期,2026-03-02,0,5.7032,5,3,3Y
上海清算所城投债收益率曲线(AA-),远期的到期,2026-03-02,0,6.2651,5,2,2Y
上海清算所城投债收益率曲线(AA-),远期的到期,2026-03-02,0,6.5464,5,1,1Y
上海清算所城投债收益率曲线(AA-),远期的到期,2026-03-02,0,4.6759,6,9,9Y
上海清算所城投债收益率曲线(AA-),远期的到期,2026-03-02,0,4.6986,6,8,8Y
上海清算所城投债收益率曲线(AA-),远期的到期,2026-03-02,0,4.7325,6,7,7Y
上海清算所城投债收益率曲线(AA-),远期的到期,2026-03-02,0,4.7807,6,6,6Y
上海清算所城投债收益率曲线(AA-),远期的到期,2026-03-02,0,4.8505,6,5,5Y
上海清算所城投债收益率曲线(AA-),远期的到期,2026-03-02,0,4.9575,6,4,4Y
上海清算所城投债收益率曲线(AA-),远期的到期,2026-03-02,0,5.068,6,3,3Y
上海清算所城投债收益率曲线(AA-),远期的到期,2026-03-02,0,5.2466,6,2,2Y
上海清算所城投债收益率曲线(AA-),远期的到期,2026-03-02,0,5.9669,6,1,1Y
上海清算所城投债收益率曲线(AA-),远期的到期,2026-03-02,0,4.4801,7,8,8Y
上海清算所城投债收益率曲线(AA-),远期的到期,2026-03-02,0,4.4833,7,7,7Y
上海清算所城投债收益率曲线(AA-),远期的到期,2026-03-02,0,4.4929,7,6,6Y
上海清算所城投债收益率曲线(AA-),远期的到期,2026-03-02,0,4.5102,7,5,5Y
上海清算所城投债收益率曲线(AA-),远期的到期,2026-03-02,0,4.5389,7,4,4Y
上海清算所城投债收益率曲线(AA-),远期的到期,2026-03-02,0,4.5898,7,3,3Y
上海清算所城投债收益率曲线(AA-),远期的到期,2026-03-02,0,4.5876,7,2,2Y
上海清算所城投债收益率曲线(AA-),远期的到期,2026-03-02,0,4.494,7,1,1Y
上海清算所城投债收益率曲线(AA-),远期的到期,2026-03-02,0,4.4777,8,7,7Y
上海清算所城投债收益率曲线(AA-),远期的到期,2026-03-02,0,4.4812,8,6,6Y
上海清算所城投债收益率曲线(AA-),远期的到期,2026-03-02,0,4.4927,8,5,5Y
上海清算所城投债收益率曲线(AA-),远期的到期,2026-03-02,0,4.5147,8,4,4Y
上海清算所城投债收益率曲线(AA-),远期的到期,2026-03-02,0,4.5552,8,3,3Y
上海清算所城投债收益率曲线(AA-),远期的到期,2026-03-02,0,4.641,8,2,2Y
上海清算所城投债收益率曲线(AA-),远期的到期,2026-03-02,0,4.6856,8,1,1Y
上海清算所城投债收益率曲线(AA-),远期的到期,2026-03-02,0,4.4375,9,6,6Y
上海清算所城投债收益率曲线(AA-),远期的到期,2026-03-02,0,4.4347,9,5,5Y
上海清算所城投债收益率曲线(AA-),远期的到期,2026-03-02,0,4.439,9,4,4Y
上海清算所城投债收益率曲线(AA-),远期的到期,2026-03-02,0,4.4526,9,3,3Y
上海清算所城投债收益率曲线(AA-),远期的到期,2026-03-02,0,4.4856,9,2,2Y
上海清算所城投债收益率曲线(AA-),远期的到期,2026-03-02,0,4.5944,9,1,1Y
上海清算所城投债收益率曲线(AA-),远期的到期,2026-03-02,0,4.4018,10,5,5Y
上海清算所城投债收益率曲线(AA-),远期的到期,2026-03-02,0,4.3903,10,4,4Y
上海清算所城投债收益率曲线(AA-),远期的到期,2026-03-02,0,4.3826,10,3,3Y
上海清算所城投债收益率曲线(AA-),远期的到期,2026-03-02,0,4.377,10,2,2Y
上海清算所城投债收益率曲线(AA-),远期的到期,2026-03-02,0,4.3721,10,1,1Y
上海清算所城投债收益率曲线(AA-),远期的到期,2026-03-02,0,4.4101,11,4,4Y
上海清算所城投债收益率曲线(AA-),远期的到期,2026-03-02,0,4.397,11,3,3Y
上海清算所城投债收益率曲线(AA-),远期的到期,2026-03-02,0,4.3882,11,2,2Y
上海清算所城投债收益率曲线(AA-),远期的到期,2026-03-02,0,4.3822,11,1,1Y
上海清算所城投债收益率曲线(AA-),远期的到期,2026-03-02,0,4.4203,12,3,3Y
上海清算所城投债收益率曲线(AA-),远期的到期,2026-03-02,0,4.4048,12,2,2Y
上海清算所城投债收益率曲线(AA-),远期的到期,2026-03-02,0,4.3944,12,1,1Y
上海清算所城投债收益率曲线(AA-),远期的到期,2026-03-02,0,4.4341,13,2,2Y
上海清算所城投债收益率曲线(AA-),远期的到期,2026-03-02,0,4.4157,13,1,1Y
上海清算所城投债收益率曲线(AA-),远期的到期,2026-03-02,0,4.4533,14,1,1Y
上海清算所城投债收益率曲线(AA-),远期的到期,2026-03-03,0,4.256,1,14,14Y
上海清算所城投债收益率曲线(AA-),远期的到期,2026-03-03,0,4.2454,1,13,13Y
上海清算所城投债收益率曲线(AA-),远期的到期,2026-03-03,0,4.235,1,12,12Y
上海清算所城投债收益率曲线(AA-),远期的到期,2026-03-03,0,4.2237,1,11,11Y
上海清算所城投债收益率曲线(AA-),远期的到期,2026-03-03,0,4.2107,1,10,10Y
上海清算所城投债收益率曲线(AA-),远期的到期,2026-03-03,0,4.195,1,9,9Y
上海清算所城投债收益率曲线(AA-),远期的到期,2026-03-03,0,4.1469,1,8,8Y
上海清算所城投债收益率曲线(AA-),远期的到期,2026-03-03,0,4.0668,1,7,7Y
上海清算所城投债收益率曲线(AA-),远期的到期,2026-03-03,0,4.0057,1,6,6Y
上海清算所城投债收益率曲线(AA-),远期的到期,2026-03-03,0,3.6724,1,5,5Y
上海清算所城投债收益率曲线(AA-),远期的到期,2026-03-03,0,3.0387,1,4,4Y
上海清算所城投债收益率曲线(AA-),远期的到期,2026-03-03,0,2.7873,1,3,3Y
上海清算所城投债收益率曲线(AA-),远期的到期,2026-03-03,0,2.4786,1,2,2Y
上海清算所城投债收益率曲线(AA-),远期的到期,2026-03-03,0,2.2806,1,1,1Y
上海清算所城投债收益率曲线(AA-),远期的到期,2026-03-03,0,4.4583,2,13,13Y
上海清算所城投债收益率曲线(AA-),远期的到期,2026-03-03,0,4.459,2,12,12Y
上海清算所城投债收益率曲线(AA-),远期的到期,2026-03-03,0,4.462,2,11,11Y
上海清算所城投债收益率曲线(AA-),远期的到期,2026-03-03,0,4.4668,2,10,10Y
上海清算所城投债收益率曲线(AA-),远期的到期,2026-03-03,0,4.4733,2,9,9Y
上海清算所城投债收益率曲线(AA-),远期的到期,2026-03-03,0,4.4817,2,8,8Y
上海清算所城投债收益率曲线(AA-),远期的到期,2026-03-03,0,4.4591,2,7,7Y
上海清算所城投债收益率曲线(AA-),远期的到期,2026-03-03,0,4.4073,2,6,6Y
上海清算所城投债收益率曲线(AA-),远期的到期,2026-03-03,0,4.3911,2,5,5Y
上海清算所城投债收益率曲线(AA-),远期的到期,2026-03-03,0,4.0513,2,4,4Y
上海清算所城投债收益率曲线(AA-),远期的到期,2026-03-03,0,3.3073,2,3,3Y
上海清算所城投债收益率曲线(AA-),远期的到期,2026-03-03,0,3.0519,2,2,2Y
上海清算所城投债收益率曲线(AA-),远期的到期,2026-03-03,0,2.682,2,1,1Y
上海清算所城投债收益率曲线(AA-),远期的到期,2026-03-03,0,4.6551,3,12,12Y
上海清算所城投债收益率曲线(AA-),远期的到期,2026-03-03,0,4.6693,3,11,11Y
上海清算所城投债收益率曲线(AA-),远期的到期,2026-03-03,0,4.689,3,10,10Y
上海清算所城投债收益率曲线(AA-),远期的到期,2026-03-03,0,4.7145,3,9,9Y
上海清算所城投债收益率曲线(AA-),远期的到期,2026-03-03,0,4.7468,3,8,8Y
上海清算所城投债收益率曲线(AA-),远期的到期,2026-03-03,0,4.7888,3,7,7Y
上海清算所城投债收益率曲线(AA-),远期的到期,2026-03-03,0,4.8048,3,6,6Y
上海清算所城投债收益率曲线(AA-),远期的到期,2026-03-03,0,4.8007,3,5,5Y
上海清算所城投债收益率曲线(AA-),远期的到期,2026-03-03,0,4.8663,3,4,4Y
上海清算所城投债收益率曲线(AA-),远期的到期,2026-03-03,0,4.5453,3,3,3Y
上海清算所城投债收益率曲线(AA-),远期的到期,2026-03-03,0,3.6367,3,2,2Y
上海清算所城投债收益率曲线(AA-),远期的到期,2026-03-03,0,3.4345,3,1,1Y
上海清算所城投债收益率曲线(AA-),远期的到期,2026-03-03,0,4.8015,4,11,11Y
上海清算所城投债收益率曲线(AA-),远期的到期,2026-03-03,0,4.829,4,10,10Y
上海清算所城投债收益率曲线(AA-),远期的到期,2026-03-03,0,4.8655,4,9,9Y
上海清算所城投债收益率曲线(AA-),远期的到期,2026-03-03,0,4.9127,4,8,8Y
上海清算所城投债收益率曲线(AA-),远期的到期,2026-03-03,0,4.9741,4,7,7Y
上海清算所城投债收益率曲线(AA-),远期的到期,2026-03-03,0,5.0565,4,6,6Y
上海清算所城投债收益率曲线(AA-),远期的到期,2026-03-03,0,5.1223,4,5,5Y
上海清算所城投债收益率曲线(AA-),远期的到期,2026-03-03,0,5.1869,4,4,4Y
上海清算所城投债收益率曲线(AA-),远期的到期,2026-03-03,0,5.3926,4,3,3Y
上海清算所城投债收益率曲线(AA-),远期的到期,2026-03-03,0,5.1403,4,2,2Y
上海清算所城投债收益率曲线(AA-),远期的到期,2026-03-03,0,3.8467,4,1,1Y
上海清算所城投债收益率曲线(AA-),远期的到期,2026-03-03,0,4.9262,5,10,10Y
上海清算所城投债收益率曲线(AA-),远期的到期,2026-03-03,0,4.9686,5,9,9Y
上海清算所城投债收益率曲线(AA-),远期的到期,2026-03-03,0,5.0251,5,8,8Y
上海清算所城投债收益率曲线(AA-),远期的到期,2026-03-03,0,5.0996,5,7,7Y
上海清算所城投债收益率曲线(AA-),远期的到期,2026-03-03,0,5.1999,5,6,6Y
上海清算所城投债收益率曲线(AA-),远期的到期,2026-03-03,0,5.3408,5,5,5Y
上海清算所城投债收益率曲线(AA-),远期的到期,2026-03-03,0,5.4887,5,4,4Y
上海清算所城投债收益率曲线(AA-),远期的到期,2026-03-03,0,5.6883,5,3,3Y
上海清算所城投债收益率曲线(AA-),远期的到期,2026-03-03,0,6.2396,5,2,2Y
上海清算所城投债收益率曲线(AA-),远期的到期,2026-03-03,0,6.5182,5,1,1Y
上海清算所城投债收益率曲线(AA-),远期的到期,2026-03-03,0,4.7038,6,9,9Y
上海清算所城投债收益率曲线(AA-),远期的到期,2026-03-03,0,4.7299,6,8,8Y
上海清算所城投债收益率曲线(AA-),远期的到期,2026-03-03,0,4.7676,6,7,7Y
上海清算所城投债收益率曲线(AA-),远期的到期,2026-03-03,0,4.8201,6,6,6Y
上海清算所城投债收益率曲线(AA-),远期的到期,2026-03-03,0,4.8947,6,5,5Y
上海清算所城投债收益率曲线(AA-),远期的到期,2026-03-03,0,5.0075,6,4,4Y
上海清算所城投债收益率曲线(AA-),远期的到期,2026-03-03,0,5.1086,6,3,3Y
上海清算所城投债收益率曲线(AA-),远期的到期,2026-03-03,0,5.239,6,2,2Y
上海清算所城投债收益率曲线(AA-),远期的到期,2026-03-03,0,5.9445,6,1,1Y
上海清算所城投债收益率曲线(AA-),远期的到期,2026-03-03,0,4.5152,7,8,8Y
上海清算所城投债收益率曲线(AA-),远期的到期,2026-03-03,0,4.5233,7,7,7Y
上海清算所城投债收益率曲线(AA-),远期的到期,2026-03-03,0,4.5388,7,6,6Y
上海清算所城投债收益率曲线(AA-),远期的到期,2026-03-03,0,4.5633,7,5,5Y
上海清算所城投债收益率曲线(AA-),远期的到期,2026-03-03,0,4.6013,7,4,4Y
上海清算所城投债收益率曲线(AA-),远期的到期,2026-03-03,0,4.6657,7,3,3Y
上海清算所城投债收益率曲线(AA-),远期的到期,2026-03-03,0,4.6616,7,2,2Y
上海清算所城投债收益率曲线(AA-),远期的到期,2026-03-03,0,4.5018,7,1,1Y
上海清算所城投债收益率曲线(AA-),远期的到期,2026-03-03,0,4.5175,8,7,7Y
上海清算所城投债收益率曲线(AA-),远期的到期,2026-03-03,0,4.5275,8,6,6Y
上海清算所城投债收益率曲线(AA-),远期的到期,2026-03-03,0,4.5473,8,5,5Y
上海清算所城投债收益率曲线(AA-),远期的到期,2026-03-03,0,4.5804,8,4,4Y
上海清算所城投债收益率曲线(AA-),远期的到期,2026-03-03,0,4.6376,8,3,3Y
上海清算所城投债收益率曲线(AA-),远期的到期,2026-03-03,0,4.7536,8,2,2Y
上海清算所城投债收益率曲线(AA-),远期的到期,2026-03-03,0,4.8291,8,1,1Y
上海清算所城投债收益率曲线(AA-),远期的到期,2026-03-03,0,4.4571,9,6,6Y
上海清算所城投债收益率曲线(AA-),远期的到期,2026-03-03,0,4.4588,9,5,5Y
上海清算所城投债收益率曲线(AA-),远期的到期,2026-03-03,0,4.4687,9,4,4Y
上海清算所城投债收益率曲线(AA-),远期的到期,2026-03-03,0,4.49,9,3,3Y
上海清算所城投债收益率曲线(AA-),远期的到期,2026-03-03,0,4.5352,9,2,2Y
上海清算所城投债收益率曲线(AA-),远期的到期,2026-03-03,0,4.6746,9,1,1Y
上海清算所城投债收益率曲线(AA-),远期的到期,2026-03-03,0,4.4077,10,5,5Y
上海清算所城投债收益率曲线(AA-),远期的到期,2026-03-03,0,4.3988,10,4,4Y
上海清算所城投债收益率曲线(AA-),远期的到期,2026-03-03,0,4.3939,10,3,3Y
上海清算所城投债收益率曲线(AA-),远期的到期,2026-03-03,0,4.3915,10,2,2Y
上海清算所城投债收益率曲线(AA-),远期的到期,2026-03-03,0,4.3897,10,1,1Y
上海清算所城投债收益率曲线(AA-),远期的到期,2026-03-03,0,4.4127,11,4,4Y
上海清算所城投债收益率曲线(AA-),远期的到期,2026-03-03,0,4.4021,11,3,3Y
上海清算所城投债收益率曲线(AA-),远期的到期,2026-03-03,0,4.3962,11,2,2Y
上海清算所城投债收益率曲线(AA-),远期的到期,2026-03-03,0,4.3934,11,1,1Y
上海清算所城投债收益率曲线(AA-),远期的到期,2026-03-03,0,4.4198,12,3,3Y
上海清算所城投债收益率曲线(AA-),远期的到期,2026-03-03,0,4.4067,12,2,2Y
上海清算所城投债收益率曲线(AA-),远期的到期,2026-03-03,0,4.3992,12,1,1Y
上海清算所城投债收益率曲线(AA-),远期的到期,2026-03-03,0,4.4308,13,2,2Y
上海清算所城投债收益率曲线(AA-),远期的到期,2026-03-03,0,4.4146,13,1,1Y
上海清算所城投债收益率曲线(AA-),远期的到期,2026-03-03,0,4.4477,14,1,1Y
上海清算所城投债收益率曲线(AA-),远期的到期,2026-03-04,0,4.2537,1,14,14Y
上海清算所城投债收益率曲线(AA-),远期的到期,2026-03-04,0,4.2424,1,13,13Y
上海清算所城投债收益率曲线(AA-),远期的到期,2026-03-04,0,4.2311,1,12,12Y
上海清算所城投债收益率曲线(AA-),远期的到期,2026-03-04,0,4.2184,1,11,11Y
上海清算所城投债收益率曲线(AA-),远期的到期,2026-03-04,0,4.203,1,10,10Y
上海清算所城投债收益率曲线(AA-),远期的到期,2026-03-04,0,4.1839,1,9,9Y
上海清算所城投债收益率曲线(AA-),远期的到期,2026-03-04,0,4.1207,1,8,8Y
上海清算所城投债收益率曲线(AA-),远期的到期,2026-03-04,0,4.0623,1,7,7Y
上海清算所城投债收益率曲线(AA-),远期的到期,2026-03-04,0,4.006,1,6,6Y
上海清算所城投债收益率曲线(AA-),远期的到期,2026-03-04,0,3.6787,1,5,5Y
上海清算所城投债收益率曲线(AA-),远期的到期,2026-03-04,0,3.0091,1,4,4Y
上海清算所城投债收益率曲线(AA-),远期的到期,2026-03-04,0,2.7541,1,3,3Y
上海清算所城投债收益率曲线(AA-),远期的到期,2026-03-04,0,2.4927,1,2,2Y
上海清算所城投债收益率曲线(AA-),远期的到期,2026-03-04,0,2.2855,1,1,1Y
上海清算所城投债收益率曲线(AA-),远期的到期,2026-03-04,0,4.4552,2,13,13Y
上海清算所城投债收益率曲线(AA-),远期的到期,2026-03-04,0,4.4551,2,12,12Y
上海清算所城投债收益率曲线(AA-),远期的到期,2026-03-04,0,4.457,2,11,11Y
上海清算所城投债收益率曲线(AA-),远期的到期,2026-03-04,0,4.46,2,10,10Y
上海清算所城投债收益率曲线(AA-),远期的到期,2026-03-04,0,4.4637,2,9,9Y
上海清算所城投债收益率曲线(AA-),远期的到期,2026-03-04,0,4.468,2,8,8Y
上海清算所城投债收益率曲线(AA-),远期的到期,2026-03-04,0,4.4275,2,7,7Y
上海清算所城投债收益率曲线(AA-),远期的到期,2026-03-04,0,4.4009,2,6,6Y
上海清算所城投债收益率曲线(AA-),远期的到期,2026-03-04,0,4.3902,2,5,5Y
上海清算所城投债收益率曲线(AA-),远期的到期,2026-03-04,0,4.0578,2,4,4Y
上海清算所城投债收益率曲线(AA-),远期的到期,2026-03-04,0,3.2654,2,3,3Y
上海清算所城投债收益率曲线(AA-),远期的到期,2026-03-04,0,2.9986,2,2,2Y
上海清算所城投债收益率曲线(AA-),远期的到期,2026-03-04,0,2.7055,2,1,1Y
上海清算所城投债收益率曲线(AA-),远期的到期,2026-03-04,0,4.6489,3,12,12Y
上海清算所城投债收益率曲线(AA-),远期的到期,2026-03-04,0,4.662,3,11,11Y
上海清算所城投债收益率曲线(AA-),远期的到期,2026-03-04,0,4.6801,3,10,10Y
上海清算所城投债收益率曲线(AA-),远期的到期,2026-03-04,0,4.7032,3,9,9Y
上海清算所城投债收益率曲线(AA-),远期的到期,2026-03-04,0,4.732,3,8,8Y
上海清算所城投债收益率曲线(AA-),远期的到期,2026-03-04,0,4.7685,3,7,7Y
上海清算所城投债收益率曲线(AA-),远期的到期,2026-03-04,0,4.7622,3,6,6Y
上海清算所城投债收益率曲线(AA-),远期的到期,2026-03-04,0,4.7871,3,5,5Y
上海清算所城投债收益率曲线(AA-),远期的到期,2026-03-04,0,4.8582,3,4,4Y
上海清算所城投债收益率曲线(AA-),远期的到期,2026-03-04,0,4.5452,3,3,3Y
上海清算所城投债收益率曲线(AA-),远期的到期,2026-03-04,0,3.56,3,2,2Y
上海清算所城投债收益率曲线(AA-),远期的到期,2026-03-04,0,3.3015,3,1,1Y
上海清算所城投债收益率曲线(AA-),远期的到期,2026-03-04,0,4.8106,4,11,11Y
上海清算所城投债收益率曲线(AA-),远期的到期,2026-03-04,0,4.838,4,10,10Y
上海清算所城投债收益率曲线(AA-),远期的到期,2026-03-04,0,4.8741,4,9,9Y
上海清算所城投债收益率曲线(AA-),远期的到期,2026-03-04,0,4.9204,4,8,8Y
上海清算所城投债收益率曲线(AA-),远期的到期,2026-03-04,0,4.9798,4,7,7Y
上海清算所城投债收益率曲线(AA-),远期的到期,2026-03-04,0,5.0585,4,6,6Y
上海清算所城投债收益率曲线(AA-),远期的到期,2026-03-04,0,5.1008,4,5,5Y
上海清算所城投债收益率曲线(AA-),远期的到期,2026-03-04,0,5.2075,4,4,4Y
上海清算所城投债收益率曲线(AA-),远期的到期,2026-03-04,0,5.4309,4,3,3Y
上海清算所城投债收益率曲线(AA-),远期的到期,2026-03-04,0,5.2118,4,2,2Y
上海清算所城投债收益率曲线(AA-),远期的到期,2026-03-04,0,3.8285,4,1,1Y
上海清算所城投债收益率曲线(AA-),远期的到期,2026-03-04,0,4.939,5,10,10Y
上海清算所城投债收益率曲线(AA-),远期的到期,2026-03-04,0,4.9816,5,9,9Y
上海清算所城投债收益率曲线(AA-),远期的到期,2026-03-04,0,5.0381,5,8,8Y
上海清算所城投债收益率曲线(AA-),远期的到期,2026-03-04,0,5.112,5,7,7Y
上海清算所城投债收益率曲线(AA-),远期的到期,2026-03-04,0,5.2105,5,6,6Y
上海清算所城投债收益率曲线(AA-),远期的到期,2026-03-04,0,5.3478,5,5,5Y
上海清算所城投债收益率曲线(AA-),远期的到期,2026-03-04,0,5.4665,5,4,4Y
上海清算所城投债收益率曲线(AA-),远期的到期,2026-03-04,0,5.7241,5,3,3Y
上海清算所城投债收益率曲线(AA-),远期的到期,2026-03-04,0,6.3102,5,2,2Y
上海清算所城投债收益率曲线(AA-),远期的到期,2026-03-04,0,6.6876,5,1,1Y
上海清算所城投债收益率曲线(AA-),远期的到期,2026-03-04,0,4.6949,6,9,9Y
上海清算所城投债收益率曲线(AA-),远期的到期,2026-03-04,0,4.7191,6,8,8Y
上海清算所城投债收益率曲线(AA-),远期的到期,2026-03-04,0,4.7539,6,7,7Y
上海清算所城投债收益率曲线(AA-),远期的到期,2026-03-04,0,4.8019,6,6,6Y
上海清算所城投债收益率曲线(AA-),远期的到期,2026-03-04,0,4.869,6,5,5Y
上海清算所城投债收益率曲线(AA-),远期的到期,2026-03-04,0,4.969,6,4,4Y
上海清算所城投债收益率曲线(AA-),远期的到期,2026-03-04,0,5.0163,6,3,3Y
上海清算所城投债收益率曲线(AA-),远期的到期,2026-03-04,0,5.2027,6,2,2Y
上海清算所城投债收益率曲线(AA-),远期的到期,2026-03-04,0,5.9105,6,1,1Y
上海清算所城投债收益率曲线(AA-),远期的到期,2026-03-04,0,4.5103,7,8,8Y
上海清算所城投债收益率曲线(AA-),远期的到期,2026-03-04,0,4.5165,7,7,7Y
上海清算所城投债收益率曲线(AA-),远期的到期,2026-03-04,0,4.5293,7,6,6Y
上海清算所城投债收益率曲线(AA-),远期的到期,2026-03-04,0,4.5489,7,5,5Y
上海清算所城投债收益率曲线(AA-),远期的到期,2026-03-04,0,4.5782,7,4,4Y
上海清算所城投债收益率曲线(AA-),远期的到期,2026-03-04,0,4.626,7,3,3Y
上海清算所城投债收益率曲线(AA-),远期的到期,2026-03-04,0,4.5387,7,2,2Y
上海清算所城投债收益率曲线(AA-),远期的到期,2026-03-04,0,4.4632,7,1,1Y
上海清算所城投债收益率曲线(AA-),远期的到期,2026-03-04,0,4.5183,8,7,7Y
上海清算所城投债收益率曲线(AA-),远期的到期,2026-03-04,0,4.5269,8,6,6Y
上海清算所城投债收益率曲线(AA-),远期的到期,2026-03-04,0,4.5444,8,5,5Y
上海清算所城投债收益率曲线(AA-),远期的到期,2026-03-04,0,4.5729,8,4,4Y
上海清算所城投债收益率曲线(AA-),远期的到期,2026-03-04,0,4.6201,8,3,3Y
上海清算所城投债收益率曲线(AA-),远期的到期,2026-03-04,0,4.7131,8,2,2Y
上海清算所城投债收益率曲线(AA-),远期的到期,2026-03-04,0,4.6176,8,1,1Y
上海清算所城投债收益率曲线(AA-),远期的到期,2026-03-04,0,4.499,9,6,6Y
上海清算所城投债收益率曲线(AA-),远期的到期,2026-03-04,0,4.5062,9,5,5Y
上海清算所城投债收益率曲线(AA-),远期的到期,2026-03-04,0,4.5239,9,4,4Y
上海清算所城投债收益率曲线(AA-),远期的到期,2026-03-04,0,4.5566,9,3,3Y
上海清算所城投债收益率曲线(AA-),远期的到期,2026-03-04,0,4.6215,9,2,2Y
上海清算所城投债收益率曲线(AA-),远期的到期,2026-03-04,0,4.8133,9,1,1Y
上海清算所城投债收益率曲线(AA-),远期的到期,2026-03-04,0,4.4276,10,5,5Y
上海清算所城投债收益率曲线(AA-),远期的到期,2026-03-04,0,4.4208,10,4,4Y
上海清算所城投债收益率曲线(AA-),远期的到期,2026-03-04,0,4.4188,10,3,3Y
上海清算所城投债收益率曲线(AA-),远期的到期,2026-03-04,0,4.4197,10,2,2Y
上海清算所城投债收益率曲线(AA-),远期的到期,2026-03-04,0,4.4212,10,1,1Y
上海清算所城投债收益率曲线(AA-),远期的到期,2026-03-04,0,4.4293,11,4,4Y
上海清算所城投债收益率曲线(AA-),远期的到期,2026-03-04,0,4.4206,11,3,3Y
上海清算所城投债收益率曲线(AA-),远期的到期,2026-03-04,0,4.4176,11,2,2Y
上海清算所城投债收益率曲线(AA-),远期的到期,2026-03-04,0,4.418,11,1,1Y
上海清算所城投债收益率曲线(AA-),远期的到期,2026-03-04,0,4.4334,12,3,3Y
上海清算所城投债收益率曲线(AA-),远期的到期,2026-03-04,0,4.422,12,2,2Y
上海清算所城投债收益率曲线(AA-),远期的到期,2026-03-04,0,4.4171,12,1,1Y
上海清算所城投债收益率曲线(AA-),远期的到期,2026-03-04,0,4.4422,13,2,2Y
上海清算所城投债收益率曲线(AA-),远期的到期,2026-03-04,0,4.4272,13,1,1Y
上海清算所城投债收益率曲线(AA-),远期的到期,2026-03-04,0,4.4578,14,1,1Y
上海清算所城投债收益率曲线(AA-),远期的到期,2026-03-05,0,4.2426,1,14,14Y
上海清算所城投债收益率曲线(AA-),远期的到期,2026-03-05,0,4.2323,1,13,13Y
上海清算所城投债收益率曲线(AA-),远期的到期,2026-03-05,0,4.2221,1,12,12Y
上海清算所城投债收益率曲线(AA-),远期的到期,2026-03-05,0,4.2112,1,11,11Y
上海清算所城投债收益率曲线(AA-),远期的到期,2026-03-05,0,4.1985,1,10,10Y
上海清算所城投债收益率曲线(AA-),远期的到期,2026-03-05,0,4.1832,1,9,9Y
上海清算所城投债收益率曲线(AA-),远期的到期,2026-03-05,0,4.1356,1,8,8Y
上海清算所城投债收益率曲线(AA-),远期的到期,2026-03-05,0,4.0634,1,7,7Y
上海清算所城投债收益率曲线(AA-),远期的到期,2026-03-05,0,3.972,1,6,6Y
上海清算所城投债收益率曲线(AA-),远期的到期,2026-03-05,0,3.6668,1,5,5Y
上海清算所城投债收益率曲线(AA-),远期的到期,2026-03-05,0,3.0292,1,4,4Y
上海清算所城投债收益率曲线(AA-),远期的到期,2026-03-05,0,2.7137,1,3,3Y
上海清算所城投债收益率曲线(AA-),远期的到期,2026-03-05,0,2.4847,1,2,2Y
上海清算所城投债收益率曲线(AA-),远期的到期,2026-03-05,0,2.222,1,1,1Y
上海清算所城投债收益率曲线(AA-),远期的到期,2026-03-05,0,4.4495,2,13,13Y
上海清算所城投债收益率曲线(AA-),远期的到期,2026-03-05,0,4.4507,2,12,12Y
上海清算所城投债收益率曲线(AA-),远期的到期,2026-03-05,0,4.4544,2,11,11Y
上海清算所城投债收益率曲线(AA-),远期的到期,2026-03-05,0,4.46,2,10,10Y
上海清算所城投债收益率曲线(AA-),远期的到期,2026-03-05,0,4.4673,2,9,9Y
上海清算所城投债收益率曲线(AA-),远期的到期,2026-03-05,0,4.4767,2,8,8Y
上海清算所城投债收益率曲线(AA-),远期的到期,2026-03-05,0,4.4556,2,7,7Y
上海清算所城投债收益率曲线(AA-),远期的到期,2026-03-05,0,4.4144,2,6,6Y
上海清算所城投债收益率曲线(AA-),远期的到期,2026-03-05,0,4.3627,2,5,5Y
上海清算所城投债收益率曲线(AA-),远期的到期,2026-03-05,0,4.0601,2,4,4Y
上海清算所城投债收益率曲线(AA-),远期的到期,2026-03-05,0,3.3152,2,3,3Y
上海清算所城投债收益率曲线(AA-),远期的到期,2026-03-05,0,2.9703,2,2,2Y
上海清算所城投债收益率曲线(AA-),远期的到期,2026-03-05,0,2.7545,2,1,1Y
上海清算所城投债收益率曲线(AA-),远期的到期,2026-03-05,0,4.637,3,12,12Y
上海清算所城投债收益率曲线(AA-),远期的到期,2026-03-05,0,4.6513,3,11,11Y
上海清算所城投债收益率曲线(AA-),远期的到期,2026-03-05,0,4.6709,3,10,10Y
上海清算所城投债收益率曲线(AA-),远期的到期,2026-03-05,0,4.6963,3,9,9Y
上海清算所城投债收益率曲线(AA-),远期的到期,2026-03-05,0,4.7285,3,8,8Y
上海清算所城投债收益率曲线(AA-),远期的到期,2026-03-05,0,4.7704,3,7,7Y
上海清算所城投债收益率曲线(AA-),远期的到期,2026-03-05,0,4.7863,3,6,6Y
上海清算所城投债收益率曲线(AA-),远期的到期,2026-03-05,0,4.7924,3,5,5Y
上海清算所城投债收益率曲线(AA-),远期的到期,2026-03-05,0,4.8093,3,4,4Y
上海清算所城投债收益率曲线(AA-),远期的到期,2026-03-05,0,4.5307,3,3,3Y
上海清算所城投债收益率曲线(AA-),远期的到期,2026-03-05,0,3.6103,3,2,2Y
上海清算所城投债收益率曲线(AA-),远期的到期,2026-03-05,0,3.193,3,1,1Y
上海清算所城投债收益率曲线(AA-),远期的到期,2026-03-05,0,4.8105,4,11,11Y
上海清算所城投债收益率曲线(AA-),远期的到期,2026-03-05,0,4.84,4,10,10Y
上海清算所城投债收益率曲线(AA-),远期的到期,2026-03-05,0,4.8791,4,9,9Y
上海清算所城投债收益率曲线(AA-),远期的到期,2026-03-05,0,4.9295,4,8,8Y
上海清算所城投债收益率曲线(AA-),远期的到期,2026-03-05,0,4.9949,4,7,7Y
上海清算所城投债收益率曲线(AA-),远期的到期,2026-03-05,0,5.0826,4,6,6Y
上海清算所城投债收益率曲线(AA-),远期的到期,2026-03-05,0,5.156,4,5,5Y
上海清算所城投债收益率曲线(AA-),远期的到期,2026-03-05,0,5.2454,4,4,4Y
上海清算所城投债收益率曲线(AA-),远期的到期,2026-03-05,0,5.4043,4,3,3Y
上海清算所城投债收益率曲线(AA-),远期的到期,2026-03-05,0,5.2486,4,2,2Y
上海清算所城投债收益率曲线(AA-),远期的到期,2026-03-05,0,4.0444,4,1,1Y
上海清算所城投债收益率曲线(AA-),远期的到期,2026-03-05,0,4.9105,5,10,10Y
上海清算所城投债收益率曲线(AA-),远期的到期,2026-03-05,0,4.9531,5,9,9Y
上海清算所城投债收益率曲线(AA-),远期的到期,2026-03-05,0,5.0098,5,8,8Y
上海清算所城投债收益率曲线(AA-),远期的到期,2026-03-05,0,5.0846,5,7,7Y
上海清算所城投债收益率曲线(AA-),远期的到期,2026-03-05,0,5.1851,5,6,6Y
上海清算所城投债收益率曲线(AA-),远期的到期,2026-03-05,0,5.3265,5,5,5Y
上海清算所城投债收益率曲线(AA-),远期的到期,2026-03-05,0,5.4751,5,4,4Y
上海清算所城投债收益率曲线(AA-),远期的到期,2026-03-05,0,5.6945,5,3,3Y
上海清算所城投债收益率曲线(AA-),远期的到期,2026-03-05,0,6.1488,5,2,2Y
上海清算所城投债收益率曲线(AA-),远期的到期,2026-03-05,0,6.5314,5,1,1Y
上海清算所城投债收益率曲线(AA-),远期的到期,2026-03-05,0,4.6842,6,9,9Y
上海清算所城投债收益率曲线(AA-),远期的到期,2026-03-05,0,4.7102,6,8,8Y
上海清算所城投债收益率曲线(AA-),远期的到期,2026-03-05,0,4.7476,6,7,7Y
上海清算所城投债收益率曲线(AA-),远期的到期,2026-03-05,0,4.7998,6,6,6Y
上海清算所城投债收益率曲线(AA-),远期的到期,2026-03-05,0,4.8738,6,5,5Y
上海清算所城投债收益率曲线(AA-),远期的到期,2026-03-05,0,4.9856,6,4,4Y
上海清算所城投债收益率曲线(AA-),远期的到期,2026-03-05,0,5.0855,6,3,3Y
上海清算所城投债收益率曲线(AA-),远期的到期,2026-03-05,0,5.2418,6,2,2Y
上海清算所城投债收益率曲线(AA-),远期的到期,2026-03-05,0,5.7443,6,1,1Y
上海清算所城投债收益率曲线(AA-),远期的到期,2026-03-05,0,4.5229,7,8,8Y
上海清算所城投债收益率曲线(AA-),远期的到期,2026-03-05,0,4.5341,7,7,7Y
上海清算所城投债收益率曲线(AA-),远期的到期,2026-03-05,0,4.5537,7,6,6Y
上海清算所城投债收益率曲线(AA-),远期的到期,2026-03-05,0,4.5837,7,5,5Y
上海清算所城投债收益率曲线(AA-),远期的到期,2026-03-05,0,4.6301,7,4,4Y
上海清算所城投债收益率曲线(AA-),远期的到期,2026-03-05,0,4.7084,7,3,3Y
上海清算所城投债收益率曲线(AA-),远期的到期,2026-03-05,0,4.7326,7,2,2Y
上海清算所城投债收益率曲线(AA-),远期的到期,2026-03-05,0,4.7156,7,1,1Y
上海清算所城投债收益率曲线(AA-),远期的到期,2026-03-05,0,4.4902,8,7,7Y
上海清算所城投债收益率曲线(AA-),远期的到期,2026-03-05,0,4.4988,8,6,6Y
上海清算所城投债收益率曲线(AA-),远期的到期,2026-03-05,0,4.5167,8,5,5Y
上海清算所城投债收益率曲线(AA-),远期的到期,2026-03-05,0,4.5469,8,4,4Y
上海清算所城投债收益率曲线(AA-),远期的到期,2026-03-05,0,4.5989,8,3,3Y
上海清算所城投债收益率曲线(AA-),远期的到期,2026-03-05,0,4.7046,8,2,2Y
上海清算所城投债收益率曲线(AA-),远期的到期,2026-03-05,0,4.7503,8,1,1Y
上海清算所城投债收益率曲线(AA-),远期的到期,2026-03-05,0,4.4398,9,6,6Y
上海清算所城投债收益率曲线(AA-),远期的到期,2026-03-05,0,4.4416,9,5,5Y
上海清算所城投债收益率曲线(AA-),远期的到期,2026-03-05,0,4.4516,9,4,4Y
上海清算所城投债收益率曲线(AA-),远期的到期,2026-03-05,0,4.4729,9,3,3Y
上海清算所城投债收益率曲线(AA-),远期的到期,2026-03-05,0,4.518,9,2,2Y
上海清算所城投债收益率曲线(AA-),远期的到期,2026-03-05,0,4.6567,9,1,1Y
上海清算所城投债收益率曲线(AA-),远期的到期,2026-03-05,0,4.3905,10,5,5Y
上海清算所城投债收益率曲线(AA-),远期的到期,2026-03-05,0,4.3818,10,4,4Y
上海清算所城投债收益率曲线(AA-),远期的到期,2026-03-05,0,4.3771,10,3,3Y
上海清算所城投债收益率曲线(AA-),远期的到期,2026-03-05,0,4.3748,10,2,2Y
上海清算所城投债收益率曲线(AA-),远期的到期,2026-03-05,0,4.3732,10,1,1Y
上海清算所城投债收益率曲线(AA-),远期的到期,2026-03-05,0,4.3954,11,4,4Y
上海清算所城投债收益率曲线(AA-),远期的到期,2026-03-05,0,4.3849,11,3,3Y
上海清算所城投债收益率曲线(AA-),远期的到期,2026-03-05,0,4.3792,11,2,2Y
上海清算所城投债收益率曲线(AA-),远期的到期,2026-03-05,0,4.3766,11,1,1Y
上海清算所城投债收益率曲线(AA-),远期的到期,2026-03-05,0,4.4022,12,3,3Y
上海清算所城投债收益率曲线(AA-),远期的到期,2026-03-05,0,4.3894,12,2,2Y
上海清算所城投债收益率曲线(AA-),远期的到期,2026-03-05,0,4.382,12,1,1Y
上海清算所城投债收益率曲线(AA-),远期的到期,2026-03-05,0,4.413,13,2,2Y
上海清算所城投债收益率曲线(AA-),远期的到期,2026-03-05,0,4.397,13,1,1Y
上海清算所城投债收益率曲线(AA-),远期的到期,2026-03-05,0,4.4296,14,1,1Y
上海清算所城投债收益率曲线(AAA),即期,2026-02-03,0,1.6137,,,0M
上海清算所城投债收益率曲线(AAA),即期,2026-02-04,0,1.6259,,,0M
上海清算所城投债收益率曲线(AAA),即期,2026-02-05,0,1.6153,,,0M
上海清算所城投债收益率曲线(AAA),即期,2026-02-06,0,1.6126,,,0M
上海清算所城投债收益率曲线(AAA),即期,2026-02-09,0,1.6079,,,0M
上海清算所城投债收益率曲线(AAA),即期,2026-02-10,0,1.6001,,,0M
上海清算所城投债收益率曲线(AAA),即期,2026-02-11,0,1.5963,,,0M
上海清算所城投债收益率曲线(AAA),即期,2026-02-12,0,1.5975,,,0M
上海清算所城投债收益率曲线(AAA),即期,2026-02-13,0,1.602,,,0M
上海清算所城投债收益率曲线(AAA),即期,2026-02-14,0,1.5809,,,0M
上海清算所城投债收益率曲线(AAA),即期,2026-02-24,0,1.6026,,,0M
上海清算所城投债收益率曲线(AAA),即期,2026-02-25,0,1.6383,,,0M
上海清算所城投债收益率曲线(AAA),即期,2026-02-26,0,1.6454,,,0M
上海清算所城投债收益率曲线(AAA),即期,2026-02-27,0,1.6281,,,0M
上海清算所城投债收益率曲线(AAA),即期,2026-02-28,0,1.6309,,,0M
上海清算所城投债收益率曲线(AAA),即期,2026-03-02,0,1.6192,,,0M
上海清算所城投债收益率曲线(AAA),即期,2026-03-03,0,1.6044,,,0M
上海清算所城投债收益率曲线(AAA),即期,2026-03-04,0,1.5924,,,0M
上海清算所城投债收益率曲线(AAA),即期,2026-03-05,0,1.5762,,,0M
上海清算所城投债收益率曲线(AAA),即期,2026-02-03,0.08,1.6227,,,1M
上海清算所城投债收益率曲线(AAA),即期,2026-02-04,0.08,1.6324,,,1M
上海清算所城投债收益率曲线(AAA),即期,2026-02-05,0.08,1.6294,,,1M
上海清算所城投债收益率曲线(AAA),即期,2026-02-06,0.08,1.6268,,,1M
上海清算所城投债收益率曲线(AAA),即期,2026-02-09,0.08,1.6493,,,1M
上海清算所城投债收益率曲线(AAA),即期,2026-02-10,0.08,1.6367,,,1M
上海清算所城投债收益率曲线(AAA),即期,2026-02-11,0.08,1.6309,,,1M
上海清算所城投债收益率曲线(AAA),即期,2026-02-12,0.08,1.6431,,,1M
上海清算所城投债收益率曲线(AAA),即期,2026-02-13,0.08,1.6462,,,1M
上海清算所城投债收益率曲线(AAA),即期,2026-02-14,0.08,1.6097,,,1M
上海清算所城投债收益率曲线(AAA),即期,2026-02-24,0.08,1.6383,,,1M
上海清算所城投债收益率曲线(AAA),即期,2026-02-25,0.08,1.6388,,,1M
上海清算所城投债收益率曲线(AAA),即期,2026-02-26,0.08,1.6308,,,1M
上海清算所城投债收益率曲线(AAA),即期,2026-02-27,0.08,1.632,,,1M
上海清算所城投债收益率曲线(AAA),即期,2026-02-28,0.08,1.6262,,,1M
上海清算所城投债收益率曲线(AAA),即期,2026-03-02,0.08,1.6457,,,1M
上海清算所城投债收益率曲线(AAA),即期,2026-03-03,0.08,1.6403,,,1M
上海清算所城投债收益率曲线(AAA),即期,2026-03-04,0.08,1.6401,,,1M
上海清算所城投债收益率曲线(AAA),即期,2026-03-05,0.08,1.6156,,,1M
上海清算所城投债收益率曲线(AAA),即期,2026-02-03,0.25,1.6413,,,3M
上海清算所城投债收益率曲线(AAA),即期,2026-02-04,0.25,1.6476,,,3M
上海清算所城投债收益率曲线(AAA),即期,2026-02-05,0.25,1.6554,,,3M
上海清算所城投债收益率曲线(AAA),即期,2026-02-06,0.25,1.6568,,,3M
上海清算所城投债收益率曲线(AAA),即期,2026-02-09,0.25,1.6671,,,3M
上海清算所城投债收益率曲线(AAA),即期,2026-02-10,0.25,1.667,,,3M
上海清算所城投债收益率曲线(AAA),即期,2026-02-11,0.25,1.6719,,,3M
上海清算所城投债收益率曲线(AAA),即期,2026-02-12,0.25,1.6857,,,3M
上海清算所城投债收益率曲线(AAA),即期,2026-02-13,0.25,1.6763,,,3M
上海清算所城投债收益率曲线(AAA),即期,2026-02-14,0.25,1.638,,,3M
上海清算所城投债收益率曲线(AAA),即期,2026-02-24,0.25,1.6437,,,3M
上海清算所城投债收益率曲线(AAA),即期,2026-02-25,0.25,1.6603,,,3M
上海清算所城投债收益率曲线(AAA),即期,2026-02-26,0.25,1.645,,,3M
上海清算所城投债收益率曲线(AAA),即期,2026-02-27,0.25,1.6624,,,3M
上海清算所城投债收益率曲线(AAA),即期,2026-02-28,0.25,1.6496,,,3M
上海清算所城投债收益率曲线(AAA),即期,2026-03-02,0.25,1.6548,,,3M
上海清算所城投债收益率曲线(AAA),即期,2026-03-03,0.25,1.648,,,3M
上海清算所城投债收益率曲线(AAA),即期,2026-03-04,0.25,1.6494,,,3M
上海清算所城投债收益率曲线(AAA),即期,2026-03-05,0.25,1.6314,,,3M
上海清算所城投债收益率曲线(AAA),即期,2026-02-03,0.5,1.6669,,,6M
上海清算所城投债收益率曲线(AAA),即期,2026-02-04,0.5,1.6683,,,6M
上海清算所城投债收益率曲线(AAA),即期,2026-02-05,0.5,1.6751,,,6M
上海清算所城投债收益率曲线(AAA),即期,2026-02-06,0.5,1.6955,,,6M
上海清算所城投债收益率曲线(AAA),即期,2026-02-09,0.5,1.6734,,,6M
上海清算所城投债收益率曲线(AAA),即期,2026-02-10,0.5,1.6682,,,6M
上海清算所城投债收益率曲线(AAA),即期,2026-02-11,0.5,1.69,,,6M
上海清算所城投债收益率曲线(AAA),即期,2026-02-12,0.5,1.6917,,,6M
上海清算所城投债收益率曲线(AAA),即期,2026-02-13,0.5,1.6802,,,6M
上海清算所城投债收益率曲线(AAA),即期,2026-02-14,0.5,1.6886,,,6M
上海清算所城投债收益率曲线(AAA),即期,2026-02-24,0.5,1.679,,,6M
上海清算所城投债收益率曲线(AAA),即期,2026-02-25,0.5,1.6671,,,6M
上海清算所城投债收益率曲线(AAA),即期,2026-02-26,0.5,1.6658,,,6M
上海清算所城投债收益率曲线(AAA),即期,2026-02-27,0.5,1.666,,,6M
上海清算所城投债收益率曲线(AAA),即期,2026-02-28,0.5,1.6687,,,6M
上海清算所城投债收益率曲线(AAA),即期,2026-03-02,0.5,1.6581,,,6M
上海清算所城投债收益率曲线(AAA),即期,2026-03-03,0.5,1.6561,,,6M
上海清算所城投债收益率曲线(AAA),即期,2026-03-04,0.5,1.6523,,,6M
上海清算所城投债收益率曲线(AAA),即期,2026-03-05,0.5,1.6392,,,6M
上海清算所城投债收益率曲线(AAA),即期,2026-02-03,0.75,1.6895,,,9M
上海清算所城投债收益率曲线(AAA),即期,2026-02-04,0.75,1.7037,,,9M
上海清算所城投债收益率曲线(AAA),即期,2026-02-05,0.75,1.6994,,,9M
上海清算所城投债收益率曲线(AAA),即期,2026-02-06,0.75,1.7047,,,9M
上海清算所城投债收益率曲线(AAA),即期,2026-02-09,0.75,1.6767,,,9M
上海清算所城投债收益率曲线(AAA),即期,2026-02-10,0.75,1.6698,,,9M
上海清算所城投债收益率曲线(AAA),即期,2026-02-11,0.75,1.6987,,,9M
上海清算所城投债收益率曲线(AAA),即期,2026-02-12,0.75,1.6973,,,9M
上海清算所城投债收益率曲线(AAA),即期,2026-02-13,0.75,1.6891,,,9M
上海清算所城投债收益率曲线(AAA),即期,2026-02-14,0.75,1.7,,,9M
上海清算所城投债收益率曲线(AAA),即期,2026-02-24,0.75,1.6748,,,9M
上海清算所城投债收益率曲线(AAA),即期,2026-02-25,0.75,1.6832,,,9M
上海清算所城投债收益率曲线(AAA),即期,2026-02-26,0.75,1.6893,,,9M
上海清算所城投债收益率曲线(AAA),即期,2026-02-27,0.75,1.6889,,,9M
上海清算所城投债收益率曲线(AAA),即期,2026-02-28,0.75,1.6949,,,9M
上海清算所城投债收益率曲线(AAA),即期,2026-03-02,0.75,1.6797,,,9M
上海清算所城投债收益率曲线(AAA),即期,2026-03-03,0.75,1.6667,,,9M
上海清算所城投债收益率曲线(AAA),即期,2026-03-04,0.75,1.6648,,,9M
上海清算所城投债收益率曲线(AAA),即期,2026-03-05,0.75,1.6554,,,9M
上海清算所城投债收益率曲线(AAA),即期,2026-02-03,1,1.7073,,,1Y
上海清算所城投债收益率曲线(AAA),即期,2026-02-04,1,1.7134,,,1Y
上海清算所城投债收益率曲线(AAA),即期,2026-02-05,1,1.7138,,,1Y
上海清算所城投债收益率曲线(AAA),即期,2026-02-06,1,1.7193,,,1Y
上海清算所城投债收益率曲线(AAA),即期,2026-02-09,1,1.7008,,,1Y
上海清算所城投债收益率曲线(AAA),即期,2026-02-10,1,1.6946,,,1Y
上海清算所城投债收益率曲线(AAA),即期,2026-02-11,1,1.7056,,,1Y
上海清算所城投债收益率曲线(AAA),即期,2026-02-12,1,1.7007,,,1Y
上海清算所城投债收益率曲线(AAA),即期,2026-02-13,1,1.7002,,,1Y
上海清算所城投债收益率曲线(AAA),即期,2026-02-14,1,1.7,,,1Y
上海清算所城投债收益率曲线(AAA),即期,2026-02-24,1,1.6994,,,1Y
上海清算所城投债收益率曲线(AAA),即期,2026-02-25,1,1.6959,,,1Y
上海清算所城投债收益率曲线(AAA),即期,2026-02-26,1,1.7039,,,1Y
上海清算所城投债收益率曲线(AAA),即期,2026-02-27,1,1.7004,,,1Y
上海清算所城投债收益率曲线(AAA),即期,2026-02-28,1,1.7006,,,1Y
上海清算所城投债收益率曲线(AAA),即期,2026-03-02,1,1.6895,,,1Y
上海清算所城投债收益率曲线(AAA),即期,2026-03-03,1,1.6836,,,1Y
上海清算所城投债收益率曲线(AAA),即期,2026-03-04,1,1.6774,,,1Y
上海清算所城投债收益率曲线(AAA),即期,2026-03-05,1,1.6792,,,1Y
上海清算所城投债收益率曲线(AAA),即期,2026-02-03,10,2.4081,,,10Y
上海清算所城投债收益率曲线(AAA),即期,2026-02-04,10,2.4006,,,10Y
上海清算所城投债收益率曲线(AAA),即期,2026-02-05,10,2.4337,,,10Y
上海清算所城投债收益率曲线(AAA),即期,2026-02-06,10,2.441,,,10Y
上海清算所城投债收益率曲线(AAA),即期,2026-02-09,10,2.4284,,,10Y
上海清算所城投债收益率曲线(AAA),即期,2026-02-10,10,2.4092,,,10Y
上海清算所城投债收益率曲线(AAA),即期,2026-02-11,10,2.3962,,,10Y
上海清算所城投债收益率曲线(AAA),即期,2026-02-12,10,2.3501,,,10Y
上海清算所城投债收益率曲线(AAA),即期,2026-02-13,10,2.3207,,,10Y
上海清算所城投债收益率曲线(AAA),即期,2026-02-14,10,2.301,,,10Y
上海清算所城投债收益率曲线(AAA),即期,2026-02-24,10,2.2968,,,10Y
上海清算所城投债收益率曲线(AAA),即期,2026-02-25,10,2.3129,,,10Y
上海清算所城投债收益率曲线(AAA),即期,2026-02-26,10,2.322,,,10Y
上海清算所城投债收益率曲线(AAA),即期,2026-02-27,10,2.324,,,10Y
上海清算所城投债收益率曲线(AAA),即期,2026-02-28,10,2.3108,,,10Y
上海清算所城投债收益率曲线(AAA),即期,2026-03-02,10,2.333,,,10Y
上海清算所城投债收益率曲线(AAA),即期,2026-03-03,10,2.3353,,,10Y
上海清算所城投债收益率曲线(AAA),即期,2026-03-04,10,2.3245,,,10Y
上海清算所城投债收益率曲线(AAA),即期,2026-03-05,10,2.3133,,,10Y
上海清算所城投债收益率曲线(AAA),即期,2026-02-03,11,2.4165,,,11Y
上海清算所城投债收益率曲线(AAA),即期,2026-02-04,11,2.4305,,,11Y
上海清算所城投债收益率曲线(AAA),即期,2026-02-05,11,2.4541,,,11Y
上海清算所城投债收益率曲线(AAA),即期,2026-02-06,11,2.4412,,,11Y
上海清算所城投债收益率曲线(AAA),即期,2026-02-09,11,2.4426,,,11Y
上海清算所城投债收益率曲线(AAA),即期,2026-02-10,11,2.4279,,,11Y
上海清算所城投债收益率曲线(AAA),即期,2026-02-11,11,2.4166,,,11Y
上海清算所城投债收益率曲线(AAA),即期,2026-02-12,11,2.3759,,,11Y
上海清算所城投债收益率曲线(AAA),即期,2026-02-13,11,2.34,,,11Y
上海清算所城投债收益率曲线(AAA),即期,2026-02-14,11,2.3233,,,11Y
上海清算所城投债收益率曲线(AAA),即期,2026-02-24,11,2.3071,,,11Y
上海清算所城投债收益率曲线(AAA),即期,2026-02-25,11,2.3171,,,11Y
上海清算所城投债收益率曲线(AAA),即期,2026-02-26,11,2.3256,,,11Y
上海清算所城投债收益率曲线(AAA),即期,2026-02-27,11,2.3625,,,11Y
上海清算所城投债收益率曲线(AAA),即期,2026-02-28,11,2.3473,,,11Y
上海清算所城投债收益率曲线(AAA),即期,2026-03-02,11,2.3636,,,11Y
上海清算所城投债收益率曲线(AAA),即期,2026-03-03,11,2.3626,,,11Y
上海清算所城投债收益率曲线(AAA),即期,2026-03-04,11,2.3559,,,11Y
上海清算所城投债收益率曲线(AAA),即期,2026-03-05,11,2.3448,,,11Y
上海清算所城投债收益率曲线(AAA),即期,2026-02-03,12,2.4444,,,12Y
上海清算所城投债收益率曲线(AAA),即期,2026-02-04,12,2.4537,,,12Y
上海清算所城投债收益率曲线(AAA),即期,2026-02-05,12,2.4634,,,12Y
上海清算所城投债收益率曲线(AAA),即期,2026-02-06,12,2.4651,,,12Y
上海清算所城投债收益率曲线(AAA),即期,2026-02-09,12,2.4533,,,12Y
上海清算所城投债收益率曲线(AAA),即期,2026-02-10,12,2.4426,,,12Y
上海清算所城投债收益率曲线(AAA),即期,2026-02-11,12,2.4332,,,12Y
上海清算所城投债收益率曲线(AAA),即期,2026-02-12,12,2.3994,,,12Y
上海清算所城投债收益率曲线(AAA),即期,2026-02-13,12,2.363,,,12Y
上海清算所城投债收益率曲线(AAA),即期,2026-02-14,12,2.35,,,12Y
上海清算所城投债收益率曲线(AAA),即期,2026-02-24,12,2.3407,,,12Y
上海清算所城投债收益率曲线(AAA),即期,2026-02-25,12,2.3436,,,12Y
上海清算所城投债收益率曲线(AAA),即期,2026-02-26,12,2.3531,,,12Y
上海清算所城投债收益率曲线(AAA),即期,2026-02-27,12,2.3786,,,12Y
上海清算所城投债收益率曲线(AAA),即期,2026-02-28,12,2.3621,,,12Y
上海清算所城投债收益率曲线(AAA),即期,2026-03-02,12,2.3911,,,12Y
上海清算所城投债收益率曲线(AAA),即期,2026-03-03,12,2.3872,,,12Y
上海清算所城投债收益率曲线(AAA),即期,2026-03-04,12,2.3831,,,12Y
上海清算所城投债收益率曲线(AAA),即期,2026-03-05,12,2.3721,,,12Y
上海清算所城投债收益率曲线(AAA),即期,2026-02-03,13,2.4707,,,13Y
上海清算所城投债收益率曲线(AAA),即期,2026-02-04,13,2.4737,,,13Y
上海清算所城投债收益率曲线(AAA),即期,2026-02-05,13,2.4664,,,13Y
上海清算所城投债收益率曲线(AAA),即期,2026-02-06,13,2.4706,,,13Y
上海清算所城投债收益率曲线(AAA),即期,2026-02-09,13,2.4613,,,13Y
上海清算所城投债收益率曲线(AAA),即期,2026-02-10,13,2.4543,,,13Y
上海清算所城投债收益率曲线(AAA),即期,2026-02-11,13,2.447,,,13Y
上海清算所城投债收益率曲线(AAA),即期,2026-02-12,13,2.4211,,,13Y
上海清算所城投债收益率曲线(AAA),即期,2026-02-13,13,2.3888,,,13Y
上海清算所城投债收益率曲线(AAA),即期,2026-02-14,13,2.3801,,,13Y
上海清算所城投债收益率曲线(AAA),即期,2026-02-24,13,2.3748,,,13Y
上海清算所城投债收益率曲线(AAA),即期,2026-02-25,13,2.377,,,13Y
上海清算所城投债收益率曲线(AAA),即期,2026-02-26,13,2.3885,,,13Y
上海清算所城投债收益率曲线(AAA),即期,2026-02-27,13,2.4112,,,13Y
上海清算所城投债收益率曲线(AAA),即期,2026-02-28,13,2.3942,,,13Y
上海清算所城投债收益率曲线(AAA),即期,2026-03-02,13,2.4163,,,13Y
上海清算所城投债收益率曲线(AAA),即期,2026-03-03,13,2.4099,,,13Y
上海清算所城投债收益率曲线(AAA),即期,2026-03-04,13,2.4072,,,13Y
上海清算所城投债收益率曲线(AAA),即期,2026-03-05,13,2.3963,,,13Y
上海清算所城投债收益率曲线(AAA),即期,2026-02-03,14,2.473,,,14Y
上海清算所城投债收益率曲线(AAA),即期,2026-02-04,14,2.4932,,,14Y
上海清算所城投债收益率曲线(AAA),即期,2026-02-05,14,2.4684,,,14Y
上海清算所城投债收益率曲线(AAA),即期,2026-02-06,14,2.4717,,,14Y
上海清算所城投债收益率曲线(AAA),即期,2026-02-09,14,2.4677,,,14Y
上海清算所城投债收益率曲线(AAA),即期,2026-02-10,14,2.464,,,14Y
上海清算所城投债收益率曲线(AAA),即期,2026-02-11,14,2.4588,,,14Y
上海清算所城投债收益率曲线(AAA),即期,2026-02-12,14,2.4418,,,14Y
上海清算所城投债收益率曲线(AAA),即期,2026-02-13,14,2.4167,,,14Y
上海清算所城投债收益率曲线(AAA),即期,2026-02-14,14,2.4127,,,14Y
上海清算所城投债收益率曲线(AAA),即期,2026-02-24,14,2.4093,,,14Y
上海清算所城投债收益率曲线(AAA),即期,2026-02-25,14,2.4107,,,14Y
上海清算所城投债收益率曲线(AAA),即期,2026-02-26,14,2.4245,,,14Y
上海清算所城投债收益率曲线(AAA),即期,2026-02-27,14,2.4405,,,14Y
上海清算所城投债收益率曲线(AAA),即期,2026-02-28,14,2.4241,,,14Y
上海清算所城投债收益率曲线(AAA),即期,2026-03-02,14,2.4402,,,14Y
上海清算所城投债收益率曲线(AAA),即期,2026-03-03,14,2.4312,,,14Y
上海清算所城投债收益率曲线(AAA),即期,2026-03-04,14,2.4292,,,14Y
上海清算所城投债收益率曲线(AAA),即期,2026-03-05,14,2.4185,,,14Y
上海清算所城投债收益率曲线(AAA),即期,2026-02-03,15,2.4878,,,15Y
上海清算所城投债收益率曲线(AAA),即期,2026-02-04,15,2.5132,,,15Y
上海清算所城投债收益率曲线(AAA),即期,2026-02-05,15,2.4701,,,15Y
上海清算所城投债收益率曲线(AAA),即期,2026-02-06,15,2.4743,,,15Y
上海清算所城投债收益率曲线(AAA),即期,2026-02-09,15,2.4733,,,15Y
上海清算所城投债收益率曲线(AAA),即期,2026-02-10,15,2.473,,,15Y
上海清算所城投债收益率曲线(AAA),即期,2026-02-11,15,2.4699,,,15Y
上海清算所城投债收益率曲线(AAA),即期,2026-02-12,15,2.4621,,,15Y
上海清算所城投债收益率曲线(AAA),即期,2026-02-13,15,2.4459,,,15Y
上海清算所城投债收益率曲线(AAA),即期,2026-02-14,15,2.4468,,,15Y
上海清算所城投债收益率曲线(AAA),即期,2026-02-24,15,2.4565,,,15Y
上海清算所城投债收益率曲线(AAA),即期,2026-02-25,15,2.4407,,,15Y
上海清算所城投债收益率曲线(AAA),即期,2026-02-26,15,2.4562,,,15Y
上海清算所城投债收益率曲线(AAA),即期,2026-02-27,15,2.4762,,,15Y
上海清算所城投债收益率曲线(AAA),即期,2026-02-28,15,2.4618,,,15Y
上海清算所城投债收益率曲线(AAA),即期,2026-03-02,15,2.4635,,,15Y
上海清算所城投债收益率曲线(AAA),即期,2026-03-03,15,2.4522,,,15Y
上海清算所城投债收益率曲线(AAA),即期,2026-03-04,15,2.4503,,,15Y
上海清算所城投债收益率曲线(AAA),即期,2026-03-05,15,2.4399,,,15Y
上海清算所城投债收益率曲线(AAA),即期,2026-02-03,2,1.7975,,,2Y
上海清算所城投债收益率曲线(AAA),即期,2026-02-04,2,1.7946,,,2Y
上海清算所城投债收益率曲线(AAA),即期,2026-02-05,2,1.7941,,,2Y
上海清算所城投债收益率曲线(AAA),即期,2026-02-06,2,1.7872,,,2Y
上海清算所城投债收益率曲线(AAA),即期,2026-02-09,2,1.7862,,,2Y
上海清算所城投债收益率曲线(AAA),即期,2026-02-10,2,1.7827,,,2Y
上海清算所城投债收益率曲线(AAA),即期,2026-02-11,2,1.7826,,,2Y
上海清算所城投债收益率曲线(AAA),即期,2026-02-12,2,1.7758,,,2Y
上海清算所城投债收益率曲线(AAA),即期,2026-02-13,2,1.7702,,,2Y
上海清算所城投债收益率曲线(AAA),即期,2026-02-14,2,1.7768,,,2Y
上海清算所城投债收益率曲线(AAA),即期,2026-02-24,2,1.7758,,,2Y
上海清算所城投债收益率曲线(AAA),即期,2026-02-25,2,1.75,,,2Y
上海清算所城投债收益率曲线(AAA),即期,2026-02-26,2,1.7546,,,2Y
上海清算所城投债收益率曲线(AAA),即期,2026-02-27,2,1.7702,,,2Y
上海清算所城投债收益率曲线(AAA),即期,2026-02-28,2,1.7687,,,2Y
上海清算所城投债收益率曲线(AAA),即期,2026-03-02,2,1.7734,,,2Y
上海清算所城投债收益率曲线(AAA),即期,2026-03-03,2,1.7651,,,2Y
上海清算所城投债收益率曲线(AAA),即期,2026-03-04,2,1.7645,,,2Y
上海清算所城投债收益率曲线(AAA),即期,2026-03-05,2,1.756,,,2Y
上海清算所城投债收益率曲线(AAA),即期,2026-02-03,3,1.8532,,,3Y
上海清算所城投债收益率曲线(AAA),即期,2026-02-04,3,1.8515,,,3Y
上海清算所城投债收益率曲线(AAA),即期,2026-02-05,3,1.8629,,,3Y
上海清算所城投债收益率曲线(AAA),即期,2026-02-06,3,1.8605,,,3Y
上海清算所城投债收益率曲线(AAA),即期,2026-02-09,3,1.8423,,,3Y
上海清算所城投债收益率曲线(AAA),即期,2026-02-10,3,1.8518,,,3Y
上海清算所城投债收益率曲线(AAA),即期,2026-02-11,3,1.8415,,,3Y
上海清算所城投债收益率曲线(AAA),即期,2026-02-12,3,1.8519,,,3Y
上海清算所城投债收益率曲线(AAA),即期,2026-02-13,3,1.8315,,,3Y
上海清算所城投债收益率曲线(AAA),即期,2026-02-14,3,1.8545,,,3Y
上海清算所城投债收益率曲线(AAA),即期,2026-02-24,3,1.8194,,,3Y
上海清算所城投债收益率曲线(AAA),即期,2026-02-25,3,1.8246,,,3Y
上海清算所城投债收益率曲线(AAA),即期,2026-02-26,3,1.8315,,,3Y
上海清算所城投债收益率曲线(AAA),即期,2026-02-27,3,1.8365,,,3Y
上海清算所城投债收益率曲线(AAA),即期,2026-02-28,3,1.834,,,3Y
上海清算所城投债收益率曲线(AAA),即期,2026-03-02,3,1.8243,,,3Y
上海清算所城投债收益率曲线(AAA),即期,2026-03-03,3,1.8245,,,3Y
上海清算所城投债收益率曲线(AAA),即期,2026-03-04,3,1.8317,,,3Y
上海清算所城投债收益率曲线(AAA),即期,2026-03-05,3,1.8272,,,3Y
上海清算所城投债收益率曲线(AAA),即期,2026-02-03,4,1.9422,,,4Y
上海清算所城投债收益率曲线(AAA),即期,2026-02-04,4,1.9186,,,4Y
上海清算所城投债收益率曲线(AAA),即期,2026-02-05,4,1.9538,,,4Y
上海清算所城投债收益率曲线(AAA),即期,2026-02-06,4,1.9625,,,4Y
上海清算所城投债收益率曲线(AAA),即期,2026-02-09,4,1.9289,,,4Y
上海清算所城投债收益率曲线(AAA),即期,2026-02-10,4,1.9224,,,4Y
上海清算所城投债收益率曲线(AAA),即期,2026-02-11,4,1.917,,,4Y
上海清算所城投债收益率曲线(AAA),即期,2026-02-12,4,1.9068,,,4Y
上海清算所城投债收益率曲线(AAA),即期,2026-02-13,4,1.9023,,,4Y
上海清算所城投债收益率曲线(AAA),即期,2026-02-14,4,1.9056,,,4Y
上海清算所城投债收益率曲线(AAA),即期,2026-02-24,4,1.8776,,,4Y
上海清算所城投债收益率曲线(AAA),即期,2026-02-25,4,1.9008,,,4Y
上海清算所城投债收益率曲线(AAA),即期,2026-02-26,4,1.9092,,,4Y
上海清算所城投债收益率曲线(AAA),即期,2026-02-27,4,1.9252,,,4Y
上海清算所城投债收益率曲线(AAA),即期,2026-02-28,4,1.9195,,,4Y
上海清算所城投债收益率曲线(AAA),即期,2026-03-02,4,1.929,,,4Y
上海清算所城投债收益率曲线(AAA),即期,2026-03-03,4,1.9202,,,4Y
上海清算所城投债收益率曲线(AAA),即期,2026-03-04,4,1.924,,,4Y
上海清算所城投债收益率曲线(AAA),即期,2026-03-05,4,1.8939,,,4Y
上海清算所城投债收益率曲线(AAA),即期,2026-02-03,5,1.9655,,,5Y
上海清算所城投债收益率曲线(AAA),即期,2026-02-04,5,1.9979,,,5Y
上海清算所城投债收益率曲线(AAA),即期,2026-02-05,5,2.0129,,,5Y
上海清算所城投债收益率曲线(AAA),即期,2026-02-06,5,1.9852,,,5Y
上海清算所城投债收益率曲线(AAA),即期,2026-02-09,5,1.9761,,,5Y
上海清算所城投债收益率曲线(AAA),即期,2026-02-10,5,1.9644,,,5Y
上海清算所城投债收益率曲线(AAA),即期,2026-02-11,5,1.9523,,,5Y
上海清算所城投债收益率曲线(AAA),即期,2026-02-12,5,1.9647,,,5Y
上海清算所城投债收益率曲线(AAA),即期,2026-02-13,5,1.9493,,,5Y
上海清算所城投债收益率曲线(AAA),即期,2026-02-14,5,1.9405,,,5Y
上海清算所城投债收益率曲线(AAA),即期,2026-02-24,5,1.956,,,5Y
上海清算所城投债收益率曲线(AAA),即期,2026-02-25,5,1.9409,,,5Y
上海清算所城投债收益率曲线(AAA),即期,2026-02-26,5,1.951,,,5Y
上海清算所城投债收益率曲线(AAA),即期,2026-02-27,5,1.955,,,5Y
上海清算所城投债收益率曲线(AAA),即期,2026-02-28,5,1.9468,,,5Y
上海清算所城投债收益率曲线(AAA),即期,2026-03-02,5,1.9596,,,5Y
上海清算所城投债收益率曲线(AAA),即期,2026-03-03,5,1.965,,,5Y
上海清算所城投债收益率曲线(AAA),即期,2026-03-04,5,1.9393,,,5Y
上海清算所城投债收益率曲线(AAA),即期,2026-03-05,5,1.9423,,,5Y
上海清算所城投债收益率曲线(AAA),即期,2026-02-03,6,2.077,,,6Y
上海清算所城投债收益率曲线(AAA),即期,2026-02-04,6,2.1084,,,6Y
上海清算所城投债收益率曲线(AAA),即期,2026-02-05,6,2.113,,,6Y
上海清算所城投债收益率曲线(AAA),即期,2026-02-06,6,2.0872,,,6Y
上海清算所城投债收益率曲线(AAA),即期,2026-02-09,6,2.0603,,,6Y
上海清算所城投债收益率曲线(AAA),即期,2026-02-10,6,2.0637,,,6Y
上海清算所城投债收益率曲线(AAA),即期,2026-02-11,6,2.0598,,,6Y
上海清算所城投债收益率曲线(AAA),即期,2026-02-12,6,2.0555,,,6Y
上海清算所城投债收益率曲线(AAA),即期,2026-02-13,6,2.0482,,,6Y
上海清算所城投债收益率曲线(AAA),即期,2026-02-14,6,2.0352,,,6Y
上海清算所城投债收益率曲线(AAA),即期,2026-02-24,6,2.0403,,,6Y
上海清算所城投债收益率曲线(AAA),即期,2026-02-25,6,2.0441,,,6Y
上海清算所城投债收益率曲线(AAA),即期,2026-02-26,6,2.0598,,,6Y
上海清算所城投债收益率曲线(AAA),即期,2026-02-27,6,2.0372,,,6Y
上海清算所城投债收益率曲线(AAA),即期,2026-02-28,6,2.0307,,,6Y
上海清算所城投债收益率曲线(AAA),即期,2026-03-02,6,2.0301,,,6Y
上海清算所城投债收益率曲线(AAA),即期,2026-03-03,6,2.0214,,,6Y
上海清算所城投债收益率曲线(AAA),即期,2026-03-04,6,2.0261,,,6Y
上海清算所城投债收益率曲线(AAA),即期,2026-03-05,6,2.0345,,,6Y
上海清算所城投债收益率曲线(AAA),即期,2026-02-03,7,2.2084,,,7Y
上海清算所城投债收益率曲线(AAA),即期,2026-02-04,7,2.217,,,7Y
上海清算所城投债收益率曲线(AAA),即期,2026-02-05,7,2.2273,,,7Y
上海清算所城投债收益率曲线(AAA),即期,2026-02-06,7,2.2282,,,7Y
上海清算所城投债收益率曲线(AAA),即期,2026-02-09,7,2.2246,,,7Y
上海清算所城投债收益率曲线(AAA),即期,2026-02-10,7,2.2235,,,7Y
上海清算所城投债收益率曲线(AAA),即期,2026-02-11,7,2.2294,,,7Y
上海清算所城投债收益率曲线(AAA),即期,2026-02-12,7,2.189,,,7Y
上海清算所城投债收益率曲线(AAA),即期,2026-02-13,7,2.1801,,,7Y
上海清算所城投债收益率曲线(AAA),即期,2026-02-14,7,2.1681,,,7Y
上海清算所城投债收益率曲线(AAA),即期,2026-02-24,7,2.1685,,,7Y
上海清算所城投债收益率曲线(AAA),即期,2026-02-25,7,2.1713,,,7Y
上海清算所城投债收益率曲线(AAA),即期,2026-02-26,7,2.1907,,,7Y
上海清算所城投债收益率曲线(AAA),即期,2026-02-27,7,2.1979,,,7Y
上海清算所城投债收益率曲线(AAA),即期,2026-02-28,7,2.1925,,,7Y
上海清算所城投债收益率曲线(AAA),即期,2026-03-02,7,2.2057,,,7Y
上海清算所城投债收益率曲线(AAA),即期,2026-03-03,7,2.1953,,,7Y
上海清算所城投债收益率曲线(AAA),即期,2026-03-04,7,2.1947,,,7Y
上海清算所城投债收益率曲线(AAA),即期,2026-03-05,7,2.1862,,,7Y
上海清算所城投债收益率曲线(AAA),即期,2026-02-03,8,2.3014,,,8Y
上海清算所城投债收益率曲线(AAA),即期,2026-02-04,8,2.3014,,,8Y
上海清算所城投债收益率曲线(AAA),即期,2026-02-05,8,2.3026,,,8Y
上海清算所城投债收益率曲线(AAA),即期,2026-02-06,8,2.3048,,,8Y
上海清算所城投债收益率曲线(AAA),即期,2026-02-09,8,2.2962,,,8Y
上海清算所城投债收益率曲线(AAA),即期,2026-02-10,8,2.2908,,,8Y
上海清算所城投债收益率曲线(AAA),即期,2026-02-11,8,2.2653,,,8Y
上海清算所城投债收益率曲线(AAA),即期,2026-02-12,8,2.2605,,,8Y
上海清算所城投债收益率曲线(AAA),即期,2026-02-13,8,2.2224,,,8Y
上海清算所城投债收益率曲线(AAA),即期,2026-02-14,8,2.2138,,,8Y
上海清算所城投债收益率曲线(AAA),即期,2026-02-24,8,2.2109,,,8Y
上海清算所城投债收益率曲线(AAA),即期,2026-02-25,8,2.2104,,,8Y
上海清算所城投债收益率曲线(AAA),即期,2026-02-26,8,2.2275,,,8Y
上海清算所城投债收益率曲线(AAA),即期,2026-02-27,8,2.248,,,8Y
上海清算所城投债收益率曲线(AAA),即期,2026-02-28,8,2.2405,,,8Y
上海清算所城投债收益率曲线(AAA),即期,2026-03-02,8,2.2385,,,8Y
上海清算所城投债收益率曲线(AAA),即期,2026-03-03,8,2.2302,,,8Y
上海清算所城投债收益率曲线(AAA),即期,2026-03-04,8,2.2253,,,8Y
上海清算所城投债收益率曲线(AAA),即期,2026-03-05,8,2.2273,,,8Y
上海清算所城投债收益率曲线(AAA),即期,2026-02-03,9,2.3481,,,9Y
上海清算所城投债收益率曲线(AAA),即期,2026-02-04,9,2.3596,,,9Y
上海清算所城投债收益率曲线(AAA),即期,2026-02-05,9,2.3683,,,9Y
上海清算所城投债收益率曲线(AAA),即期,2026-02-06,9,2.3729,,,9Y
上海清算所城投债收益率曲线(AAA),即期,2026-02-09,9,2.3575,,,9Y
上海清算所城投债收益率曲线(AAA),即期,2026-02-10,9,2.3483,,,9Y
上海清算所城投债收益率曲线(AAA),即期,2026-02-11,9,2.3446,,,9Y
上海清算所城投债收益率曲线(AAA),即期,2026-02-12,9,2.3136,,,9Y
上海清算所城投债收益率曲线(AAA),即期,2026-02-13,9,2.3078,,,9Y
上海清算所城投债收益率曲线(AAA),即期,2026-02-14,9,2.286,,,9Y
上海清算所城投债收益率曲线(AAA),即期,2026-02-24,9,2.2983,,,9Y
上海清算所城投债收益率曲线(AAA),即期,2026-02-25,9,2.3041,,,9Y
上海清算所城投债收益率曲线(AAA),即期,2026-02-26,9,2.3166,,,9Y
上海清算所城投债收益率曲线(AAA),即期,2026-02-27,9,2.3086,,,9Y
上海清算所城投债收益率曲线(AAA),即期,2026-02-28,9,2.2981,,,9Y
上海清算所城投债收益率曲线(AAA),即期,2026-03-02,9,2.2885,,,9Y
上海清算所城投债收益率曲线(AAA),即期,2026-03-03,9,2.2956,,,9Y
上海清算所城投债收益率曲线(AAA),即期,2026-03-04,9,2.2698,,,9Y
上海清算所城投债收益率曲线(AAA),即期,2026-03-05,9,2.2595,,,9Y
上海清算所城投债收益率曲线(AAA),到期,2026-02-03,0,1.6137,,,0M
上海清算所城投债收益率曲线(AAA),到期,2026-02-04,0,1.6259,,,0M
上海清算所城投债收益率曲线(AAA),到期,2026-02-05,0,1.6153,,,0M
上海清算所城投债收益率曲线(AAA),到期,2026-02-06,0,1.6126,,,0M
上海清算所城投债收益率曲线(AAA),到期,2026-02-09,0,1.6079,,,0M
上海清算所城投债收益率曲线(AAA),到期,2026-02-10,0,1.6001,,,0M
上海清算所城投债收益率曲线(AAA),到期,2026-02-11,0,1.5963,,,0M
上海清算所城投债收益率曲线(AAA),到期,2026-02-12,0,1.5975,,,0M
上海清算所城投债收益率曲线(AAA),到期,2026-02-13,0,1.602,,,0M
上海清算所城投债收益率曲线(AAA),到期,2026-02-14,0,1.5809,,,0M
上海清算所城投债收益率曲线(AAA),到期,2026-02-24,0,1.6026,,,0M
上海清算所城投债收益率曲线(AAA),到期,2026-02-25,0,1.6383,,,0M
上海清算所城投债收益率曲线(AAA),到期,2026-02-26,0,1.6454,,,0M
上海清算所城投债收益率曲线(AAA),到期,2026-02-27,0,1.6281,,,0M
上海清算所城投债收益率曲线(AAA),到期,2026-02-28,0,1.6309,,,0M
上海清算所城投债收益率曲线(AAA),到期,2026-03-02,0,1.6192,,,0M
上海清算所城投债收益率曲线(AAA),到期,2026-03-03,0,1.6044,,,0M
上海清算所城投债收益率曲线(AAA),到期,2026-03-04,0,1.5924,,,0M
上海清算所城投债收益率曲线(AAA),到期,2026-03-05,0,1.5762,,,0M
上海清算所城投债收益率曲线(AAA),到期,2026-02-03,0.08,1.6227,,,1M
上海清算所城投债收益率曲线(AAA),到期,2026-02-04,0.08,1.6324,,,1M
上海清算所城投债收益率曲线(AAA),到期,2026-02-05,0.08,1.6294,,,1M
上海清算所城投债收益率曲线(AAA),到期,2026-02-06,0.08,1.6268,,,1M
上海清算所城投债收益率曲线(AAA),到期,2026-02-09,0.08,1.6493,,,1M
上海清算所城投债收益率曲线(AAA),到期,2026-02-10,0.08,1.6367,,,1M
上海清算所城投债收益率曲线(AAA),到期,2026-02-11,0.08,1.6309,,,1M
上海清算所城投债收益率曲线(AAA),到期,2026-02-12,0.08,1.6431,,,1M
上海清算所城投债收益率曲线(AAA),到期,2026-02-13,0.08,1.6462,,,1M
上海清算所城投债收益率曲线(AAA),到期,2026-02-14,0.08,1.6097,,,1M
上海清算所城投债收益率曲线(AAA),到期,2026-02-24,0.08,1.6383,,,1M
上海清算所城投债收益率曲线(AAA),到期,2026-02-25,0.08,1.6388,,,1M
上海清算所城投债收益率曲线(AAA),到期,2026-02-26,0.08,1.6308,,,1M
上海清算所城投债收益率曲线(AAA),到期,2026-02-27,0.08,1.632,,,1M
上海清算所城投债收益率曲线(AAA),到期,2026-02-28,0.08,1.6262,,,1M
上海清算所城投债收益率曲线(AAA),到期,2026-03-02,0.08,1.6457,,,1M
上海清算所城投债收益率曲线(AAA),到期,2026-03-03,0.08,1.6403,,,1M
上海清算所城投债收益率曲线(AAA),到期,2026-03-04,0.08,1.6401,,,1M
上海清算所城投债收益率曲线(AAA),到期,2026-03-05,0.08,1.6156,,,1M
上海清算所城投债收益率曲线(AAA),到期,2026-02-03,0.25,1.6413,,,3M
上海清算所城投债收益率曲线(AAA),到期,2026-02-04,0.25,1.6476,,,3M
上海清算所城投债收益率曲线(AAA),到期,2026-02-05,0.25,1.6554,,,3M
上海清算所城投债收益率曲线(AAA),到期,2026-02-06,0.25,1.6568,,,3M
上海清算所城投债收益率曲线(AAA),到期,2026-02-09,0.25,1.6671,,,3M
上海清算所城投债收益率曲线(AAA),到期,2026-02-10,0.25,1.667,,,3M
上海清算所城投债收益率曲线(AAA),到期,2026-02-11,0.25,1.6719,,,3M
上海清算所城投债收益率曲线(AAA),到期,2026-02-12,0.25,1.6857,,,3M
上海清算所城投债收益率曲线(AAA),到期,2026-02-13,0.25,1.6763,,,3M
上海清算所城投债收益率曲线(AAA),到期,2026-02-14,0.25,1.638,,,3M
上海清算所城投债收益率曲线(AAA),到期,2026-02-24,0.25,1.6437,,,3M
上海清算所城投债收益率曲线(AAA),到期,2026-02-25,0.25,1.6603,,,3M
上海清算所城投债收益率曲线(AAA),到期,2026-02-26,0.25,1.645,,,3M
上海清算所城投债收益率曲线(AAA),到期,2026-02-27,0.25,1.6624,,,3M
上海清算所城投债收益率曲线(AAA),到期,2026-02-28,0.25,1.6496,,,3M
上海清算所城投债收益率曲线(AAA),到期,2026-03-02,0.25,1.6548,,,3M
上海清算所城投债收益率曲线(AAA),到期,2026-03-03,0.25,1.648,,,3M
上海清算所城投债收益率曲线(AAA),到期,2026-03-04,0.25,1.6494,,,3M
上海清算所城投债收益率曲线(AAA),到期,2026-03-05,0.25,1.6314,,,3M
上海清算所城投债收益率曲线(AAA),到期,2026-02-03,0.5,1.6669,,,6M
上海清算所城投债收益率曲线(AAA),到期,2026-02-04,0.5,1.6683,,,6M
上海清算所城投债收益率曲线(AAA),到期,2026-02-05,0.5,1.6751,,,6M
上海清算所城投债收益率曲线(AAA),到期,2026-02-06,0.5,1.6955,,,6M
上海清算所城投债收益率曲线(AAA),到期,2026-02-09,0.5,1.6734,,,6M
上海清算所城投债收益率曲线(AAA),到期,2026-02-10,0.5,1.6682,,,6M
上海清算所城投债收益率曲线(AAA),到期,2026-02-11,0.5,1.69,,,6M
上海清算所城投债收益率曲线(AAA),到期,2026-02-12,0.5,1.6917,,,6M
上海清算所城投债收益率曲线(AAA),到期,2026-02-13,0.5,1.6802,,,6M
上海清算所城投债收益率曲线(AAA),到期,2026-02-14,0.5,1.6886,,,6M
上海清算所城投债收益率曲线(AAA),到期,2026-02-24,0.5,1.679,,,6M
上海清算所城投债收益率曲线(AAA),到期,2026-02-25,0.5,1.6671,,,6M
上海清算所城投债收益率曲线(AAA),到期,2026-02-26,0.5,1.6658,,,6M
上海清算所城投债收益率曲线(AAA),到期,2026-02-27,0.5,1.666,,,6M
上海清算所城投债收益率曲线(AAA),到期,2026-02-28,0.5,1.6687,,,6M
上海清算所城投债收益率曲线(AAA),到期,2026-03-02,0.5,1.6581,,,6M
上海清算所城投债收益率曲线(AAA),到期,2026-03-03,0.5,1.6561,,,6M
上海清算所城投债收益率曲线(AAA),到期,2026-03-04,0.5,1.6523,,,6M
上海清算所城投债收益率曲线(AAA),到期,2026-03-05,0.5,1.6392,,,6M
上海清算所城投债收益率曲线(AAA),到期,2026-02-03,0.75,1.6895,,,9M
上海清算所城投债收益率曲线(AAA),到期,2026-02-04,0.75,1.7037,,,9M
上海清算所城投债收益率曲线(AAA),到期,2026-02-05,0.75,1.6994,,,9M
上海清算所城投债收益率曲线(AAA),到期,2026-02-06,0.75,1.7047,,,9M
上海清算所城投债收益率曲线(AAA),到期,2026-02-09,0.75,1.6767,,,9M
上海清算所城投债收益率曲线(AAA),到期,2026-02-10,0.75,1.6698,,,9M
上海清算所城投债收益率曲线(AAA),到期,2026-02-11,0.75,1.6987,,,9M
上海清算所城投债收益率曲线(AAA),到期,2026-02-12,0.75,1.6973,,,9M
上海清算所城投债收益率曲线(AAA),到期,2026-02-13,0.75,1.6891,,,9M
上海清算所城投债收益率曲线(AAA),到期,2026-02-14,0.75,1.7,,,9M
上海清算所城投债收益率曲线(AAA),到期,2026-02-24,0.75,1.6748,,,9M
上海清算所城投债收益率曲线(AAA),到期,2026-02-25,0.75,1.6832,,,9M
上海清算所城投债收益率曲线(AAA),到期,2026-02-26,0.75,1.6893,,,9M
上海清算所城投债收益率曲线(AAA),到期,2026-02-27,0.75,1.6889,,,9M
上海清算所城投债收益率曲线(AAA),到期,2026-02-28,0.75,1.6949,,,9M
上海清算所城投债收益率曲线(AAA),到期,2026-03-02,0.75,1.6797,,,9M
上海清算所城投债收益率曲线(AAA),到期,2026-03-03,0.75,1.6667,,,9M
上海清算所城投债收益率曲线(AAA),到期,2026-03-04,0.75,1.6648,,,9M
上海清算所城投债收益率曲线(AAA),到期,2026-03-05,0.75,1.6554,,,9M
上海清算所城投债收益率曲线(AAA),到期,2026-02-03,1,1.7073,,,1Y
上海清算所城投债收益率曲线(AAA),到期,2026-02-04,1,1.7134,,,1Y
上海清算所城投债收益率曲线(AAA),到期,2026-02-05,1,1.7138,,,1Y
上海清算所城投债收益率曲线(AAA),到期,2026-02-06,1,1.7193,,,1Y
上海清算所城投债收益率曲线(AAA),到期,2026-02-09,1,1.7008,,,1Y
上海清算所城投债收益率曲线(AAA),到期,2026-02-10,1,1.6946,,,1Y
上海清算所城投债收益率曲线(AAA),到期,2026-02-11,1,1.7056,,,1Y
上海清算所城投债收益率曲线(AAA),到期,2026-02-12,1,1.7007,,,1Y
上海清算所城投债收益率曲线(AAA),到期,2026-02-13,1,1.7002,,,1Y
上海清算所城投债收益率曲线(AAA),到期,2026-02-14,1,1.7,,,1Y
上海清算所城投债收益率曲线(AAA),到期,2026-02-24,1,1.6994,,,1Y
上海清算所城投债收益率曲线(AAA),到期,2026-02-25,1,1.6959,,,1Y
上海清算所城投债收益率曲线(AAA),到期,2026-02-26,1,1.7039,,,1Y
上海清算所城投债收益率曲线(AAA),到期,2026-02-27,1,1.7004,,,1Y
上海清算所城投债收益率曲线(AAA),到期,2026-02-28,1,1.7006,,,1Y
上海清算所城投债收益率曲线(AAA),到期,2026-03-02,1,1.6895,,,1Y
上海清算所城投债收益率曲线(AAA),到期,2026-03-03,1,1.6836,,,1Y
上海清算所城投债收益率曲线(AAA),到期,2026-03-04,1,1.6774,,,1Y
上海清算所城投债收益率曲线(AAA),到期,2026-03-05,1,1.6792,,,1Y
上海清算所城投债收益率曲线(AAA),到期,2026-02-03,10,2.3785,,,10Y
上海清算所城投债收益率曲线(AAA),到期,2026-02-04,10,2.3728,,,10Y
上海清算所城投债收益率曲线(AAA),到期,2026-02-05,10,2.4031,,,10Y
上海清算所城投债收益率曲线(AAA),到期,2026-02-06,10,2.409,,,10Y
上海清算所城投债收益率曲线(AAA),到期,2026-02-09,10,2.3964,,,10Y
上海清算所城投债收益率曲线(AAA),到期,2026-02-10,10,2.379,,,10Y
上海清算所城投债收益率曲线(AAA),到期,2026-02-11,10,2.3668,,,10Y
上海清算所城投债收益率曲线(AAA),到期,2026-02-12,10,2.3246,,,10Y
上海清算所城投债收益率曲线(AAA),到期,2026-02-13,10,2.2971,,,10Y
上海清算所城投债收益率曲线(AAA),到期,2026-02-14,10,2.2787,,,10Y
上海清算所城投债收益率曲线(AAA),到期,2026-02-24,10,2.2749,,,10Y
上海清算所城投债收益率曲线(AAA),到期,2026-02-25,10,2.2894,,,10Y
上海清算所城投债收益率曲线(AAA),到期,2026-02-26,10,2.2988,,,10Y
上海清算所城投债收益率曲线(AAA),到期,2026-02-27,10,2.3009,,,10Y
上海清算所城投债收益率曲线(AAA),到期,2026-02-28,10,2.2885,,,10Y
上海清算所城投债收益率曲线(AAA),到期,2026-03-02,10,2.3084,,,10Y
上海清算所城投债收益率曲线(AAA),到期,2026-03-03,10,2.3101,,,10Y
上海清算所城投债收益率曲线(AAA),到期,2026-03-04,10,2.2997,,,10Y
上海清算所城投债收益率曲线(AAA),到期,2026-03-05,10,2.2893,,,10Y
上海清算所城投债收益率曲线(AAA),到期,2026-02-03,11,2.3882,,,11Y
上海清算所城投债收益率曲线(AAA),到期,2026-02-04,11,2.4011,,,11Y
上海清算所城投债收益率曲线(AAA),到期,2026-02-05,11,2.4233,,,11Y
上海清算所城投债收益率曲线(AAA),到期,2026-02-06,11,2.4117,,,11Y
上海清算所城投债收益率曲线(AAA),到期,2026-02-09,11,2.4113,,,11Y
上海清算所城投债收益率曲线(AAA),到期,2026-02-10,11,2.3977,,,11Y
上海清算所城投债收益率曲线(AAA),到期,2026-02-11,11,2.387,,,11Y
上海清算所城投债收益率曲线(AAA),到期,2026-02-12,11,2.3493,,,11Y
上海清算所城投债收益率曲线(AAA),到期,2026-02-13,11,2.3159,,,11Y
上海清算所城投债收益率曲线(AAA),到期,2026-02-14,11,2.3002,,,11Y
上海清算所城投债收益率曲线(AAA),到期,2026-02-24,11,2.2857,,,11Y
上海清算所城投债收益率曲线(AAA),到期,2026-02-25,11,2.295,,,11Y
上海清算所城投债收益率曲线(AAA),到期,2026-02-26,11,2.3038,,,11Y
上海清算所城投债收益率曲线(AAA),到期,2026-02-27,11,2.3366,,,11Y
上海清算所城投债收益率曲线(AAA),到期,2026-02-28,11,2.3224,,,11Y
上海清算所城投债收益率曲线(AAA),到期,2026-03-02,11,2.3372,,,11Y
上海清算所城投债收益率曲线(AAA),到期,2026-03-03,11,2.3361,,,11Y
上海清算所城投债收益率曲线(AAA),到期,2026-03-04,11,2.3293,,,11Y
上海清算所城投债收益率曲线(AAA),到期,2026-03-05,11,2.3189,,,11Y
上海清算所城投债收益率曲线(AAA),到期,2026-02-03,12,2.4143,,,12Y
上海清算所城投债收益率曲线(AAA),到期,2026-02-04,12,2.4233,,,12Y
上海清算所城投债收益率曲线(AAA),到期,2026-02-05,12,2.4335,,,12Y
上海清算所城投债收益率曲线(AAA),到期,2026-02-06,12,2.4344,,,12Y
上海清算所城投债收益率曲线(AAA),到期,2026-02-09,12,2.4227,,,12Y
上海清算所城投债收益率曲线(AAA),到期,2026-02-10,12,2.4126,,,12Y
上海清算所城投债收益率曲线(AAA),到期,2026-02-11,12,2.4034,,,12Y
上海清算所城投债收益率曲线(AAA),到期,2026-02-12,12,2.3715,,,12Y
上海清算所城投债收益率曲线(AAA),到期,2026-02-13,12,2.3376,,,12Y
上海清算所城投债收益率曲线(AAA),到期,2026-02-14,12,2.3251,,,12Y
上海清算所城投债收益率曲线(AAA),到期,2026-02-24,12,2.3165,,,12Y
上海清算所城投债收益率曲线(AAA),到期,2026-02-25,12,2.3196,,,12Y
上海清算所城投债收益率曲线(AAA),到期,2026-02-26,12,2.3293,,,12Y
上海清算所城投债收益率曲线(AAA),到期,2026-02-27,12,2.3524,,,12Y
上海清算所城投债收益率曲线(AAA),到期,2026-02-28,12,2.337,,,12Y
上海清算所城投债收益率曲线(AAA),到期,2026-03-02,12,2.3629,,,12Y
上海清算所城投债收益率曲线(AAA),到期,2026-03-03,12,2.3593,,,12Y
上海清算所城投债收益率曲线(AAA),到期,2026-03-04,12,2.3548,,,12Y
上海清算所城投债收益率曲线(AAA),到期,2026-03-05,12,2.3445,,,12Y
上海清算所城投债收益率曲线(AAA),到期,2026-02-03,13,2.4386,,,13Y
上海清算所城投债收益率曲线(AAA),到期,2026-02-04,13,2.4422,,,13Y
上海清算所城投债收益率曲线(AAA),到期,2026-02-05,13,2.438,,,13Y
上海清算所城投债收益率曲线(AAA),到期,2026-02-06,13,2.4411,,,13Y
上海清算所城投债收益率曲线(AAA),到期,2026-02-09,13,2.4316,,,13Y
上海清算所城投债收益率曲线(AAA),到期,2026-02-10,13,2.4245,,,13Y
上海清算所城投债收益率曲线(AAA),到期,2026-02-11,13,2.4171,,,13Y
上海清算所城投债收益率曲线(AAA),到期,2026-02-12,13,2.3919,,,13Y
上海清算所城投债收益率曲线(AAA),到期,2026-02-13,13,2.3614,,,13Y
上海清算所城投债收益率曲线(AAA),到期,2026-02-14,13,2.3525,,,13Y
上海清算所城投债收益率曲线(AAA),到期,2026-02-24,13,2.3473,,,13Y
上海清算所城投债收益率曲线(AAA),到期,2026-02-25,13,2.3498,,,13Y
上海清算所城投债收益率曲线(AAA),到期,2026-02-26,13,2.3612,,,13Y
上海清算所城投债收益率曲线(AAA),到期,2026-02-27,13,2.382,,,13Y
上海清算所城投债收益率曲线(AAA),到期,2026-02-28,13,2.3661,,,13Y
上海清算所城投债收益率曲线(AAA),到期,2026-03-02,13,2.3863,,,13Y
上海清算所城投债收益率曲线(AAA),到期,2026-03-03,13,2.3805,,,13Y
上海清算所城投债收益率曲线(AAA),到期,2026-03-04,13,2.3772,,,13Y
上海清算所城投债收益率曲线(AAA),到期,2026-03-05,13,2.367,,,13Y
上海清算所城投债收益率曲线(AAA),到期,2026-02-03,14,2.4425,,,14Y
上海清算所城投债收益率曲线(AAA),到期,2026-02-04,14,2.4605,,,14Y
上海清算所城投债收益率曲线(AAA),到期,2026-02-05,14,2.4414,,,14Y
上海清算所城投债收益率曲线(AAA),到期,2026-02-06,14,2.4438,,,14Y
上海清算所城投债收益率曲线(AAA),到期,2026-02-09,14,2.4387,,,14Y
上海清算所城投债收益率曲线(AAA),到期,2026-02-10,14,2.4345,,,14Y
上海清算所城投债收益率曲线(AAA),到期,2026-02-11,14,2.4289,,,14Y
上海清算所城投债收益率曲线(AAA),到期,2026-02-12,14,2.4111,,,14Y
上海清算所城投债收益率曲线(AAA),到期,2026-02-13,14,2.3866,,,14Y
上海清算所城投债收益率曲线(AAA),到期,2026-02-14,14,2.3816,,,14Y
上海清算所城投债收益率曲线(AAA),到期,2026-02-24,14,2.3781,,,14Y
上海清算所城投债收益率曲线(AAA),到期,2026-02-25,14,2.3799,,,14Y
上海清算所城投债收益率曲线(AAA),到期,2026-02-26,14,2.3932,,,14Y
上海清算所城投债收益率曲线(AAA),到期,2026-02-27,14,2.4084,,,14Y
上海清算所城投债收益率曲线(AAA),到期,2026-02-28,14,2.393,,,14Y
上海清算所城投债收益率曲线(AAA),到期,2026-03-02,14,2.4082,,,14Y
上海清算所城投债收益率曲线(AAA),到期,2026-03-03,14,2.4002,,,14Y
上海清算所城投债收益率曲线(AAA),到期,2026-03-04,14,2.3975,,,14Y
上海清算所城投债收益率曲线(AAA),到期,2026-03-05,14,2.3874,,,14Y
上海清算所城投债收益率曲线(AAA),到期,2026-02-03,15,2.4564,,,15Y
上海清算所城投债收益率曲线(AAA),到期,2026-02-04,15,2.4788,,,15Y
上海清算所城投债收益率曲线(AAA),到期,2026-02-05,15,2.4443,,,15Y
上海清算所城投债收益率曲线(AAA),到期,2026-02-06,15,2.4475,,,15Y
上海清算所城投债收益率曲线(AAA),到期,2026-02-09,15,2.445,,,15Y
上海清算所城投债收益率曲线(AAA),到期,2026-02-10,15,2.4435,,,15Y
上海清算所城投债收益率曲线(AAA),到期,2026-02-11,15,2.4397,,,15Y
上海清算所城投债收益率曲线(AAA),到期,2026-02-12,15,2.4296,,,15Y
上海清算所城投债收益率曲线(AAA),到期,2026-02-13,15,2.4125,,,15Y
上海清算所城投债收益率曲线(AAA),到期,2026-02-14,15,2.4116,,,15Y
上海清算所城投债收益率曲线(AAA),到期,2026-02-24,15,2.4189,,,15Y
上海清算所城投债收益率曲线(AAA),到期,2026-02-25,15,2.4065,,,15Y
上海清算所城投债收益率曲线(AAA),到期,2026-02-26,15,2.4212,,,15Y
上海清算所城投债收益率曲线(AAA),到期,2026-02-27,15,2.4397,,,15Y
上海清算所城投债收益率曲线(AAA),到期,2026-02-28,15,2.426,,,15Y
上海清算所城投债收益率曲线(AAA),到期,2026-03-02,15,2.4293,,,15Y
上海清算所城投债收益率曲线(AAA),到期,2026-03-03,15,2.4193,,,15Y
上海清算所城投债收益率曲线(AAA),到期,2026-03-04,15,2.4168,,,15Y
上海清算所城投债收益率曲线(AAA),到期,2026-03-05,15,2.4069,,,15Y
上海清算所城投债收益率曲线(AAA),到期,2026-02-03,2,1.7967,,,2Y
上海清算所城投债收益率曲线(AAA),到期,2026-02-04,2,1.7939,,,2Y
上海清算所城投债收益率曲线(AAA),到期,2026-02-05,2,1.7934,,,2Y
上海清算所城投债收益率曲线(AAA),到期,2026-02-06,2,1.7866,,,2Y
上海清算所城投债收益率曲线(AAA),到期,2026-02-09,2,1.7854,,,2Y
上海清算所城投债收益率曲线(AAA),到期,2026-02-10,2,1.7819,,,2Y
上海清算所城投债收益率曲线(AAA),到期,2026-02-11,2,1.7819,,,2Y
上海清算所城投债收益率曲线(AAA),到期,2026-02-12,2,1.7751,,,2Y
上海清算所城投债收益率曲线(AAA),到期,2026-02-13,2,1.7696,,,2Y
上海清算所城投债收益率曲线(AAA),到期,2026-02-14,2,1.7761,,,2Y
上海清算所城投债收益率曲线(AAA),到期,2026-02-24,2,1.7751,,,2Y
上海清算所城投债收益率曲线(AAA),到期,2026-02-25,2,1.7495,,,2Y
上海清算所城投债收益率曲线(AAA),到期,2026-02-26,2,1.7542,,,2Y
上海清算所城投债收益率曲线(AAA),到期,2026-02-27,2,1.7696,,,2Y
上海清算所城投债收益率曲线(AAA),到期,2026-02-28,2,1.7681,,,2Y
上海清算所城投债收益率曲线(AAA),到期,2026-03-02,2,1.7727,,,2Y
上海清算所城投债收益率曲线(AAA),到期,2026-03-03,2,1.7644,,,2Y
上海清算所城投债收益率曲线(AAA),到期,2026-03-04,2,1.7637,,,2Y
上海清算所城投债收益率曲线(AAA),到期,2026-03-05,2,1.7553,,,2Y
上海清算所城投债收益率曲线(AAA),到期,2026-02-03,3,1.8516,,,3Y
上海清算所城投债收益率曲线(AAA),到期,2026-02-04,3,1.85,,,3Y
上海清算所城投债收益率曲线(AAA),到期,2026-02-05,3,1.8611,,,3Y
上海清算所城投债收益率曲线(AAA),到期,2026-02-06,3,1.8587,,,3Y
上海清算所城投债收益率曲线(AAA),到期,2026-02-09,3,1.8408,,,3Y
上海清算所城投债收益率曲线(AAA),到期,2026-02-10,3,1.85,,,3Y
上海清算所城投债收益率曲线(AAA),到期,2026-02-11,3,1.84,,,3Y
上海清算所城投债收益率曲线(AAA),到期,2026-02-12,3,1.85,,,3Y
上海清算所城投债收益率曲线(AAA),到期,2026-02-13,3,1.83,,,3Y
上海清算所城投债收益率曲线(AAA),到期,2026-02-14,3,1.8526,,,3Y
上海清算所城投债收益率曲线(AAA),到期,2026-02-24,3,1.8182,,,3Y
上海清算所城投债收益率曲线(AAA),到期,2026-02-25,3,1.8229,,,3Y
上海清算所城投债收益率曲线(AAA),到期,2026-02-26,3,1.8298,,,3Y
上海清算所城投债收益率曲线(AAA),到期,2026-02-27,3,1.8349,,,3Y
上海清算所城投债收益率曲线(AAA),到期,2026-02-28,3,1.8324,,,3Y
上海清算所城投债收益率曲线(AAA),到期,2026-03-02,3,1.8229,,,3Y
上海清算所城投债收益率曲线(AAA),到期,2026-03-03,3,1.8229,,,3Y
上海清算所城投债收益率曲线(AAA),到期,2026-03-04,3,1.83,,,3Y
上海清算所城投债收益率曲线(AAA),到期,2026-03-05,3,1.8254,,,3Y
上海清算所城投债收益率曲线(AAA),到期,2026-02-03,4,1.9384,,,4Y
上海清算所城投债收益率曲线(AAA),到期,2026-02-04,4,1.9155,,,4Y
上海清算所城投债收益率曲线(AAA),到期,2026-02-05,4,1.9498,,,4Y
上海清算所城投债收益率曲线(AAA),到期,2026-02-06,4,1.9581,,,4Y
上海清算所城投债收益率曲线(AAA),到期,2026-02-09,4,1.9252,,,4Y
上海清算所城投债收益率曲线(AAA),到期,2026-02-10,4,1.919,,,4Y
上海清算所城投债收益率曲线(AAA),到期,2026-02-11,4,1.9136,,,4Y
上海清算所城投债收益率曲线(AAA),到期,2026-02-12,4,1.9038,,,4Y
上海清算所城投债收益率曲线(AAA),到期,2026-02-13,4,1.8991,,,4Y
上海清算所城投债收益率曲线(AAA),到期,2026-02-14,4,1.9027,,,4Y
上海清算所城投债收益率曲线(AAA),到期,2026-02-24,4,1.875,,,4Y
上海清算所城投债收益率曲线(AAA),到期,2026-02-25,4,1.8973,,,4Y
上海清算所城投债收益率曲线(AAA),到期,2026-02-26,4,1.9057,,,4Y
上海清算所城投债收益率曲线(AAA),到期,2026-02-27,4,1.9214,,,4Y
上海清算所城投债收益率曲线(AAA),到期,2026-02-28,4,1.9158,,,4Y
上海清算所城投债收益率曲线(AAA),到期,2026-03-02,4,1.9249,,,4Y
上海清算所城投债收益率曲线(AAA),到期,2026-03-03,4,1.9162,,,4Y
上海清算所城投债收益率曲线(AAA),到期,2026-03-04,4,1.92,,,4Y
上海清算所城投债收益率曲线(AAA),到期,2026-03-05,4,1.8907,,,4Y
上海清算所城投债收益率曲线(AAA),到期,2026-02-03,5,1.9615,,,5Y
上海清算所城投债收益率曲线(AAA),到期,2026-02-04,5,1.9922,,,5Y
上海清算所城投债收益率曲线(AAA),到期,2026-02-05,5,2.0072,,,5Y
上海清算所城投债收益率曲线(AAA),到期,2026-02-06,5,1.9807,,,5Y
上海清算所城投债收益率曲线(AAA),到期,2026-02-09,5,1.9712,,,5Y
上海清算所城投债收益率曲线(AAA),到期,2026-02-10,5,1.96,,,5Y
上海清算所城投债收益率曲线(AAA),到期,2026-02-11,5,1.9482,,,5Y
上海清算所城投债收益率曲线(AAA),到期,2026-02-12,5,1.96,,,5Y
上海清算所城投债收益率曲线(AAA),到期,2026-02-13,5,1.9449,,,5Y
上海清算所城投债收益率曲线(AAA),到期,2026-02-14,5,1.9368,,,5Y
上海清算所城投债收益率曲线(AAA),到期,2026-02-24,5,1.9508,,,5Y
上海清算所城投债收益率曲线(AAA),到期,2026-02-25,5,1.9365,,,5Y
上海清算所城投债收益率曲线(AAA),到期,2026-02-26,5,1.9465,,,5Y
上海清算所城投债收益率曲线(AAA),到期,2026-02-27,5,1.9507,,,5Y
上海清算所城投债收益率曲线(AAA),到期,2026-02-28,5,1.9427,,,5Y
上海清算所城投债收益率曲线(AAA),到期,2026-03-02,5,1.955,,,5Y
上海清算所城投债收益率曲线(AAA),到期,2026-03-03,5,1.96,,,5Y
上海清算所城投债收益率曲线(AAA),到期,2026-03-04,5,1.9355,,,5Y
上海清算所城投债收益率曲线(AAA),到期,2026-03-05,5,1.9378,,,5Y
上海清算所城投债收益率曲线(AAA),到期,2026-02-03,6,2.0678,,,6Y
上海清算所城投债收益率曲线(AAA),到期,2026-02-04,6,2.0977,,,6Y
上海清算所城投债收益率曲线(AAA),到期,2026-02-05,6,2.1028,,,6Y
上海清算所城投债收益率曲线(AAA),到期,2026-02-06,6,2.0781,,,6Y
上海清算所城投债收益率曲线(AAA),到期,2026-02-09,6,2.0518,,,6Y
上海清算所城投债收益率曲线(AAA),到期,2026-02-10,6,2.0548,,,6Y
上海清算所城投债收益率曲线(AAA),到期,2026-02-11,6,2.0508,,,6Y
上海清算所城投债收益率曲线(AAA),到期,2026-02-12,6,2.0468,,,6Y
上海清算所城投债收益率曲线(AAA),到期,2026-02-13,6,2.0393,,,6Y
上海清算所城投债收益率曲线(AAA),到期,2026-02-14,6,2.0272,,,6Y
上海清算所城投债收益率曲线(AAA),到期,2026-02-24,6,2.0316,,,6Y
上海清算所城投债收益率曲线(AAA),到期,2026-02-25,6,2.0351,,,6Y
上海清算所城投债收益率曲线(AAA),到期,2026-02-26,6,2.0503,,,6Y
上海清算所城投债收益率曲线(AAA),到期,2026-02-27,6,2.0294,,,6Y
上海清算所城投债收益率曲线(AAA),到期,2026-02-28,6,2.023,,,6Y
上海清算所城投债收益率曲线(AAA),到期,2026-03-02,6,2.0226,,,6Y
上海清算所城投债收益率曲线(AAA),到期,2026-03-03,6,2.0143,,,6Y
上海清算所城投债收益率曲线(AAA),到期,2026-03-04,6,2.0184,,,6Y
上海清算所城投债收益率曲线(AAA),到期,2026-03-05,6,2.0259,,,6Y
上海清算所城投债收益率曲线(AAA),到期,2026-02-03,7,2.1915,,,7Y
上海清算所城投债收益率曲线(AAA),到期,2026-02-04,7,2.2002,,,7Y
上海清算所城投债收益率曲线(AAA),到期,2026-02-05,7,2.2106,,,7Y
上海清算所城投债收益率曲线(AAA),到期,2026-02-06,7,2.2106,,,7Y
上海清算所城投债收益率曲线(AAA),到期,2026-02-09,7,2.206,,,7Y
上海清算所城投债收益率曲线(AAA),到期,2026-02-10,7,2.2049,,,7Y
上海清算所城投债收益率曲线(AAA),到期,2026-02-11,7,2.2099,,,7Y
上海清算所城投债收益率曲线(AAA),到期,2026-02-12,7,2.1725,,,7Y
上海清算所城投债收益率曲线(AAA),到期,2026-02-13,7,2.1636,,,7Y
上海清算所城投债收益率曲线(AAA),到期,2026-02-14,7,2.1524,,,7Y
上海清算所城投债收益率曲线(AAA),到期,2026-02-24,7,2.1524,,,7Y
上海清算所城投债收益率曲线(AAA),到期,2026-02-25,7,2.155,,,7Y
上海清算所城投债收益率曲线(AAA),到期,2026-02-26,7,2.1736,,,7Y
上海清算所城投债收益率曲线(AAA),到期,2026-02-27,7,2.1803,,,7Y
上海清算所城投债收益率曲线(AAA),到期,2026-02-28,7,2.175,,,7Y
上海清算所城投债收益率曲线(AAA),到期,2026-03-02,7,2.1874,,,7Y
上海清算所城投债收益率曲线(AAA),到期,2026-03-03,7,2.1775,,,7Y
上海清算所城投债收益率曲线(AAA),到期,2026-03-04,7,2.1768,,,7Y
上海清算所城投债收益率曲线(AAA),到期,2026-03-05,7,2.1686,,,7Y
上海清算所城投债收益率曲线(AAA),到期,2026-02-03,8,2.2786,,,8Y
上海清算所城投债收益率曲线(AAA),到期,2026-02-04,8,2.2794,,,8Y
上海清算所城投债收益率曲线(AAA),到期,2026-02-05,8,2.2815,,,8Y
上海清算所城投债收益率曲线(AAA),到期,2026-02-06,8,2.2828,,,8Y
上海清算所城投债收益率曲线(AAA),到期,2026-02-09,8,2.2737,,,8Y
上海清算所城投债收益率曲线(AAA),到期,2026-02-10,8,2.2686,,,8Y
上海清算所城投债收益率曲线(AAA),到期,2026-02-11,8,2.2451,,,8Y
上海清算所城投债收益率曲线(AAA),到期,2026-02-12,8,2.24,,,8Y
上海清算所城投债收益率曲线(AAA),到期,2026-02-13,8,2.2043,,,8Y
上海清算所城投债收益率曲线(AAA),到期,2026-02-14,8,2.1962,,,8Y
上海清算所城投债收益率曲线(AAA),到期,2026-02-24,8,2.1932,,,8Y
上海清算所城投债收益率曲线(AAA),到期,2026-02-25,8,2.1928,,,8Y
上海清算所城投债收益率曲线(AAA),到期,2026-02-26,8,2.2094,,,8Y
上海清算所城投债收益率曲线(AAA),到期,2026-02-27,8,2.2283,,,8Y
上海清算所城投债收益率曲线(AAA),到期,2026-02-28,8,2.221,,,8Y
上海清算所城投债收益率曲线(AAA),到期,2026-03-02,8,2.2196,,,8Y
上海清算所城投债收益率曲线(AAA),到期,2026-03-03,8,2.2116,,,8Y
上海清算所城投债收益率曲线(AAA),到期,2026-03-04,8,2.2069,,,8Y
上海清算所城投债收益率曲线(AAA),到期,2026-03-05,8,2.2083,,,8Y
上海清算所城投债收益率曲线(AAA),到期,2026-02-03,9,2.323,,,9Y
上海清算所城投债收益率曲线(AAA),到期,2026-02-04,9,2.3341,,,9Y
上海清算所城投债收益率曲线(AAA),到期,2026-02-05,9,2.3428,,,9Y
上海清算所城投债收益率曲线(AAA),到期,2026-02-06,9,2.3463,,,9Y
上海清算所城投债收益率曲线(AAA),到期,2026-02-09,9,2.3312,,,9Y
上海清算所城投债收益率曲线(AAA),到期,2026-02-10,9,2.3227,,,9Y
上海清算所城投债收益率曲线(AAA),到期,2026-02-11,9,2.3187,,,9Y
上海清算所城投债收益率曲线(AAA),到期,2026-02-12,9,2.29,,,9Y
上海清算所城投债收益率曲线(AAA),到期,2026-02-13,9,2.2834,,,9Y
上海清算所城投债收益率曲线(AAA),到期,2026-02-14,9,2.2633,,,9Y
上海清算所城投债收益率曲线(AAA),到期,2026-02-24,9,2.2741,,,9Y
上海清算所城投债收益率曲线(AAA),到期,2026-02-25,9,2.2793,,,9Y
上海清算所城投债收益率曲线(AAA),到期,2026-02-26,9,2.2918,,,9Y
上海清算所城投债收益率曲线(AAA),到期,2026-02-27,9,2.2851,,,9Y
上海清算所城投债收益率曲线(AAA),到期,2026-02-28,9,2.2751,,,9Y
上海清算所城投债收益率曲线(AAA),到期,2026-03-02,9,2.2668,,,9Y
上海清算所城投债收益率曲线(AAA),到期,2026-03-03,9,2.2726,,,9Y
上海清算所城投债收益率曲线(AAA),到期,2026-03-04,9,2.2491,,,9Y
上海清算所城投债收益率曲线(AAA),到期,2026-03-05,9,2.2394,,,9Y
上海清算所城投债收益率曲线(AAA),远期的即期,2026-02-03,0,2.5438,1,14,14Y
上海清算所城投债收益率曲线(AAA),远期的即期,2026-02-03,0,2.5322,1,13,13Y
上海清算所城投债收益率曲线(AAA),远期的即期,2026-02-03,0,2.5345,1,12,12Y
上海清算所城投债收益率曲线(AAA),远期的即期,2026-02-03,0,2.5117,1,11,11Y
上海清算所城投债收益率曲线(AAA),远期的即期,2026-02-03,0,2.4877,1,10,10Y
上海清算所城投债收益率曲线(AAA),远期的即期,2026-02-03,0,2.4863,1,9,9Y
上海清算所城投债收益率曲线(AAA),远期的即期,2026-02-03,0,2.4285,1,8,8Y
上海清算所城投债收益率曲线(AAA),远期的即期,2026-02-03,0,2.3865,1,7,7Y
上海清算所城投债收益率曲线(AAA),远期的即期,2026-02-03,0,2.2922,1,6,6Y
上海清算所城投债收益率曲线(AAA),远期的即期,2026-02-03,0,2.1511,1,5,5Y
上海清算所城投债收益率曲线(AAA),远期的即期,2026-02-03,0,2.0302,1,4,4Y
上海清算所城投债收益率曲线(AAA),远期的即期,2026-02-03,0,2.0206,1,3,3Y
上海清算所城投债收益率曲线(AAA),远期的即期,2026-02-03,0,1.9262,1,2,2Y
上海清算所城投债收益率曲线(AAA),远期的即期,2026-02-03,0,1.8878,1,1,1Y
上海清算所城投债收益率曲线(AAA),远期的即期,2026-02-03,0,2.5944,2,13,13Y
上海清算所城投债收益率曲线(AAA),远期的即期,2026-02-03,0,2.586,2,12,12Y
上海清算所城投债收益率曲线(AAA),远期的即期,2026-02-03,0,2.5935,2,11,11Y
上海清算所城投债收益率曲线(AAA),远期的即期,2026-02-03,0,2.5743,2,10,10Y
上海清算所城投债收益率曲线(AAA),远期的即期,2026-02-03,0,2.5546,2,9,9Y
上海清算所城投债收益率曲线(AAA),远期的即期,2026-02-03,0,2.5614,2,8,8Y
上海清算所城投债收益率曲线(AAA),远期的即期,2026-02-03,0,2.506,2,7,7Y
上海清算所城投债收益率曲线(AAA),远期的即期,2026-02-03,0,2.4699,2,6,6Y
上海清算所城投债收益率曲线(AAA),远期的即期,2026-02-03,0,2.3732,2,5,5Y
上海清算所城投债收益率曲线(AAA),远期的即期,2026-02-03,0,2.217,2,4,4Y
上海清算所城投债收益率曲线(AAA),远期的即期,2026-02-03,0,2.0777,2,3,3Y
上海清算所城投债收益率曲线(AAA),远期的即期,2026-02-03,0,2.0871,2,2,2Y
上海清算所城投债收益率曲线(AAA),远期的即期,2026-02-03,0,1.9646,2,1,1Y
上海清算所城投债收益率曲线(AAA),远期的即期,2026-02-03,0,2.6471,3,12,12Y
上海清算所城投债收益率曲线(AAA),远期的即期,2026-02-03,0,2.6427,3,11,11Y
上海清算所城投债收益率曲线(AAA),远期的即期,2026-02-03,0,2.6566,3,10,10Y
上海清算所城投债收益率曲线(AAA),远期的即期,2026-02-03,0,2.6422,3,9,9Y
上海清算所城投债收益率曲线(AAA),远期的即期,2026-02-03,0,2.6286,3,8,8Y
上海清算所城投债收益率曲线(AAA),远期的即期,2026-02-03,0,2.6469,3,7,7Y
上海清算所城投债收益率曲线(AAA),远期的即期,2026-02-03,0,2.5965,3,6,6Y
上海清算所城投债收益率曲线(AAA),远期的即期,2026-02-03,0,2.5713,3,5,5Y
上海清算所城投债收益率曲线(AAA),远期的即期,2026-02-03,0,2.4756,3,4,4Y
上海清算所城投债收益率曲线(AAA),远期的即期,2026-02-03,0,2.3013,3,3,3Y
上海清算所城投债收益率曲线(AAA),远期的即期,2026-02-03,0,2.1342,3,2,2Y
上海清算所城投债收益率曲线(AAA),远期的即期,2026-02-03,0,2.2097,3,1,1Y
上海清算所城投债收益率曲线(AAA),远期的即期,2026-02-03,0,2.6869,4,11,11Y
上海清算所城投债收益率曲线(AAA),远期的即期,2026-02-03,0,2.6861,4,10,10Y
上海清算所城投债收益率曲线(AAA),远期的即期,2026-02-03,0,2.7064,4,9,9Y
上海清算所城投债收益率曲线(AAA),远期的即期,2026-02-03,0,2.6964,4,8,8Y
上海清算所城投债收益率曲线(AAA),远期的即期,2026-02-03,0,2.6885,4,7,7Y
上海清算所城投债收益率曲线(AAA),远期的即期,2026-02-03,0,2.7199,4,6,6Y
上海清算所城投债收益率曲线(AAA),远期的即期,2026-02-03,0,2.674,4,5,5Y
上海清算所城投债收益率曲线(AAA),远期的即期,2026-02-03,0,2.6618,4,4,4Y
上海清算所城投债收益率曲线(AAA),远期的即期,2026-02-03,0,2.5644,4,3,3Y
上海清算所城投债收益率曲线(AAA),远期的即期,2026-02-03,0,2.3472,4,2,2Y
上海清算所城投债收益率曲线(AAA),远期的即期,2026-02-03,0,2.0588,4,1,1Y
上海清算所城投债收益率曲线(AAA),远期的即期,2026-02-03,0,2.7499,5,10,10Y
上海清算所城投债收益率曲线(AAA),远期的即期,2026-02-03,0,2.7561,5,9,9Y
上海清算所城投债收益率曲线(AAA),远期的即期,2026-02-03,0,2.7877,5,8,8Y
上海清算所城投债收益率曲线(AAA),远期的即期,2026-02-03,0,2.7878,5,7,7Y
上海清算所城投债收益率曲线(AAA),远期的即期,2026-02-03,0,2.7939,5,6,6Y
上海清算所城投债收益率曲线(AAA),远期的即期,2026-02-03,0,2.8527,5,5,5Y
上海清算所城投债收益率曲线(AAA),远期的即期,2026-02-03,0,2.8284,5,4,4Y
上海清算所城投债收益率曲线(AAA),远期的即期,2026-02-03,0,2.8637,5,3,3Y
上海清算所城投债收益率曲线(AAA),远期的即期,2026-02-03,0,2.8182,5,2,2Y
上海清算所城投债收益率曲线(AAA),远期的即期,2026-02-03,0,2.6363,5,1,1Y
上海清算所城投债收益率曲线(AAA),远期的即期,2026-02-03,0,2.7626,6,9,9Y
上海清算所城投债收益率曲线(AAA),远期的即期,2026-02-03,0,2.7711,6,8,8Y
上海清算所城投债收益率曲线(AAA),远期的即期,2026-02-03,0,2.8093,6,7,7Y
上海清算所城投债收益率曲线(AAA),远期的即期,2026-02-03,0,2.8131,6,6,6Y
上海清算所城投债收益率曲线(AAA),远期的即期,2026-02-03,0,2.8254,6,5,5Y
上海清算所城投债收益率曲线(AAA),远期的即期,2026-02-03,0,2.9068,6,4,4Y
上海清算所城投债收益率曲线(AAA),远期的即期,2026-02-03,0,2.8925,6,3,3Y
上海清算所城投债收益率曲线(AAA),远期的即期,2026-02-03,0,2.9775,6,2,2Y
上海清算所城投债收益率曲线(AAA),远期的即期,2026-02-03,0,3.0004,6,1,1Y
上海清算所城投债收益率曲线(AAA),远期的即期,2026-02-03,0,2.7329,7,8,8Y
上海清算所城投债收益率曲线(AAA),远期的即期,2026-02-03,0,2.7383,7,7,7Y
上海清算所城投债收益率曲线(AAA),远期的即期,2026-02-03,0,2.7775,7,6,6Y
上海清算所城投债收益率曲线(AAA),远期的即期,2026-02-03,0,2.7757,7,5,5Y
上海清算所城投债收益率曲线(AAA),远期的即期,2026-02-03,0,2.7817,7,4,4Y
上海清算所城投债收益率曲线(AAA),远期的即期,2026-02-03,0,2.8757,7,3,3Y
上海清算所城投债收益率曲线(AAA),远期的即期,2026-02-03,0,2.8386,7,2,2Y
上海清算所城投债收益率曲线(AAA),远期的即期,2026-02-03,0,2.9546,7,1,1Y
上海清算所城投债收益率曲线(AAA),远期的即期,2026-02-03,0,2.7012,8,7,7Y
上海清算所城投债收益率曲线(AAA),远期的即期,2026-02-03,0,2.7023,8,6,6Y
上海清算所城投债收益率曲线(AAA),远期的即期,2026-02-03,0,2.7421,8,5,5Y
上海清算所城投债收益率曲线(AAA),远期的即期,2026-02-03,0,2.731,8,4,4Y
上海清算所城投债收益率曲线(AAA),远期的即期,2026-02-03,0,2.7242,8,3,3Y
上海清算所城投债收益率曲线(AAA),远期的即期,2026-02-03,0,2.8362,8,2,2Y
上海清算所城投债收益率曲线(AAA),远期的即期,2026-02-03,0,2.7226,8,1,1Y
上海清算所城投债收益率曲线(AAA),远期的即期,2026-02-03,0,2.6977,9,6,6Y
上海清算所城投债收益率曲线(AAA),远期的即期,2026-02-03,0,2.6983,9,5,5Y
上海清算所城投债收益率曲线(AAA),远期的即期,2026-02-03,0,2.747,9,4,4Y
上海清算所城投债收益率曲线(AAA),远期的即期,2026-02-03,0,2.7338,9,3,3Y
上海清算所城投债收益率曲线(AAA),远期的即期,2026-02-03,0,2.7249,9,2,2Y
上海清算所城投债收益率曲线(AAA),远期的即期,2026-02-03,0,2.9499,9,1,1Y
上海清算所城投债收益率曲线(AAA),远期的即期,2026-02-03,0,2.6473,10,5,5Y
上海清算所城投债收益率曲线(AAA),远期的即期,2026-02-03,0,2.6355,10,4,4Y
上海清算所城投债收益率曲线(AAA),远期的即期,2026-02-03,0,2.6794,10,3,3Y
上海清算所城投债收益率曲线(AAA),远期的即期,2026-02-03,0,2.626,10,2,2Y
上海清算所城投债收益率曲线(AAA),远期的即期,2026-02-03,0,2.5005,10,1,1Y
上海清算所城投债收益率曲线(AAA),远期的即期,2026-02-03,0,2.684,11,4,4Y
上海清算所城投债收益率曲线(AAA),远期的即期,2026-02-03,0,2.6805,11,3,3Y
上海清算所城投债收益率曲线(AAA),远期的即期,2026-02-03,0,2.769,11,2,2Y
上海清算所城投债收益率曲线(AAA),远期的即期,2026-02-03,0,2.7516,11,1,1Y
上海清算所城投债收益率曲线(AAA),远期的即期,2026-02-03,0,2.6615,12,3,3Y
上海清算所城投债收益率曲线(AAA),远期的即期,2026-02-03,0,2.6449,12,2,2Y
上海清算所城投债收益率曲线(AAA),远期的即期,2026-02-03,0,2.7864,12,1,1Y
上海清算所城投债收益率曲线(AAA),远期的即期,2026-02-03,0,2.5992,13,2,2Y
上海清算所城投债收益率曲线(AAA),远期的即期,2026-02-03,0,2.5037,13,1,1Y
上海清算所城投债收益率曲线(AAA),远期的即期,2026-02-03,0,2.6947,14,1,1Y
上海清算所城投债收益率曲线(AAA),远期的即期,2026-02-04,0,2.5705,1,14,14Y
上海清算所城投债收益率曲线(AAA),远期的即期,2026-02-04,0,2.5535,1,13,13Y
上海清算所城投债收益率曲线(AAA),远期的即期,2026-02-04,0,2.5373,1,12,12Y
上海清算所城投债收益率曲线(AAA),远期的即期,2026-02-04,0,2.5213,1,11,11Y
上海清算所城投债收益率曲线(AAA),远期的即期,2026-02-04,0,2.5025,1,10,10Y
上海清算所城投债收益率曲线(AAA),远期的即期,2026-02-04,0,2.4772,1,9,9Y
上海清算所城投债收益率曲线(AAA),远期的即期,2026-02-04,0,2.4407,1,8,8Y
上海清算所城投债收益率曲线(AAA),远期的即期,2026-02-04,0,2.3857,1,7,7Y
上海清算所城投债收益率曲线(AAA),远期的即期,2026-02-04,0,2.3012,1,6,6Y
上海清算所城投债收益率曲线(AAA),远期的即期,2026-02-04,0,2.1876,1,5,5Y
上海清算所城投债收益率曲线(AAA),远期的即期,2026-02-04,0,2.0691,1,4,4Y
上海清算所城投债收益率曲线(AAA),远期的即期,2026-02-04,0,1.9871,1,3,3Y
上海清算所城投债收益率曲线(AAA),远期的即期,2026-02-04,0,1.9207,1,2,2Y
上海清算所城投债收益率曲线(AAA),远期的即期,2026-02-04,0,1.8759,1,1,1Y
上海清算所城投债收益率曲线(AAA),远期的即期,2026-02-04,0,2.6242,2,13,13Y
上海清算所城投债收益率曲线(AAA),远期的即期,2026-02-04,0,2.6101,2,12,12Y
上海清算所城投债收益率曲线(AAA),远期的即期,2026-02-04,0,2.5976,2,11,11Y
上海清算所城投债收益率曲线(AAA),远期的即期,2026-02-04,0,2.5861,2,10,10Y
上海清算所城投债收益率曲线(AAA),远期的即期,2026-02-04,0,2.5724,2,9,9Y
上海清算所城投债收益率曲线(AAA),远期的即期,2026-02-04,0,2.5526,2,8,8Y
上海清算所城投债收益率曲线(AAA),远期的即期,2026-02-04,0,2.5216,2,7,7Y
上海清算所城投债收益率曲线(AAA),远期的即期,2026-02-04,0,2.4709,2,6,6Y
上海清算所城投债收益率曲线(AAA),远期的即期,2026-02-04,0,2.3864,2,5,5Y
上海清算所城投债收益率曲线(AAA),远期的即期,2026-02-04,0,2.2657,2,4,4Y
上海清算所城投债收益率曲线(AAA),远期的即期,2026-02-04,0,2.1336,2,3,3Y
上海清算所城投债收益率曲线(AAA),远期的即期,2026-02-04,0,2.0428,2,2,2Y
上海清算所城投债收益率曲线(AAA),远期的即期,2026-02-04,0,1.9654,2,1,1Y
上海清算所城投债收益率曲线(AAA),远期的即期,2026-02-04,0,2.6793,3,12,12Y
上海清算所城投债收益率曲线(AAA),远期的即期,2026-02-04,0,2.669,3,11,11Y
上海清算所城投债收益率曲线(AAA),远期的即期,2026-02-04,0,2.6611,3,10,10Y
上海清算所城投债收益率曲线(AAA),远期的即期,2026-02-04,0,2.6552,3,9,9Y
上海清算所城投债收益率曲线(AAA),远期的即期,2026-02-04,0,2.6485,3,8,8Y
上海清算所城投债收益率曲线(AAA),远期的即期,2026-02-04,0,2.6368,3,7,7Y
上海清算所城投债收益率曲线(AAA),远期的即期,2026-02-04,0,2.6146,3,6,6Y
上海清算所城投债收益率曲线(AAA),远期的即期,2026-02-04,0,2.5723,3,5,5Y
上海清算所城投债收益率曲线(AAA),远期的即期,2026-02-04,0,2.4919,3,4,4Y
上海清算所城投债收益率曲线(AAA),远期的即期,2026-02-04,0,2.366,3,3,3Y
上海清算所城投债收益率曲线(AAA),远期的即期,2026-02-04,0,2.2178,3,2,2Y
上海清算所城投债收益率曲线(AAA),远期的即期,2026-02-04,0,2.1202,3,1,1Y
上海清算所城投债收益率曲线(AAA),远期的即期,2026-02-04,0,2.7302,4,11,11Y
上海清算所城投债收益率曲线(AAA),远期的即期,2026-02-04,0,2.724,4,10,10Y
上海清算所城投债收益率曲线(AAA),远期的即期,2026-02-04,0,2.7214,4,9,9Y
上海清算所城投债收益率曲线(AAA),远期的即期,2026-02-04,0,2.7223,4,8,8Y
上海清算所城投债收益率曲线(AAA),远期的即期,2026-02-04,0,2.7242,4,7,7Y
上海清算所城投债收益率曲线(AAA),远期的即期,2026-02-04,0,2.7231,4,6,6Y
上海清算所城投债收益率曲线(AAA),远期的即期,2026-02-04,0,2.7138,4,5,5Y
上海清算所城投债收益率曲线(AAA),远期的即期,2026-02-04,0,2.6856,4,4,4Y
上海清算所城投债收益率曲线(AAA),远期的即期,2026-02-04,0,2.6161,4,3,3Y
上海清算所城投债收益率曲线(AAA),远期的即期,2026-02-04,0,2.489,4,2,2Y
上海清算所城投债收益率曲线(AAA),远期的即期,2026-02-04,0,2.3155,4,1,1Y
上海清算所城投债收益率曲线(AAA),远期的即期,2026-02-04,0,2.7718,5,10,10Y
上海清算所城投债收益率曲线(AAA),远期的即期,2026-02-04,0,2.7695,5,9,9Y
上海清算所城投债收益率曲线(AAA),远期的即期,2026-02-04,0,2.7722,5,8,8Y
上海清算所城投债收益率曲线(AAA),远期的即期,2026-02-04,0,2.7806,5,7,7Y
上海清算所城投债收益率曲线(AAA),远期的即期,2026-02-04,0,2.7924,5,6,6Y
上海清算所城投债收益率曲线(AAA),远期的即期,2026-02-04,0,2.8049,5,5,5Y
上海清算所城投债收益率曲线(AAA),远期的即期,2026-02-04,0,2.8136,5,4,4Y
上海清算所城投债收益率曲线(AAA),远期的即期,2026-02-04,0,2.8093,5,3,3Y
上海清算所城投债收益率曲线(AAA),远期的即期,2026-02-04,0,2.7668,5,2,2Y
上海清算所城投债收益率曲线(AAA),远期的即期,2026-02-04,0,2.6628,5,1,1Y
上海清算所城投债收益率曲线(AAA),远期的即期,2026-02-04,0,2.7839,6,9,9Y
上海清算所城投债收益率曲线(AAA),远期的即期,2026-02-04,0,2.7828,6,8,8Y
上海清算所城投债收益率曲线(AAA),远期的即期,2026-02-04,0,2.7878,6,7,7Y
上海清算所城投债收益率曲线(AAA),远期的即期,2026-02-04,0,2.8002,6,6,6Y
上海清算所城投债收益率曲线(AAA),远期的即期,2026-02-04,0,2.8184,6,5,5Y
上海清算所城投债收益率曲线(AAA),远期的即期,2026-02-04,0,2.8404,6,4,4Y
上海清算所城投债收益率曲线(AAA),远期的即期,2026-02-04,0,2.8639,6,3,3Y
上海清算所城投债收益率曲线(AAA),远期的即期,2026-02-04,0,2.8825,6,2,2Y
上海清算所城投债收益率曲线(AAA),远期的即期,2026-02-04,0,2.8708,6,1,1Y
上海清算所城投债收益率曲线(AAA),远期的即期,2026-02-04,0,2.773,7,8,8Y
上海清算所城投债收益率曲线(AAA),远期的即期,2026-02-04,0,2.7702,7,7,7Y
上海清算所城投债收益率曲线(AAA),远期的即期,2026-02-04,0,2.774,7,6,6Y
上海清算所城投债收益率曲线(AAA),远期的即期,2026-02-04,0,2.7861,7,5,5Y
上海清算所城投债收益率曲线(AAA),远期的即期,2026-02-04,0,2.8052,7,4,4Y
上海清算所城投债收益率曲线(AAA),远期的即期,2026-02-04,0,2.8302,7,3,3Y
上海清算所城投债收益率曲线(AAA),远期的即期,2026-02-04,0,2.8605,7,2,2Y
上海清算所城投债收益率曲线(AAA),远期的即期,2026-02-04,0,2.8943,7,1,1Y
上海清算所城投债收益率曲线(AAA),远期的即期,2026-02-04,0,2.7557,8,7,7Y
上海清算所城投债收益率曲线(AAA),远期的即期,2026-02-04,0,2.7496,8,6,6Y
上海清算所城投债收益率曲线(AAA),远期的即期,2026-02-04,0,2.75,8,5,5Y
上海清算所城投债收益率曲线(AAA),远期的即期,2026-02-04,0,2.759,8,4,4Y
上海清算所城投债收益率曲线(AAA),远期的即期,2026-02-04,0,2.7756,8,3,3Y
上海清算所城投债收益率曲线(AAA),远期的即期,2026-02-04,0,2.7982,8,2,2Y
上海清算所城投债收益率曲线(AAA),远期的即期,2026-02-04,0,2.8267,8,1,1Y
上海清算所城投债收益率曲线(AAA),远期的即期,2026-02-04,0,2.7439,9,6,6Y
上海清算所城投债收益率曲线(AAA),远期的即期,2026-02-04,0,2.7342,9,5,5Y
上海清算所城投债收益率曲线(AAA),远期的即期,2026-02-04,0,2.7308,9,4,4Y
上海清算所城投债收益率曲线(AAA),远期的即期,2026-02-04,0,2.7365,9,3,3Y
上海清算所城投债收益率曲线(AAA),远期的即期,2026-02-04,0,2.7501,9,2,2Y
上海清算所城投债收益率曲线(AAA),远期的即期,2026-02-04,0,2.7698,9,1,1Y
上海清算所城投债收益率曲线(AAA),远期的即期,2026-02-04,0,2.7387,10,5,5Y
上海清算所城投债收益率曲线(AAA),远期的即期,2026-02-04,0,2.7253,10,4,4Y
上海清算所城投债收益率曲线(AAA),远期的即期,2026-02-04,0,2.7178,10,3,3Y
上海清算所城投债收益率曲线(AAA),远期的即期,2026-02-04,0,2.7198,10,2,2Y
上海清算所城投债收益率曲线(AAA),远期的即期,2026-02-04,0,2.7303,10,1,1Y
上海清算所城投债收益率曲线(AAA),远期的即期,2026-02-04,0,2.7409,11,4,4Y
上海清算所城投债收益率曲线(AAA),远期的即期,2026-02-04,0,2.7236,11,3,3Y
上海清算所城投债收益率曲线(AAA),远期的即期,2026-02-04,0,2.7115,11,2,2Y
上海清算所城投债收益率曲线(AAA),远期的即期,2026-02-04,0,2.7094,11,1,1Y
上海清算所城投债收益率曲线(AAA),远期的即期,2026-02-04,0,2.7514,12,3,3Y
上海清算所城投债收益率曲线(AAA),远期的即期,2026-02-04,0,2.7307,12,2,2Y
上海清算所城投债收益率曲线(AAA),远期的即期,2026-02-04,0,2.7137,12,1,1Y
上海清算所城投债收益率曲线(AAA),远期的即期,2026-02-04,0,2.7702,13,2,2Y
上海清算所城投债收益率曲线(AAA),远期的即期,2026-02-04,0,2.7477,13,1,1Y
上海清算所城投债收益率曲线(AAA),远期的即期,2026-02-04,0,2.7927,14,1,1Y
上海清算所城投债收益率曲线(AAA),远期的即期,2026-02-05,0,2.5243,1,14,14Y
上海清算所城投债收益率曲线(AAA),远期的即期,2026-02-05,0,2.5267,1,13,13Y
上海清算所城投债收益率曲线(AAA),远期的即期,2026-02-05,0,2.5293,1,12,12Y
上海清算所城投债收益率曲线(AAA),远期的即期,2026-02-05,0,2.5318,1,11,11Y
上海清算所城投债收益率曲线(AAA),远期的即期,2026-02-05,0,2.5284,1,10,10Y
上海清算所城投债收益率曲线(AAA),远期的即期,2026-02-05,0,2.514,1,9,9Y
上海清算所城投债收益率曲线(AAA),远期的即期,2026-02-05,0,2.4504,1,8,8Y
上海清算所城投债收益率曲线(AAA),远期的即期,2026-02-05,0,2.387,1,7,7Y
上海清算所城投债收益率曲线(AAA),远期的即期,2026-02-05,0,2.3131,1,6,6Y
上海清算所城投债收益率曲线(AAA),远期的即期,2026-02-05,0,2.193,1,5,5Y
上海清算所城投债收益率曲线(AAA),远期的即期,2026-02-05,0,2.0878,1,4,4Y
上海清算所城投债收益率曲线(AAA),远期的即期,2026-02-05,0,2.034,1,3,3Y
上海清算所城投债收益率曲线(AAA),远期的即期,2026-02-05,0,1.9375,1,2,2Y
上海清算所城投债收益率曲线(AAA),远期的即期,2026-02-05,0,1.8745,1,1,1Y
上海清算所城投债收益率曲线(AAA),远期的即期,2026-02-05,0,2.5745,2,13,13Y
上海清算所城投债收益率曲线(AAA),远期的即期,2026-02-05,0,2.5812,2,12,12Y
上海清算所城投债收益率曲线(AAA),远期的即期,2026-02-05,0,2.5891,2,11,11Y
上海清算所城投债收益率曲线(AAA),远期的即期,2026-02-05,0,2.5977,2,10,10Y
上海清算所城投债收益率曲线(AAA),远期的即期,2026-02-05,0,2.6013,2,9,9Y
上海清算所城投债收益率曲线(AAA),远期的即期,2026-02-05,0,2.5943,2,8,8Y
上海清算所城投债收益率曲线(AAA),远期的即期,2026-02-05,0,2.5329,2,7,7Y
上海清算所城投债收益率曲线(AAA),远期的即期,2026-02-05,0,2.4726,2,6,6Y
上海清算所城投债收益率曲线(AAA),远期的即期,2026-02-05,0,2.4011,2,5,5Y
上海清算所城投债收益率曲线(AAA),远期的即期,2026-02-05,0,2.2728,2,4,4Y
上海清算所城投债收益率曲线(AAA),远期的即期,2026-02-05,0,2.159,2,3,3Y
上海清算所城投债收益率曲线(AAA),远期的即期,2026-02-05,0,2.1138,2,2,2Y
上海清算所城投债收益率曲线(AAA),远期的即期,2026-02-05,0,2.0005,2,1,1Y
上海清算所城投债收益率曲线(AAA),远期的即期,2026-02-05,0,2.6224,3,12,12Y
上海清算所城投债收益率曲线(AAA),远期的即期,2026-02-05,0,2.6341,3,11,11Y
上海清算所城投债收益率曲线(AAA),远期的即期,2026-02-05,0,2.6481,3,10,10Y
上海清算所城投债收益率曲线(AAA),远期的即期,2026-02-05,0,2.6643,3,9,9Y
上海清算所城投债收益率曲线(AAA),远期的即期,2026-02-05,0,2.6767,3,8,8Y
上海清算所城投债收益率曲线(AAA),远期的即期,2026-02-05,0,2.6794,3,7,7Y
上海清算所城投债收益率曲线(AAA),远期的即期,2026-02-05,0,2.6219,3,6,6Y
上海清算所城投债收益率曲线(AAA),远期的即期,2026-02-05,0,2.5673,3,5,5Y
上海清算所城投债收益率曲线(AAA),远期的即期,2026-02-05,0,2.5014,3,4,4Y
上海清算所城投债收益率曲线(AAA),远期的即期,2026-02-05,0,2.3637,3,3,3Y
上海清算所城投债收益率曲线(AAA),远期的即期,2026-02-05,0,2.2383,3,2,2Y
上海清算所城投债收益率曲线(AAA),远期的即期,2026-02-05,0,2.2272,3,1,1Y
上海清算所城投债收益率曲线(AAA),远期的即期,2026-02-05,0,2.6584,4,11,11Y
上海清算所城投债收益率曲线(AAA),远期的即期,2026-02-05,0,2.6749,4,10,10Y
上海清算所城投债收益率曲线(AAA),远期的即期,2026-02-05,0,2.695,4,9,9Y
上海清算所城投债收益率曲线(AAA),远期的即期,2026-02-05,0,2.7191,4,8,8Y
上海清算所城投债收益率曲线(AAA),远期的即期,2026-02-05,0,2.741,4,7,7Y
上海清算所城投债收益率曲线(AAA),远期的即期,2026-02-05,0,2.7549,4,6,6Y
上海清算所城投债收益率曲线(AAA),远期的即期,2026-02-05,0,2.701,4,5,5Y
上海清算所城投债收益率曲线(AAA),远期的即期,2026-02-05,0,2.6526,4,4,4Y
上海清算所城投债收益率曲线(AAA),远期的即期,2026-02-05,0,2.593,4,3,3Y
上海清算所城投债收益率曲线(AAA),远期的即期,2026-02-05,0,2.432,4,2,2Y
上海清算所城投债收益率曲线(AAA),远期的即期,2026-02-05,0,2.2494,4,1,1Y
上海清算所城投债收益率曲线(AAA),远期的即期,2026-02-05,0,2.6994,5,10,10Y
上海清算所城投债收益率曲线(AAA),远期的即期,2026-02-05,0,2.7223,5,9,9Y
上海清算所城投债收益率曲线(AAA),远期的即期,2026-02-05,0,2.7508,5,8,8Y
上海清算所城投债收益率曲线(AAA),远期的即期,2026-02-05,0,2.7864,5,7,7Y
上海清算所城投债收益率曲线(AAA),远期的即期,2026-02-05,0,2.8232,5,6,6Y
上海清算所城投债收益率曲线(AAA),远期的即期,2026-02-05,0,2.8563,5,5,5Y
上海清算所城投债收益率曲线(AAA),远期的即期,2026-02-05,0,2.8142,5,4,4Y
上海清算所城投债收益率曲线(AAA),远期的即期,2026-02-05,0,2.7873,5,3,3Y
上海清算所城投债收益率曲线(AAA),远期的即期,2026-02-05,0,2.7652,5,2,2Y
上海清算所城投债收益率曲线(AAA),远期的即期,2026-02-05,0,2.6149,5,1,1Y
上海清算所城投债收益率曲线(AAA),远期的即期,2026-02-05,0,2.7088,6,9,9Y
上海清算所城投债收益率曲线(AAA),远期的即期,2026-02-05,0,2.7357,6,8,8Y
上海清算所城投债收益率曲线(AAA),远期的即期,2026-02-05,0,2.7702,6,7,7Y
上海清算所城投债收益率曲线(AAA),远期的即期,2026-02-05,0,2.815,6,6,6Y
上海清算所城投债收益率曲线(AAA),远期的即期,2026-02-05,0,2.8649,6,5,5Y
上海清算所城投债收益率曲线(AAA),远期的即期,2026-02-05,0,2.9168,6,4,4Y
上海清算所城投债收益率曲线(AAA),远期的即期,2026-02-05,0,2.8807,6,3,3Y
上海清算所城投债收益率曲线(AAA),远期的即期,2026-02-05,0,2.8736,6,2,2Y
上海清算所城投债收益率曲线(AAA),远期的即期,2026-02-05,0,2.9158,6,1,1Y
上海清算所城投债收益率曲线(AAA),远期的即期,2026-02-05,0,2.683,7,8,8Y
上海清算所城投债收益率曲线(AAA),远期的即期,2026-02-05,0,2.71,7,7,7Y
上海清算所城投债收益率曲线(AAA),远期的即期,2026-02-05,0,2.746,7,6,6Y
上海清算所城投债收益率曲线(AAA),远期的即期,2026-02-05,0,2.7948,7,5,5Y
上海清算所城投债收益率曲线(AAA),远期的即期,2026-02-05,0,2.8522,7,4,4Y
上海清算所城投债收益率曲线(AAA),远期的即期,2026-02-05,0,2.9171,7,3,3Y
上海清算所城投债收益率曲线(AAA),远期的即期,2026-02-05,0,2.8632,7,2,2Y
上海清算所城投债收益率曲线(AAA),远期的即期,2026-02-05,0,2.8314,7,1,1Y
上海清算所城投债收益率曲线(AAA),远期的即期,2026-02-05,0,2.6618,8,7,7Y
上海清算所城投债收益率曲线(AAA),远期的即期,2026-02-05,0,2.6898,8,6,6Y
上海清算所城投债收益率曲线(AAA),远期的即期,2026-02-05,0,2.7289,8,5,5Y
上海清算所城投债收益率曲线(AAA),远期的即期,2026-02-05,0,2.7857,8,4,4Y
上海清算所城投债收益率曲线(AAA),远期的即期,2026-02-05,0,2.8592,8,3,3Y
上海清算所城投债收益率曲线(AAA),远期的即期,2026-02-05,0,2.96,8,2,2Y
上海清算所城投债收益率曲线(AAA),远期的即期,2026-02-05,0,2.895,8,1,1Y
上海清算所城投债收益率曲线(AAA),远期的即期,2026-02-05,0,2.623,9,6,6Y
上海清算所城投债收益率曲线(AAA),远期的即期,2026-02-05,0,2.6488,9,5,5Y
上海清算所城投债收益率曲线(AAA),远期的即期,2026-02-05,0,2.6874,9,4,4Y
上海清算所城投债收益率曲线(AAA),远期的即期,2026-02-05,0,2.7492,9,3,3Y
上海清算所城投债收益率曲线(AAA),远期的即期,2026-02-05,0,2.8412,9,2,2Y
上海清算所城投债收益率曲线(AAA),远期的即期,2026-02-05,0,3.0249,9,1,1Y
上海清算所城投债收益率曲线(AAA),远期的即期,2026-02-05,0,2.5428,10,5,5Y
上海清算所城投债收益率曲线(AAA),远期的即期,2026-02-05,0,2.555,10,4,4Y
上海清算所城投债收益率曲线(AAA),远期的即期,2026-02-05,0,2.5752,10,3,3Y
上海清算所城投债收益率曲线(AAA),远期的即期,2026-02-05,0,2.6116,10,2,2Y
上海清算所城投债收益率曲线(AAA),远期的即期,2026-02-05,0,2.6579,10,1,1Y
上海清算所城投债收益率曲线(AAA),远期的即期,2026-02-05,0,2.5141,11,4,4Y
上海清算所城投债收益率曲线(AAA),远期的即期,2026-02-05,0,2.5208,11,3,3Y
上海清算所城投债收益率曲线(AAA),远期的即期,2026-02-05,0,2.5339,11,2,2Y
上海清算所城投债收益率曲线(AAA),远期的即期,2026-02-05,0,2.5654,11,1,1Y
上海清算所城投债收益率曲线(AAA),远期的即期,2026-02-05,0,2.4969,12,3,3Y
上海清算所城投债收益率曲线(AAA),远期的即期,2026-02-05,0,2.4985,12,2,2Y
上海清算所城投债收益率曲线(AAA),远期的即期,2026-02-05,0,2.5023,12,1,1Y
上海清算所城投债收益率曲线(AAA),远期的即期,2026-02-05,0,2.4943,13,2,2Y
上海清算所城投债收益率曲线(AAA),远期的即期,2026-02-05,0,2.4947,13,1,1Y
上海清算所城投债收益率曲线(AAA),远期的即期,2026-02-05,0,2.4938,14,1,1Y
上海清算所城投债收益率曲线(AAA),远期的即期,2026-02-06,0,2.5284,1,14,14Y
上海清算所城投债收益率曲线(AAA),远期的即期,2026-02-06,0,2.5298,1,13,13Y
上海清算所城投债收益率曲线(AAA),远期的即期,2026-02-06,0,2.5334,1,12,12Y
上海清算所城投债收益率曲线(AAA),远期的即期,2026-02-06,0,2.5331,1,11,11Y
上海清算所城投债收益率曲线(AAA),远期的即期,2026-02-06,0,2.5136,1,10,10Y
上海清算所城投债收益率曲线(AAA),远期的即期,2026-02-06,0,2.5215,1,9,9Y
上海清算所城投债收益率曲线(AAA),远期的即期,2026-02-06,0,2.4548,1,8,8Y
上海清算所城投债收益率曲线(AAA),远期的即期,2026-02-06,0,2.3887,1,7,7Y
上海清算所城投债收益率曲线(AAA),远期的即期,2026-02-06,0,2.3132,1,6,6Y
上海清算所城投债收益率曲线(AAA),远期的即期,2026-02-06,0,2.161,1,5,5Y
上海清算所城投债收益率曲线(AAA),远期的即期,2026-02-06,0,2.0517,1,4,4Y
上海清算所城投债收益率曲线(AAA),远期的即期,2026-02-06,0,2.0436,1,3,3Y
上海清算所城投债收益率曲线(AAA),远期的即期,2026-02-06,0,1.9311,1,2,2Y
上海清算所城投债收益率曲线(AAA),远期的即期,2026-02-06,0,1.8551,1,1,1Y
上海清算所城投债收益率曲线(AAA),远期的即期,2026-02-06,0,2.5804,2,13,13Y
上海清算所城投债收益率曲线(AAA),远期的即期,2026-02-06,0,2.5862,2,12,12Y
上海清算所城投债收益率曲线(AAA),远期的即期,2026-02-06,0,2.5953,2,11,11Y
上海清算所城投债收益率曲线(AAA),远期的即期,2026-02-06,0,2.6012,2,10,10Y
上海清算所城投债收益率曲线(AAA),远期的即期,2026-02-06,0,2.5871,2,9,9Y
上海清算所城投债收益率曲线(AAA),远期的即期,2026-02-06,0,2.6051,2,8,8Y
上海清算所城投债收益率曲线(AAA),远期的即期,2026-02-06,0,2.5408,2,7,7Y
上海清算所城投债收益率曲线(AAA),远期的即期,2026-02-06,0,2.4779,2,6,6Y
上海清算所城投债收益率曲线(AAA),远期的即期,2026-02-06,0,2.4051,2,5,5Y
上海清算所城投债收益率曲线(AAA),远期的即期,2026-02-06,0,2.2376,2,4,4Y
上海清算所城投债收益率曲线(AAA),远期的即期,2026-02-06,0,2.1173,2,3,3Y
上海清算所城投债收益率曲线(AAA),远期的即期,2026-02-06,0,2.138,2,2,2Y
上海清算所城投债收益率曲线(AAA),远期的即期,2026-02-06,0,2.0072,2,1,1Y
上海清算所城投债收益率曲线(AAA),远期的即期,2026-02-06,0,2.6283,3,12,12Y
上海清算所城投债收益率曲线(AAA),远期的即期,2026-02-06,0,2.639,3,11,11Y
上海清算所城投债收益率曲线(AAA),远期的即期,2026-02-06,0,2.6543,3,10,10Y
上海清算所城投债收益率曲线(AAA),远期的即期,2026-02-06,0,2.6674,3,9,9Y
上海清算所城投债收益率曲线(AAA),远期的即期,2026-02-06,0,2.6598,3,8,8Y
上海清算所城投债收益率曲线(AAA),远期的即期,2026-02-06,0,2.6908,3,7,7Y
上海清算所城投债收益率曲线(AAA),远期的即期,2026-02-06,0,2.63,3,6,6Y
上海清算所城投债收益率曲线(AAA),远期的即期,2026-02-06,0,2.5724,3,5,5Y
上海清算所城投债收益率曲线(AAA),远期的即期,2026-02-06,0,2.5048,3,4,4Y
上海清算所城投债收益率曲线(AAA),远期的即期,2026-02-06,0,2.3145,3,3,3Y
上海清算所城投债收益率曲线(AAA),远期的即期,2026-02-06,0,2.1725,3,2,2Y
上海清算所城投债收益率曲线(AAA),远期的即期,2026-02-06,0,2.2691,3,1,1Y
上海清算所城投债收益率曲线(AAA),远期的即期,2026-02-06,0,2.661,4,11,11Y
上海清算所城投债收益率曲线(AAA),远期的即期,2026-02-06,0,2.6761,4,10,10Y
上海清算所城投债收益率曲线(AAA),远期的即期,2026-02-06,0,2.6972,4,9,9Y
上海清算所城投债收益率曲线(AAA),远期的即期,2026-02-06,0,2.7173,4,8,8Y
上海清算所城投债收益率曲线(AAA),远期的即期,2026-02-06,0,2.7157,4,7,7Y
上海清算所城投债收益率曲线(AAA),远期的即期,2026-02-06,0,2.7612,4,6,6Y
上海清算所城投债收益率曲线(AAA),远期的即期,2026-02-06,0,2.7024,4,5,5Y
上海清算所城投债收益率曲线(AAA),远期的即期,2026-02-06,0,2.6483,4,4,4Y
上海清算所城投债收益率曲线(AAA),远期的即期,2026-02-06,0,2.5835,4,3,3Y
上海清算所城投债收益率曲线(AAA),远期的即期,2026-02-06,0,2.3372,4,2,2Y
上海清算所城投债收益率曲线(AAA),远期的即期,2026-02-06,0,2.0759,4,1,1Y
上海清算所城投债收益率曲线(AAA),远期的即期,2026-02-06,0,2.7197,5,10,10Y
上海清算所城投债收益率曲线(AAA),远期的即期,2026-02-06,0,2.743,5,9,9Y
上海清算所城投债收益率曲线(AAA),远期的即期,2026-02-06,0,2.7751,5,8,8Y
上海清算所城投债收益率曲线(AAA),远期的即期,2026-02-06,0,2.8092,5,7,7Y
上海清算所城投债收益率曲线(AAA),远期的即期,2026-02-06,0,2.8227,5,6,6Y
上海清算所城投债收益率曲线(AAA),远期的即期,2026-02-06,0,2.8988,5,5,5Y
上海清算所城投债收益率曲线(AAA),远期的即期,2026-02-06,0,2.8596,5,4,4Y
上海清算所城投债收益率曲线(AAA),远期的即期,2026-02-06,0,2.8398,5,3,3Y
上海清算所城投债收益率曲线(AAA),远期的即期,2026-02-06,0,2.8382,5,2,2Y
上海清算所城投债收益率曲线(AAA),远期的即期,2026-02-06,0,2.5992,5,1,1Y
上海清算所城投债收益率曲线(AAA),远期的即期,2026-02-06,0,2.7331,6,9,9Y
上海清算所城投债收益率曲线(AAA),远期的即期,2026-02-06,0,2.761,6,8,8Y
上海清算所城投债收益率曲线(AAA),远期的即期,2026-02-06,0,2.8003,6,7,7Y
上海清算所城投债收益率曲线(AAA),远期的即期,2026-02-06,0,2.8443,6,6,6Y
上海清算所城投债收益率曲线(AAA),远期的即期,2026-02-06,0,2.8675,6,5,5Y
上海清算所城投债收益率曲线(AAA),远期的即期,2026-02-06,0,2.9739,6,4,4Y
上海清算所城投债收益率曲线(AAA),远期的即期,2026-02-06,0,2.9465,6,3,3Y
上海清算所城投债收益率曲线(AAA),远期的即期,2026-02-06,0,2.9604,6,2,2Y
上海清算所城投债收益率曲线(AAA),远期的即期,2026-02-06,0,3.0778,6,1,1Y
上海清算所城投债收益率曲线(AAA),远期的即期,2026-02-06,0,2.6901,7,8,8Y
上海清算所城投债收益率曲线(AAA),远期的即期,2026-02-06,0,2.7158,7,7,7Y
上海清算所城投债收益率曲线(AAA),远期的即期,2026-02-06,0,2.7541,7,6,6Y
上海清算所城投债收益率曲线(AAA),远期的即期,2026-02-06,0,2.7976,7,5,5Y
上海清算所城投债收益率曲线(AAA),远期的即期,2026-02-06,0,2.815,7,4,4Y
上海清算所城投债收益率曲线(AAA),远期的即期,2026-02-06,0,2.9393,7,3,3Y
上海清算所城投债收益率曲线(AAA),远期的即期,2026-02-06,0,2.8809,7,2,2Y
上海清算所城投债收益率曲线(AAA),远期的即期,2026-02-06,0,2.843,7,1,1Y
上海清算所城投债收益率曲线(AAA),远期的即期,2026-02-06,0,2.6683,8,7,7Y
上海清算所城投债收益率曲线(AAA),远期的即期,2026-02-06,0,2.6946,8,6,6Y
上海清算所城投债收益率曲线(AAA),远期的即期,2026-02-06,0,2.7363,8,5,5Y
上海清算所城投债收益率曲线(AAA),远期的即期,2026-02-06,0,2.7863,8,4,4Y
上海清算所城投债收益率曲线(AAA),远期的即期,2026-02-06,0,2.8056,8,3,3Y
上海清算所城投债收益率曲线(AAA),远期的即期,2026-02-06,0,2.9874,8,2,2Y
上海清算所城投债收益率曲线(AAA),远期的即期,2026-02-06,0,2.9188,8,1,1Y
上海清算所城投债收益率曲线(AAA),远期的即期,2026-02-06,0,2.6266,9,6,6Y
上海清算所城投债收益率曲线(AAA),远期的即期,2026-02-06,0,2.6498,9,5,5Y
上海清算所城投债收益率曲线(AAA),远期的即期,2026-02-06,0,2.6908,9,4,4Y
上海清算所城投债收益率曲线(AAA),远期的即期,2026-02-06,0,2.7421,9,3,3Y
上海清算所城投债收益率曲线(AAA),远期的即期,2026-02-06,0,2.7491,9,2,2Y
上海清算所城投债收益率曲线(AAA),远期的即期,2026-02-06,0,3.0562,9,1,1Y
上海清算所城投债收益率曲线(AAA),远期的即期,2026-02-06,0,2.5409,10,5,5Y
上海清算所城投债收益率曲线(AAA),远期的即期,2026-02-06,0,2.5485,10,4,4Y
上海清算所城投债收益率曲线(AAA),远期的即期,2026-02-06,0,2.5693,10,3,3Y
上海清算所城投债收益率曲线(AAA),远期的即期,2026-02-06,0,2.5855,10,2,2Y
上海清算所城投债收益率曲线(AAA),远期的即期,2026-02-06,0,2.443,10,1,1Y
上海清算所城投债收益率曲线(AAA),远期的即期,2026-02-06,0,2.5654,11,4,4Y
上海清算所城投债收益率曲线(AAA),远期的即期,2026-02-06,0,2.5837,11,3,3Y
上海清算所城投债收益率曲线(AAA),远期的即期,2026-02-06,0,2.6325,11,2,2Y
上海清算所城投债收益率曲线(AAA),远期的即期,2026-02-06,0,2.7282,11,1,1Y
上海清算所城投债收益率曲线(AAA),远期的即期,2026-02-06,0,2.5112,12,3,3Y
上海清算所城投债收益率曲线(AAA),远期的即期,2026-02-06,0,2.5115,12,2,2Y
上海清算所城投债收益率曲线(AAA),远期的即期,2026-02-06,0,2.5369,12,1,1Y
上海清算所城投债收益率曲线(AAA),远期的即期,2026-02-06,0,2.4984,13,2,2Y
上海清算所城投债收益率曲线(AAA),远期的即期,2026-02-06,0,2.4861,13,1,1Y
上海清算所城投债收益率曲线(AAA),远期的即期,2026-02-06,0,2.5107,14,1,1Y
上海清算所城投债收益率曲线(AAA),远期的即期,2026-02-09,0,2.5287,1,14,14Y
上海清算所城投债收益率曲线(AAA),远期的即期,2026-02-09,0,2.5269,1,13,13Y
上海清算所城投债收益率曲线(AAA),远期的即期,2026-02-09,0,2.525,1,12,12Y
上海清算所城投债收益率曲线(AAA),远期的即期,2026-02-09,0,2.5219,1,11,11Y
上海清算所城投债收益率曲线(AAA),远期的即期,2026-02-09,0,2.5171,1,10,10Y
上海清算所城投债收益率曲线(AAA),远期的即期,2026-02-09,0,2.5096,1,9,9Y
上海清算所城投债收益率曲线(AAA),远期的即期,2026-02-09,0,2.4399,1,8,8Y
上海清算所城投债收益率曲线(AAA),远期的即期,2026-02-09,0,2.3815,1,7,7Y
上海清算所城投债收益率曲线(AAA),远期的即期,2026-02-09,0,2.3121,1,6,6Y
上海清算所城投债收益率曲线(AAA),远期的即期,2026-02-09,0,2.1324,1,5,5Y
上海清算所城投债收益率曲线(AAA),远期的即期,2026-02-09,0,2.045,1,4,4Y
上海清算所城投债收益率曲线(AAA),远期的即期,2026-02-09,0,2.005,1,3,3Y
上海清算所城投债收益率曲线(AAA),远期的即期,2026-02-09,0,1.9132,1,2,2Y
上海清算所城投债收益率曲线(AAA),远期的即期,2026-02-09,0,1.8716,1,1,1Y
上海清算所城投债收益率曲线(AAA),远期的即期,2026-02-09,0,2.5795,2,13,13Y
上海清算所城投债收益率曲线(AAA),远期的即期,2026-02-09,0,2.5817,2,12,12Y
上海清算所城投债收益率曲线(AAA),远期的即期,2026-02-09,0,2.5846,2,11,11Y
上海清算所城投债收益率曲线(AAA),远期的即期,2026-02-09,0,2.5872,2,10,10Y
上海清算所城投债收益率曲线(AAA),远期的即期,2026-02-09,0,2.589,2,9,9Y
上海清算所城投债收益率曲线(AAA),远期的即期,2026-02-09,0,2.5896,2,8,8Y
上海清算所城投债收益率曲线(AAA),远期的即期,2026-02-09,0,2.5213,2,7,7Y
上海清算所城投债收益率曲线(AAA),远期的即期,2026-02-09,0,2.4668,2,6,6Y
上海清算所城投债收益率曲线(AAA),远期的即期,2026-02-09,0,2.4005,2,5,5Y
上海清算所城投债收益率曲线(AAA),远期的即期,2026-02-09,0,2.1977,2,4,4Y
上海清算所城投债收益率曲线(AAA),远期的即期,2026-02-09,0,2.1029,2,3,3Y
上海清算所城投债收益率曲线(AAA),远期的即期,2026-02-09,0,2.0718,2,2,2Y
上海清算所城投债收益率曲线(AAA),远期的即期,2026-02-09,0,1.9548,2,1,1Y
上海清算所城投债收益率曲线(AAA),远期的即期,2026-02-09,0,2.6317,3,12,12Y
上海清算所城投债收益率曲线(AAA),远期的即期,2026-02-09,0,2.6389,3,11,11Y
上海清算所城投债收益率曲线(AAA),远期的即期,2026-02-09,0,2.6478,3,10,10Y
上海清算所城投债收益率曲线(AAA),远期的即期,2026-02-09,0,2.6577,3,9,9Y
上海清算所城投债收益率曲线(AAA),远期的即期,2026-02-09,0,2.6686,3,8,8Y
上海清算所城投债收益率曲线(AAA),远期的即期,2026-02-09,0,2.6806,3,7,7Y
上海清算所城投债收益率曲线(AAA),远期的即期,2026-02-09,0,2.616,3,6,6Y
上海清算所城投债收益率曲线(AAA),远期的即期,2026-02-09,0,2.5695,3,5,5Y
上海清算所城投债收益率曲线(AAA),远期的即期,2026-02-09,0,2.5122,3,4,4Y
上海清算所城投债收益率曲线(AAA),远期的即期,2026-02-09,0,2.2787,3,3,3Y
上海清算所城投债收益率曲线(AAA),远期的即期,2026-02-09,0,2.177,3,2,2Y
上海清算所城投债收益率曲线(AAA),远期的即期,2026-02-09,0,2.189,3,1,1Y
上海清算所城投债收益率曲线(AAA),远期的即期,2026-02-09,0,2.672,4,11,11Y
上海清算所城投债收益率曲线(AAA),远期的即期,2026-02-09,0,2.684,4,10,10Y
上海清算所城投债收益率曲线(AAA),远期的即期,2026-02-09,0,2.6989,4,9,9Y
上海清算所城投债收益率曲线(AAA),远期的即期,2026-02-09,0,2.7165,4,8,8Y
上海清算所城投债收益率曲线(AAA),远期的即期,2026-02-09,0,2.7373,4,7,7Y
上海清算所城投债收益率曲线(AAA),远期的即期,2026-02-09,0,2.7628,4,6,6Y
上海清算所城投债收益率曲线(AAA),远期的即期,2026-02-09,0,2.7017,4,5,5Y
上海清算所城投债收益率曲线(AAA),远期的即期,2026-02-09,0,2.6648,4,4,4Y
上海清算所城投债收益率曲线(AAA),远期的即期,2026-02-09,0,2.6201,4,3,3Y
上海清算所城投债收益率曲线(AAA),远期的即期,2026-02-09,0,2.3237,4,2,2Y
上海清算所城投债收益率曲线(AAA),远期的即期,2026-02-09,0,2.1651,4,1,1Y
上海清算所城投债收益率曲线(AAA),远期的即期,2026-02-09,0,2.7229,5,10,10Y
上海清算所城投债收益率曲线(AAA),远期的即期,2026-02-09,0,2.7418,5,9,9Y
上海清算所城投债收益率曲线(AAA),远期的即期,2026-02-09,0,2.7658,5,8,8Y
上海清算所城投债收益率曲线(AAA),远期的即期,2026-02-09,0,2.7955,5,7,7Y
上海清算所城投债收益率曲线(AAA),远期的即期,2026-02-09,0,2.833,5,6,6Y
上海清算所城投债收益率曲线(AAA),远期的即期,2026-02-09,0,2.8828,5,5,5Y
上海清算所城投债收益率曲线(AAA),远期的即期,2026-02-09,0,2.8363,5,4,4Y
上海清算所城投债收益率曲线(AAA),远期的即期,2026-02-09,0,2.832,5,3,3Y
上海清算所城投债收益率曲线(AAA),远期的即期,2026-02-09,0,2.8484,5,2,2Y
上海清算所城投债收益率曲线(AAA),远期的即期,2026-02-09,0,2.4825,5,1,1Y
上海清算所城投债收益率曲线(AAA),远期的即期,2026-02-09,0,2.7496,6,9,9Y
上海清算所城投债收益率曲线(AAA),远期的即期,2026-02-09,0,2.7743,6,8,8Y
上海清算所城投债收益率曲线(AAA),远期的即期,2026-02-09,0,2.8063,6,7,7Y
上海清算所城投债收益率曲线(AAA),远期的即期,2026-02-09,0,2.8477,6,6,6Y
上海清算所城投债收益率曲线(AAA),远期的即期,2026-02-09,0,2.9032,6,5,5Y
上海清算所城投债收益率曲线(AAA),远期的即期,2026-02-09,0,2.9831,6,4,4Y
上海清算所城投债收益率曲线(AAA),远期的即期,2026-02-09,0,2.9545,6,3,3Y
上海清算所城投债收益率曲线(AAA),远期的即期,2026-02-09,0,3.0071,6,2,2Y
上海清算所城投债收益率曲线(AAA),远期的即期,2026-02-09,0,3.2157,6,1,1Y
上海清算所城投债收益率曲线(AAA),远期的即期,2026-02-09,0,2.6915,7,8,8Y
上海清算所城投债收益率曲线(AAA),远期的即期,2026-02-09,0,2.7114,7,7,7Y
上海清算所城投债收益率曲线(AAA),远期的即期,2026-02-09,0,2.7382,7,6,6Y
上海清算所城投债收益率曲线(AAA),远期的即期,2026-02-09,0,2.7743,7,5,5Y
上海清算所城投债收益率曲线(AAA),远期的即期,2026-02-09,0,2.8252,7,4,4Y
上海清算所城投债收益率曲线(AAA),远期的即期,2026-02-09,0,2.9057,7,3,3Y
上海清算所城投债收益率曲线(AAA),远期的即期,2026-02-09,0,2.8241,7,2,2Y
上海清算所城投债收益率曲线(AAA),远期的即期,2026-02-09,0,2.799,7,1,1Y
上海清算所城投债收益率曲线(AAA),远期的即期,2026-02-09,0,2.6761,8,7,7Y
上海清算所城投债收益率曲线(AAA),远期的即期,2026-02-09,0,2.6968,8,6,6Y
上海清算所城投债收益率曲线(AAA),远期的即期,2026-02-09,0,2.7261,8,5,5Y
上海清算所城投债收益率曲线(AAA),远期的即期,2026-02-09,0,2.7681,8,4,4Y
上海清算所城投债收益率曲线(AAA),远期的即期,2026-02-09,0,2.834,8,3,3Y
上海清算所城投债收益率曲线(AAA),远期的即期,2026-02-09,0,2.959,8,2,2Y
上海清算所城投债收益率曲线(AAA),远期的即期,2026-02-09,0,2.8492,8,1,1Y
上海清算所城投债收益率曲线(AAA),远期的即期,2026-02-09,0,2.6473,9,6,6Y
上海清算所城投债收益率曲线(AAA),远期的即期,2026-02-09,0,2.6664,9,5,5Y
上海清算所城投债收益率曲线(AAA),远期的即期,2026-02-09,0,2.6953,9,4,4Y
上海清算所城投债收益率曲线(AAA),远期的即期,2026-02-09,0,2.7411,9,3,3Y
上海清算所城投债收益率曲线(AAA),远期的即期,2026-02-09,0,2.8264,9,2,2Y
上海清算所城投债收益率曲线(AAA),远期的即期,2026-02-09,0,3.069,9,1,1Y
上海清算所城投债收益率曲线(AAA),远期的即期,2026-02-09,0,2.5632,10,5,5Y
上海清算所城投债收益率曲线(AAA),远期的即期,2026-02-09,0,2.5659,10,4,4Y
上海清算所城投债收益率曲线(AAA),远期的即期,2026-02-09,0,2.5711,10,3,3Y
上海清算所城投债收益率曲线(AAA),远期的即期,2026-02-09,0,2.5775,10,2,2Y
上海清算所城投债收益率曲线(AAA),远期的即期,2026-02-09,0,2.5843,10,1,1Y
上海清算所城投债收益率曲线(AAA),远期的即期,2026-02-09,0,2.5579,11,4,4Y
上海清算所城投债收益率曲线(AAA),远期的即期,2026-02-09,0,2.5598,11,3,3Y
上海清算所城投债收益率曲线(AAA),远期的即期,2026-02-09,0,2.5645,11,2,2Y
上海清算所城投债收益率曲线(AAA),远期的即期,2026-02-09,0,2.5708,11,1,1Y
上海清算所城投债收益率曲线(AAA),远期的即期,2026-02-09,0,2.5536,12,3,3Y
上海清算所城投债收益率曲线(AAA),远期的即期,2026-02-09,0,2.5543,12,2,2Y
上海清算所城投债收益率曲线(AAA),远期的即期,2026-02-09,0,2.5582,12,1,1Y
上海清算所城投债收益率曲线(AAA),远期的即期,2026-02-09,0,2.5513,13,2,2Y
上海清算所城投债收益率曲线(AAA),远期的即期,2026-02-09,0,2.5505,13,1,1Y
上海清算所城投债收益率曲线(AAA),远期的即期,2026-02-09,0,2.5522,14,1,1Y
上海清算所城投债收益率曲线(AAA),远期的即期,2026-02-10,0,2.5288,1,14,14Y
上海清算所城投债收益率曲线(AAA),远期的即期,2026-02-10,0,2.5235,1,13,13Y
上海清算所城投债收益率曲线(AAA),远期的即期,2026-02-10,0,2.5178,1,12,12Y
上海清算所城投债收益率曲线(AAA),远期的即期,2026-02-10,0,2.5108,1,11,11Y
上海清算所城投债收益率曲线(AAA),远期的即期,2026-02-10,0,2.5015,1,10,10Y
上海清算所城投债收益率曲线(AAA),远期的即期,2026-02-10,0,2.4889,1,9,9Y
上海清算所城投债收益率曲线(AAA),远期的即期,2026-02-10,0,2.4303,1,8,8Y
上海清算所城投债收益率曲线(AAA),远期的即期,2026-02-10,0,2.3762,1,7,7Y
上海清算所城投债收益率曲线(AAA),远期的即期,2026-02-10,0,2.312,1,6,6Y
上海清算所城投债收益率曲线(AAA),远期的即期,2026-02-10,0,2.1377,1,5,5Y
上海清算所城投债收益率曲线(AAA),远期的即期,2026-02-10,0,2.032,1,4,4Y
上海清算所城投债收益率曲线(AAA),远期的即期,2026-02-10,0,1.9985,1,3,3Y
上海清算所城投债收益率曲线(AAA),远期的即期,2026-02-10,0,1.9305,1,2,2Y
上海清算所城投债收益率曲线(AAA),远期的即期,2026-02-10,0,1.8708,1,1,1Y
上海清算所城投债收益率曲线(AAA),远期的即期,2026-02-10,0,2.5796,2,13,13Y
上海清算所城投债收益率曲线(AAA),远期的即期,2026-02-10,0,2.578,2,12,12Y
上海清算所城投债收益率曲线(AAA),远期的即期,2026-02-10,0,2.5769,2,11,11Y
上海清算所城投债收益率曲线(AAA),远期的即期,2026-02-10,0,2.5751,2,10,10Y
上海清算所城投债收益率曲线(AAA),远期的即期,2026-02-10,0,2.5718,2,9,9Y
上海清算所城投债收益率曲线(AAA),远期的即期,2026-02-10,0,2.5664,2,8,8Y
上海清算所城投债收益率曲线(AAA),远期的即期,2026-02-10,0,2.5105,2,7,7Y
上海清算所城投债收益率曲线(AAA),远期的即期,2026-02-10,0,2.4607,2,6,6Y
上海清算所城投债收益率曲线(AAA),远期的即期,2026-02-10,0,2.4004,2,5,5Y
上海清算所城投债收益率曲线(AAA),远期的即期,2026-02-10,0,2.2045,2,4,4Y
上海清算所城投债收益率曲线(AAA),远期的即期,2026-02-10,0,2.0858,2,3,3Y
上海清算所城投债收益率曲线(AAA),远期的即期,2026-02-10,0,2.0624,2,2,2Y
上海清算所城投债收益率曲线(AAA),远期的即期,2026-02-10,0,1.9902,2,1,1Y
上海清算所城投债收益率曲线(AAA),远期的即期,2026-02-10,0,2.6288,3,12,12Y
上海清算所城投债收益率曲线(AAA),远期的即期,2026-02-10,0,2.6317,3,11,11Y
上海清算所城投债收益率曲线(AAA),远期的即期,2026-02-10,0,2.6357,3,10,10Y
上海清算所城投债收益率曲线(AAA),远期的即期,2026-02-10,0,2.6403,3,9,9Y
上海清算所城投债收益率曲线(AAA),远期的即期,2026-02-10,0,2.6447,3,8,8Y
上海清算所城投债收益率曲线(AAA),远期的即期,2026-02-10,0,2.649,3,7,7Y
上海清算所城投债收益率曲线(AAA),远期的即期,2026-02-10,0,2.5975,3,6,6Y
上海清算所城投债收益率曲线(AAA),远期的即期,2026-02-10,0,2.5551,3,5,5Y
上海清算所城投债收益率曲线(AAA),远期的即期,2026-02-10,0,2.5032,3,4,4Y
上海清算所城投债收益率曲线(AAA),远期的即期,2026-02-10,0,2.2761,3,3,3Y
上海清算所城投债收益率曲线(AAA),远期的即期,2026-02-10,0,2.1336,3,2,2Y
上海清算所城投债收益率曲线(AAA),远期的即期,2026-02-10,0,2.1346,3,1,1Y
上海清算所城投债收益率曲线(AAA),远期的即期,2026-02-10,0,2.6739,4,11,11Y
上海清算所城投债收益率曲线(AAA),远期的即期,2026-02-10,0,2.6815,4,10,10Y
上海清算所城投债收益率曲线(AAA),远期的即期,2026-02-10,0,2.6915,4,9,9Y
上海清算所城投债收益率曲线(AAA),远期的即期,2026-02-10,0,2.7036,4,8,8Y
上海清算所城投债收益率曲线(AAA),远期的即期,2026-02-10,0,2.7178,4,7,7Y
上海清算所城投债收益率曲线(AAA),远期的即期,2026-02-10,0,2.735,4,6,6Y
上海清算所城投债收益率曲线(AAA),远期的即期,2026-02-10,0,2.6903,4,5,5Y
上海清算所城投债收益率曲线(AAA),远期的即期,2026-02-10,0,2.6605,4,4,4Y
上海清算所城投债收益率曲线(AAA),远期的即期,2026-02-10,0,2.6264,4,3,3Y
上海清算所城投债收益率曲线(AAA),远期的即期,2026-02-10,0,2.3469,4,2,2Y
上海清算所城投债收益率曲线(AAA),远期的即期,2026-02-10,0,2.1327,4,1,1Y
上海清算所城投债收益率曲线(AAA),远期的即期,2026-02-10,0,2.7282,5,10,10Y
上海清算所城投债收益率曲线(AAA),远期的即期,2026-02-10,0,2.7427,5,9,9Y
上海清算所城投债收益率曲线(AAA),远期的即期,2026-02-10,0,2.7616,5,8,8Y
上海清算所城投债收益率曲线(AAA),远期的即期,2026-02-10,0,2.7855,5,7,7Y
上海清算所城投债收益率曲线(AAA),远期的即期,2026-02-10,0,2.8157,5,6,6Y
上海清算所城投债收益率曲线(AAA),远期的即期,2026-02-10,0,2.8559,5,5,5Y
上海清算所城投债收益率曲线(AAA),远期的即期,2026-02-10,0,2.8302,5,4,4Y
上海清算所城投债收益率曲线(AAA),远期的即期,2026-02-10,0,2.837,5,3,3Y
上海清算所城投债收益率曲线(AAA),远期的即期,2026-02-10,0,2.8742,5,2,2Y
上海清算所城投债收益率曲线(AAA),远期的即期,2026-02-10,0,2.5616,5,1,1Y
上海清算所城投债收益率曲线(AAA),远期的即期,2026-02-10,0,2.7467,6,9,9Y
上海清算所城投债收益率曲线(AAA),远期的即期,2026-02-10,0,2.7653,6,8,8Y
上海清算所城投债收益率曲线(AAA),远期的即期,2026-02-10,0,2.7902,6,7,7Y
上海清算所城投债收益率曲线(AAA),远期的即期,2026-02-10,0,2.8228,6,6,6Y
上海清算所城投债收益率曲线(AAA),远期的即期,2026-02-10,0,2.8666,6,5,5Y
上海清算所城投债收益率曲线(AAA),远期的即期,2026-02-10,0,2.9296,6,4,4Y
上海清算所城投债收益率曲线(AAA),远期的即期,2026-02-10,0,2.9199,6,3,3Y
上海清算所城投债收益率曲线(AAA),远期的即期,2026-02-10,0,2.975,6,2,2Y
上海清算所城投债收益率曲线(AAA),远期的即期,2026-02-10,0,3.1877,6,1,1Y
上海清算所城投债收益率曲线(AAA),远期的即期,2026-02-10,0,2.6917,7,8,8Y
上海清算所城投债收益率曲线(AAA),远期的即期,2026-02-10,0,2.7051,7,7,7Y
上海清算所城投债收益率曲线(AAA),远期的即期,2026-02-10,0,2.7241,7,6,6Y
上海清算所城投债收益率曲线(AAA),远期的即期,2026-02-10,0,2.75,7,5,5Y
上海清算所城投债收益率曲线(AAA),远期的即期,2026-02-10,0,2.7864,7,4,4Y
上海清算所城投债收益率曲线(AAA),远期的即期,2026-02-10,0,2.8437,7,3,3Y
上海清算所城投债收益率曲线(AAA),远期的即期,2026-02-10,0,2.7862,7,2,2Y
上海清算所城投债收益率曲线(AAA),远期的即期,2026-02-10,0,2.7627,7,1,1Y
上海清算所城投债收益率曲线(AAA),远期的即期,2026-02-10,0,2.6815,8,7,7Y
上海清算所城投债收益率曲线(AAA),远期的即期,2026-02-10,0,2.6955,8,6,6Y
上海清算所城投债收益率曲线(AAA),远期的即期,2026-02-10,0,2.7164,8,5,5Y
上海清算所城投债收益率曲线(AAA),远期的即期,2026-02-10,0,2.7468,8,4,4Y
上海清算所城投债收益率曲线(AAA),远期的即期,2026-02-10,0,2.7944,8,3,3Y
上海清算所城投债收益率曲线(AAA),远期的即期,2026-02-10,0,2.8842,8,2,2Y
上海清算所城投债收益率曲线(AAA),远期的即期,2026-02-10,0,2.8097,8,1,1Y
上海清算所城投债收益率曲线(AAA),远期的即期,2026-02-10,0,2.6602,9,6,6Y
上海清算所城投债收益率曲线(AAA),远期的即期,2026-02-10,0,2.6727,9,5,5Y
上海清算所城投债收益率曲线(AAA),远期的即期,2026-02-10,0,2.6931,9,4,4Y
上海清算所城投债收益率曲线(AAA),远期的即期,2026-02-10,0,2.7259,9,3,3Y
上海清算所城投债收益率曲线(AAA),远期的即期,2026-02-10,0,2.7867,9,2,2Y
上海清算所城投债收益率曲线(AAA),远期的即期,2026-02-10,0,2.9588,9,1,1Y
上海清算所城投债收益率曲线(AAA),远期的即期,2026-02-10,0,2.6006,10,5,5Y
上海清算所城投债收益率曲线(AAA),远期的即期,2026-02-10,0,2.6013,10,4,4Y
上海清算所城投债收益率曲线(AAA),远期的即期,2026-02-10,0,2.6047,10,3,3Y
上海清算所城投债收益率曲线(AAA),远期的即期,2026-02-10,0,2.6096,10,2,2Y
上海清算所城投债收益率曲线(AAA),远期的即期,2026-02-10,0,2.6148,10,1,1Y
上海清算所城投债收益率曲线(AAA),远期的即期,2026-02-10,0,2.597,11,4,4Y
上海清算所城投债收益率曲线(AAA),远期的即期,2026-02-10,0,2.5968,11,3,3Y
上海清算所城投债收益率曲线(AAA),远期的即期,2026-02-10,0,2.5996,11,2,2Y
上海清算所城投债收益率曲线(AAA),远期的即期,2026-02-10,0,2.6043,11,1,1Y
上海清算所城投债收益率曲线(AAA),远期的即期,2026-02-10,0,2.5946,12,3,3Y
上海清算所城投债收益率曲线(AAA),远期的即期,2026-02-10,0,2.593,12,2,2Y
上海清算所城投债收益率曲线(AAA),远期的即期,2026-02-10,0,2.5949,12,1,1Y
上海清算所城投债收益率曲线(AAA),远期的即期,2026-02-10,0,2.5944,13,2,2Y
上海清算所城投债收益率曲线(AAA),远期的即期,2026-02-10,0,2.5911,13,1,1Y
上海清算所城投债收益率曲线(AAA),远期的即期,2026-02-10,0,2.5978,14,1,1Y
上海清算所城投债收益率曲线(AAA),远期的即期,2026-02-11,0,2.5247,1,14,14Y
上海清算所城投债收益率曲线(AAA),远期的即期,2026-02-11,0,2.517,1,13,13Y
上海清算所城投债收益率曲线(AAA),远期的即期,2026-02-11,0,2.509,1,12,12Y
上海清算所城投债收益率曲线(AAA),远期的即期,2026-02-11,0,2.4996,1,11,11Y
上海清算所城投债收益率曲线(AAA),远期的即期,2026-02-11,0,2.488,1,10,10Y
上海清算所城投债收益率曲线(AAA),远期的即期,2026-02-11,0,2.4733,1,9,9Y
上海清算所城投债收益率曲线(AAA),远期的即期,2026-02-11,0,2.4248,1,8,8Y
上海清算所城投债收益率曲线(AAA),远期的即期,2026-02-11,0,2.3456,1,7,7Y
上海清算所城投债收益率曲线(AAA),远期的即期,2026-02-11,0,2.3169,1,6,6Y
上海清算所城投债收益率曲线(AAA),远期的即期,2026-02-11,0,2.1308,1,5,5Y
上海清算所城投债收益率曲线(AAA),远期的即期,2026-02-11,0,2.0141,1,4,4Y
上海清算所城投债收益率曲线(AAA),远期的即期,2026-02-11,0,1.9875,1,3,3Y
上海清算所城投债收益率曲线(AAA),远期的即期,2026-02-11,0,1.9096,1,2,2Y
上海清算所城投债收益率曲线(AAA),远期的即期,2026-02-11,0,1.8596,1,1,1Y
上海清算所城投债收益率曲线(AAA),远期的即期,2026-02-11,0,2.5761,2,13,13Y
上海清算所城投债收益率曲线(AAA),远期的即期,2026-02-11,0,2.572,2,12,12Y
上海清算所城投债收益率曲线(AAA),远期的即期,2026-02-11,0,2.5682,2,11,11Y
上海清算所城投债收益率曲线(AAA),远期的即期,2026-02-11,0,2.5639,2,10,10Y
上海清算所城投债收益率曲线(AAA),远期的即期,2026-02-11,0,2.5581,2,9,9Y
上海清算所城投债收益率曲线(AAA),远期的即期,2026-02-11,0,2.5502,2,8,8Y
上海清算所城投债收益率曲线(AAA),远期的即期,2026-02-11,0,2.5058,2,7,7Y
上海清算所城投债收益率曲线(AAA),远期的即期,2026-02-11,0,2.4268,2,6,6Y
上海清算所城投债收益率曲线(AAA),远期的即期,2026-02-11,0,2.4086,2,5,5Y
上海清算所城投债收益率曲线(AAA),远期的即期,2026-02-11,0,2.1988,2,4,4Y
上海清算所城投债收益率曲线(AAA),远期的即期,2026-02-11,0,2.0656,2,3,3Y
上海清算所城投债收益率曲线(AAA),远期的即期,2026-02-11,0,2.0515,2,2,2Y
上海清算所城投债收益率曲线(AAA),远期的即期,2026-02-11,0,1.9596,2,1,1Y
上海清算所城投债收益率曲线(AAA),远期的即期,2026-02-11,0,2.6276,3,12,12Y
上海清算所城投债收益率曲线(AAA),远期的即期,2026-02-11,0,2.6278,3,11,11Y
上海清算所城投债收益率曲线(AAA),远期的即期,2026-02-11,0,2.6293,3,10,10Y
上海清算所城投债收益率曲线(AAA),远期的即期,2026-02-11,0,2.6312,3,9,9Y
上海清算所城投债收益率曲线(AAA),远期的即期,2026-02-11,0,2.6331,3,8,8Y
上海清算所城投债收益率曲线(AAA),远期的即期,2026-02-11,0,2.6349,3,7,7Y
上海清算所城投债收益率曲线(AAA),远期的即期,2026-02-11,0,2.5971,3,6,6Y
上海清算所城投债收益率曲线(AAA),远期的即期,2026-02-11,0,2.5205,3,5,5Y
上海清算所城投债收益率曲线(AAA),远期的即期,2026-02-11,0,2.5212,3,4,4Y
上海清算所城投债收益率曲线(AAA),远期的即期,2026-02-11,0,2.2786,3,3,3Y
上海清算所城投债收益率曲线(AAA),远期的即期,2026-02-11,0,2.1187,3,2,2Y
上海清算所城投债收益率曲线(AAA),远期的即期,2026-02-11,0,2.1435,3,1,1Y
上海清算所城投债收益率曲线(AAA),远期的即期,2026-02-11,0,2.6717,4,11,11Y
上海清算所城投债收益率曲线(AAA),远期的即期,2026-02-11,0,2.6764,4,10,10Y
上海清算所城投债收益率曲线(AAA),远期的即期,2026-02-11,0,2.6834,4,9,9Y
上海清算所城投债收益率曲线(AAA),远期的即期,2026-02-11,0,2.6923,4,8,8Y
上海清算所城投债收益率曲线(AAA),远期的即期,2026-02-11,0,2.7033,4,7,7Y
上海清算所城投债收益率曲线(AAA),远期的即期,2026-02-11,0,2.717,4,6,6Y
上海清算所城投债收益率曲线(AAA),远期的即期,2026-02-11,0,2.6881,4,5,5Y
上海清算所城投债收益率曲线(AAA),远期的即期,2026-02-11,0,2.6149,4,4,4Y
上海清算所城投债收益率曲线(AAA),远期的即期,2026-02-11,0,2.6474,4,3,3Y
上海清算所城投债收益率曲线(AAA),远期的即期,2026-02-11,0,2.3462,4,2,2Y
上海清算所城投债收益率曲线(AAA),远期的即期,2026-02-11,0,2.0939,4,1,1Y
上海清算所城投债收益率曲线(AAA),远期的即期,2026-02-11,0,2.7297,5,10,10Y
上海清算所城投债收益率曲线(AAA),远期的即期,2026-02-11,0,2.7413,5,9,9Y
上海清算所城投债收益率曲线(AAA),远期的即期,2026-02-11,0,2.7573,5,8,8Y
上海清算所城投债收益率曲线(AAA),远期的即期,2026-02-11,0,2.7781,5,7,7Y
上海清算所城投债收益率曲线(AAA),远期的即期,2026-02-11,0,2.8052,5,6,6Y
上海清算所城投债收益率曲线(AAA),远期的即期,2026-02-11,0,2.8421,5,5,5Y
上海清算所城投债收益率曲线(AAA),远期的即期,2026-02-11,0,2.8372,5,4,4Y
上海清算所城投债收益率曲线(AAA),远期的即期,2026-02-11,0,2.7892,5,3,3Y
上海清算所城投债收益率曲线(AAA),远期的即期,2026-02-11,0,2.9253,5,2,2Y
上海清算所城投债收益率曲线(AAA),远期的即期,2026-02-11,0,2.5992,5,1,1Y
上海清算所城投债收益率曲线(AAA),远期的即期,2026-02-11,0,2.7442,6,9,9Y
上海清算所城投债收益率曲线(AAA),远期的即期,2026-02-11,0,2.7591,6,8,8Y
上海清算所城投债收益率曲线(AAA),远期的即期,2026-02-11,0,2.7799,6,7,7Y
上海清算所城投债收益率曲线(AAA),远期的即期,2026-02-11,0,2.808,6,6,6Y
上海清算所城投债收益率曲线(AAA),远期的即期,2026-02-11,0,2.8464,6,5,5Y
上海清算所城投债收益率曲线(AAA),远期的即期,2026-02-11,0,2.9029,6,4,4Y
上海清算所城投债收益率曲线(AAA),远期的即期,2026-02-11,0,2.9166,6,3,3Y
上海清算所城投债收益率曲线(AAA),远期的即期,2026-02-11,0,2.8843,6,2,2Y
上海清算所城投债收益率曲线(AAA),远期的即期,2026-02-11,0,3.2523,6,1,1Y
上海清算所城投债收益率曲线(AAA),远期的即期,2026-02-11,0,2.6809,7,8,8Y
上海清算所城投债收益率曲线(AAA),远期的即期,2026-02-11,0,2.6888,7,7,7Y
上海清算所城投债收益率曲线(AAA),远期的即期,2026-02-11,0,2.7014,7,6,6Y
上海清算所城投债收益率曲线(AAA),远期的即期,2026-02-11,0,2.7193,7,5,5Y
上海清算所城投债收益率曲线(AAA),远期的即期,2026-02-11,0,2.7452,7,4,4Y
上海清算所城投债收益率曲线(AAA),远期的即期,2026-02-11,0,2.7867,7,3,3Y
上海清算所城投债收益率曲线(AAA),远期的即期,2026-02-11,0,2.7492,7,2,2Y
上海清算所城投债收益率曲线(AAA),远期的即期,2026-02-11,0,2.5176,7,1,1Y
上海清算所城投债收益率曲线(AAA),远期的即期,2026-02-11,0,2.7042,8,7,7Y
上海清算所城投债收益率曲线(AAA),远期的即期,2026-02-11,0,2.7174,8,6,6Y
上海清算所城投债收益率曲线(AAA),远期的即期,2026-02-11,0,2.7382,8,5,5Y
上海清算所城投债收益率曲线(AAA),远期的即期,2026-02-11,0,2.7698,8,4,4Y
上海清算所城投债收益率曲线(AAA),远期的即期,2026-02-11,0,2.8212,8,3,3Y
上海清算所城投债收益率曲线(AAA),远期的即期,2026-02-11,0,2.9215,8,2,2Y
上海清算所城投债收益率曲线(AAA),远期的即期,2026-02-11,0,2.9813,8,1,1Y
上海清算所城投债收益率曲线(AAA),远期的即期,2026-02-11,0,2.6581,9,6,6Y
上海清算所城投债收益率曲线(AAA),远期的即期,2026-02-11,0,2.6647,9,5,5Y
上海清算所城投债收益率曲线(AAA),远期的即期,2026-02-11,0,2.6775,9,4,4Y
上海清算所城投债收益率曲线(AAA),远期的即期,2026-02-11,0,2.6994,9,3,3Y
上海清算所城投债收益率曲线(AAA),远期的即期,2026-02-11,0,2.7412,9,2,2Y
上海清算所城投债收益率曲线(AAA),远期的即期,2026-02-11,0,2.8617,9,1,1Y
上海清算所城投债收益率曲线(AAA),远期的即期,2026-02-11,0,2.6175,10,5,5Y
上海清算所城投债收益率曲线(AAA),远期的即期,2026-02-11,0,2.6155,10,4,4Y
上海清算所城投债收益率曲线(AAA),远期的即期,2026-02-11,0,2.6162,10,3,3Y
上海清算所城投债收益率曲线(AAA),远期的即期,2026-02-11,0,2.6184,10,2,2Y
上海清算所城投债收益率曲线(AAA),远期的即期,2026-02-11,0,2.6209,10,1,1Y
上海清算所城投债收益率曲线(AAA),远期的即期,2026-02-11,0,2.6166,11,4,4Y
上海清算所城投债收益率曲线(AAA),远期的即期,2026-02-11,0,2.6137,11,3,3Y
上海清算所城投债收益率曲线(AAA),远期的即期,2026-02-11,0,2.6139,11,2,2Y
上海清算所城投债收益率曲线(AAA),远期的即期,2026-02-11,0,2.6159,11,1,1Y
上海清算所城投债收益率曲线(AAA),远期的即期,2026-02-11,0,2.6168,12,3,3Y
上海清算所城投债收益率曲线(AAA),远期的即期,2026-02-11,0,2.6127,12,2,2Y
上海清算所城投债收益率曲线(AAA),远期的即期,2026-02-11,0,2.6119,12,1,1Y
上海清算所城投债收益率曲线(AAA),远期的即期,2026-02-11,0,2.6193,13,2,2Y
上海清算所城投债收益率曲线(AAA),远期的即期,2026-02-11,0,2.6134,13,1,1Y
上海清算所城投债收益率曲线(AAA),远期的即期,2026-02-11,0,2.6252,14,1,1Y
上海清算所城投债收益率曲线(AAA),远期的即期,2026-02-12,0,2.5167,1,14,14Y
上海清算所城投债收益率曲线(AAA),远期的即期,2026-02-12,0,2.499,1,13,13Y
上海清算所城投债收益率曲线(AAA),远期的即期,2026-02-12,0,2.4814,1,12,12Y
上海清算所城投债收益率曲线(AAA),远期的即期,2026-02-12,0,2.4631,1,11,11Y
上海清算所城投债收益率曲线(AAA),远期的即期,2026-02-12,0,2.4437,1,10,10Y
上海清算所城投债收益率曲线(AAA),远期的即期,2026-02-12,0,2.4225,1,9,9Y
上海清算所城投债收益率曲线(AAA),远期的即期,2026-02-12,0,2.3905,1,8,8Y
上海清算所城投债收益率曲线(AAA),远期的即期,2026-02-12,0,2.3408,1,7,7Y
上海清算所城投债收益率曲线(AAA),远期的即期,2026-02-12,0,2.2706,1,6,6Y
上海清算所城投债收益率曲线(AAA),远期的即期,2026-02-12,0,2.1266,1,5,5Y
上海清算所城投债收益率曲线(AAA),远期的即期,2026-02-12,0,2.0308,1,4,4Y
上海清算所城投债收益率曲线(AAA),远期的即期,2026-02-12,0,1.9756,1,3,3Y
上海清算所城投债收益率曲线(AAA),远期的即期,2026-02-12,0,1.9275,1,2,2Y
上海清算所城投债收益率曲线(AAA),远期的即期,2026-02-12,0,1.8509,1,1,1Y
上海清算所城投债收益率曲线(AAA),远期的即期,2026-02-12,0,2.5681,2,13,13Y
上海清算所城投债收益率曲线(AAA),远期的即期,2026-02-12,0,2.5532,2,12,12Y
上海清算所城投债收益率曲线(AAA),远期的即期,2026-02-12,0,2.5389,2,11,11Y
上海清算所城投债收益率曲线(AAA),远期的即期,2026-02-12,0,2.5246,2,10,10Y
上海清算所城投债收益率曲线(AAA),远期的即期,2026-02-12,0,2.5098,2,9,9Y
上海清算所城投债收益率曲线(AAA),远期的即期,2026-02-12,0,2.4942,2,8,8Y
上海清算所城投债收益率曲线(AAA),远期的即期,2026-02-12,0,2.4678,2,7,7Y
上海清算所城投债收益率曲线(AAA),远期的即期,2026-02-12,0,2.4226,2,6,6Y
上海清算所城投债收益率曲线(AAA),远期的即期,2026-02-12,0,2.3548,2,5,5Y
上海清算所城投债收益率曲线(AAA),远期的即期,2026-02-12,0,2.1957,2,4,4Y
上海清算所城投债收益率曲线(AAA),远期的即期,2026-02-12,0,2.0909,2,3,3Y
上海清算所城投债收益率曲线(AAA),远期的即期,2026-02-12,0,2.038,2,2,2Y
上海清算所城投债收益率曲线(AAA),远期的即期,2026-02-12,0,2.0042,2,1,1Y
上海清算所城投债收益率曲线(AAA),远期的即期,2026-02-12,0,2.6153,3,12,12Y
上海清算所城投债收益率曲线(AAA),远期的即期,2026-02-12,0,2.6033,3,11,11Y
上海清算所城投债收益率曲线(AAA),远期的即期,2026-02-12,0,2.5925,3,10,10Y
上海清算所城投债收益率曲线(AAA),远期的即期,2026-02-12,0,2.5825,3,9,9Y
上海清算所城投债收益率曲线(AAA),远期的即期,2026-02-12,0,2.5731,3,8,8Y
上海清算所城投债收益率曲线(AAA),远期的即期,2026-02-12,0,2.5644,3,7,7Y
上海清算所城投债收益率曲线(AAA),远期的即期,2026-02-12,0,2.5453,3,6,6Y
上海清算所城投债收益率曲线(AAA),远期的即期,2026-02-12,0,2.5065,3,5,5Y
上海清算所城投债收益率曲线(AAA),远期的即期,2026-02-12,0,2.4426,3,4,4Y
上海清算所城投债收益率曲线(AAA),远期的即期,2026-02-12,0,2.2596,3,3,3Y
上海清算所城投债收益率曲线(AAA),远期的即期,2026-02-12,0,2.1343,3,2,2Y
上海清算所城投债收益率曲线(AAA),远期的即期,2026-02-12,0,2.0718,3,1,1Y
上海清算所城投债收益率曲线(AAA),远期的即期,2026-02-12,0,2.6648,4,11,11Y
上海清算所城投债收益率曲线(AAA),远期的即期,2026-02-12,0,2.6566,4,10,10Y
上海清算所城投债收益率曲线(AAA),远期的即期,2026-02-12,0,2.6505,4,9,9Y
上海清算所城投债收益率曲线(AAA),远期的即期,2026-02-12,0,2.6466,4,8,8Y
上海清算所城投债收益率曲线(AAA),远期的即期,2026-02-12,0,2.645,4,7,7Y
上海清算所城投债收益率曲线(AAA),远期的即期,2026-02-12,0,2.6467,4,6,6Y
上海清算所城投债收益率曲线(AAA),远期的即期,2026-02-12,0,2.6402,4,5,5Y
上海清算所城投债收益率曲线(AAA),远期的即期,2026-02-12,0,2.6155,4,4,4Y
上海清算所城投债收益率曲线(AAA),远期的即期,2026-02-12,0,2.5665,4,3,3Y
上海清算所城投债收益率曲线(AAA),远期的即期,2026-02-12,0,2.3536,4,2,2Y
上海清算所城投债收益率曲线(AAA),远期的即期,2026-02-12,0,2.1968,4,1,1Y
上海清算所城投债收益率曲线(AAA),远期的即期,2026-02-12,0,2.7117,5,10,10Y
上海清算所城投债收益率曲线(AAA),远期的即期,2026-02-12,0,2.7078,5,9,9Y
上海清算所城投债收益率曲线(AAA),远期的即期,2026-02-12,0,2.7074,5,8,8Y
上海清算所城投债收益率曲线(AAA),远期的即期,2026-02-12,0,2.711,5,7,7Y
上海清算所城投债收益率曲线(AAA),远期的即期,2026-02-12,0,2.7198,5,6,6Y
上海清算所城投债收益率曲线(AAA),远期的即期,2026-02-12,0,2.7369,5,5,5Y
上海清算所城投债收益率曲线(AAA),远期的即期,2026-02-12,0,2.7514,5,4,4Y
上海清算所城投债收益率曲线(AAA),远期的即期,2026-02-12,0,2.7555,5,3,3Y
上海清算所城投债收益率曲线(AAA),远期的即期,2026-02-12,0,2.7519,5,2,2Y
上海清算所城投债收益率曲线(AAA),远期的即期,2026-02-12,0,2.5106,5,1,1Y
上海清算所城投债收益率曲线(AAA),远期的即期,2026-02-12,0,2.7341,6,9,9Y
上海清算所城投债收益率曲线(AAA),远期的即期,2026-02-12,0,2.7325,6,8,8Y
上海清算所城投债收益率曲线(AAA),远期的即期,2026-02-12,0,2.7356,6,7,7Y
上海清算所城投债收益率曲线(AAA),远期的即期,2026-02-12,0,2.7444,6,6,6Y
上海清算所城投债收益率曲线(AAA),远期的即期,2026-02-12,0,2.7617,6,5,5Y
上海清算所城投债收益率曲线(AAA),远期的即期,2026-02-12,0,2.7936,6,4,4Y
上海清算所城投债收益率曲线(AAA),远期的即期,2026-02-12,0,2.8317,6,3,3Y
上海清算所城投债收益率曲线(AAA),远期的即期,2026-02-12,0,2.8781,6,2,2Y
上海清算所城投债收益率曲线(AAA),远期的即期,2026-02-12,0,2.9938,6,1,1Y
上海清算所城投债收益率曲线(AAA),远期的即期,2026-02-12,0,2.7017,7,8,8Y
上海清算所城投债收益率曲线(AAA),远期的即期,2026-02-12,0,2.6952,7,7,7Y
上海清算所城投债收益率曲线(AAA),远期的即期,2026-02-12,0,2.6926,7,6,6Y
上海清算所城投债收益率曲线(AAA),远期的即期,2026-02-12,0,2.6946,7,5,5Y
上海清算所城投债收益率曲线(AAA),远期的即期,2026-02-12,0,2.7038,7,4,4Y
上海清算所城投债收益率曲线(AAA),远期的即期,2026-02-12,0,2.7269,7,3,3Y
上海清算所城投债收益率曲线(AAA),远期的即期,2026-02-12,0,2.7508,7,2,2Y
上海清算所城投债收益率曲线(AAA),远期的即期,2026-02-12,0,2.7626,7,1,1Y
上海清算所城投债收益率曲线(AAA),远期的即期,2026-02-12,0,2.693,8,7,7Y
上海清算所城投债收益率曲线(AAA),远期的即期,2026-02-12,0,2.684,8,6,6Y
上海清算所城投债收益率曲线(AAA),远期的即期,2026-02-12,0,2.6786,8,5,5Y
上海清算所城投债收益率曲线(AAA),远期的即期,2026-02-12,0,2.6776,8,4,4Y
上海清算所城投债收益率曲线(AAA),远期的即期,2026-02-12,0,2.6842,8,3,3Y
上海清算所城投债收益率曲线(AAA),远期的即期,2026-02-12,0,2.7091,8,2,2Y
上海清算所城投债收益率曲线(AAA),远期的即期,2026-02-12,0,2.7391,8,1,1Y
上海清算所城投债收益率曲线(AAA),远期的即期,2026-02-12,0,2.6853,9,6,6Y
上海清算所城投债收益率曲线(AAA),远期的即期,2026-02-12,0,2.673,9,5,5Y
上海清算所城投债收益率曲线(AAA),远期的即期,2026-02-12,0,2.6635,9,4,4Y
上海清算所城投债收益率曲线(AAA),远期的即期,2026-02-12,0,2.6572,9,3,3Y
上海清算所城投债收益率曲线(AAA),远期的即期,2026-02-12,0,2.6568,9,2,2Y
上海清算所城投债收益率曲线(AAA),远期的即期,2026-02-12,0,2.6792,9,1,1Y
上海清算所城投债收益率曲线(AAA),远期的即期,2026-02-12,0,2.6865,10,5,5Y
上海清算所城投债收益率曲线(AAA),远期的即期,2026-02-12,0,2.6714,10,4,4Y
上海清算所城投债收益率曲线(AAA),远期的即期,2026-02-12,0,2.6582,10,3,3Y
上海清算所城投债收益率曲线(AAA),远期的即期,2026-02-12,0,2.6461,10,2,2Y
上海清算所城投债收益率曲线(AAA),远期的即期,2026-02-12,0,2.6344,10,1,1Y
上海清算所城投债收益率曲线(AAA),远期的即期,2026-02-12,0,2.6996,11,4,4Y
上海清算所城投债收益率曲线(AAA),远期的即期,2026-02-12,0,2.6838,11,3,3Y
上海清算所城投债收益率曲线(AAA),远期的即期,2026-02-12,0,2.6701,11,2,2Y
上海清算所城投债收益率曲线(AAA),远期的即期,2026-02-12,0,2.6579,11,1,1Y
上海清算所城投债收益率曲线(AAA),远期的即期,2026-02-12,0,2.7135,12,3,3Y
上海清算所城投债收益率曲线(AAA),远期的即期,2026-02-12,0,2.6967,12,2,2Y
上海清算所城投债收益率曲线(AAA),远期的即期,2026-02-12,0,2.6824,12,1,1Y
上海清算所城投债收益率曲线(AAA),远期的即期,2026-02-12,0,2.729,13,2,2Y
上海清算所城投债收益率曲线(AAA),远期的即期,2026-02-12,0,2.711,13,1,1Y
上海清算所城投债收益率曲线(AAA),远期的即期,2026-02-12,0,2.7469,14,1,1Y
上海清算所城投债收益率曲线(AAA),远期的即期,2026-02-13,0,2.4994,1,14,14Y
上海清算所城投债收益率曲线(AAA),远期的即期,2026-02-13,0,2.4721,1,13,13Y
上海清算所城投债收益率曲线(AAA),远期的即期,2026-02-13,0,2.4464,1,12,12Y
上海清算所城投债收益率曲线(AAA),远期的即期,2026-02-13,0,2.4234,1,11,11Y
上海清算所城投债收益率曲线(AAA),远期的即期,2026-02-13,0,2.4042,1,10,10Y
上海清算所城投债收益率曲线(AAA),远期的即期,2026-02-13,0,2.3899,1,9,9Y
上海清算所城投债收益率曲线(AAA),远期的即期,2026-02-13,0,2.384,1,8,8Y
上海清算所城投债收益率曲线(AAA),远期的即期,2026-02-13,0,2.2972,1,7,7Y
上海清算所城投债收益率曲线(AAA),远期的即期,2026-02-13,0,2.2603,1,6,6Y
上海清算所城投债收益率曲线(AAA),远期的即期,2026-02-13,0,2.1179,1,5,5Y
上海清算所城投债收益率曲线(AAA),远期的即期,2026-02-13,0,2.0117,1,4,4Y
上海清算所城投债收益率曲线(AAA),远期的即期,2026-02-13,0,1.9698,1,3,3Y
上海清算所城投债收益率曲线(AAA),远期的即期,2026-02-13,0,1.8973,1,2,2Y
上海清算所城投债收益率曲线(AAA),远期的即期,2026-02-13,0,1.8403,1,1,1Y
上海清算所城投债收益率曲线(AAA),远期的即期,2026-02-13,0,2.5503,2,13,13Y
上海清算所城投债收益率曲线(AAA),远期的即期,2026-02-13,0,2.5249,2,12,12Y
上海清算所城投债收益率曲线(AAA),远期的即期,2026-02-13,0,2.5017,2,11,11Y
上海清算所城投债收益率曲线(AAA),远期的即期,2026-02-13,0,2.4819,2,10,10Y
上海清算所城投债收益率曲线(AAA),远期的即期,2026-02-13,0,2.4671,2,9,9Y
上海清算所城投债收益率曲线(AAA),远期的即期,2026-02-13,0,2.4588,2,8,8Y
上海清算所城投债收益率曲线(AAA),远期的即期,2026-02-13,0,2.4619,2,7,7Y
上海清算所城投债收益率曲线(AAA),远期的即期,2026-02-13,0,2.3735,2,6,6Y
上海清算所城投债收益率曲线(AAA),远期的即期,2026-02-13,0,2.3446,2,5,5Y
上海清算所城投债收益率曲线(AAA),远期的即期,2026-02-13,0,2.1874,2,4,4Y
上海清算所城投债收益率曲线(AAA),远期的即期,2026-02-13,0,2.0689,2,3,3Y
上海清算所城投债收益率曲线(AAA),远期的即期,2026-02-13,0,2.0345,2,2,2Y
上海清算所城投债收益率曲线(AAA),远期的即期,2026-02-13,0,1.9543,2,1,1Y
上海清算所城投债收益率曲线(AAA),远期的即期,2026-02-13,0,2.6001,3,12,12Y
上海清算所城投债收益率曲线(AAA),远期的即期,2026-02-13,0,2.5769,3,11,11Y
上海清算所城投债收益率曲线(AAA),远期的即期,2026-02-13,0,2.5566,3,10,10Y
上海清算所城投债收益率曲线(AAA),远期的即期,2026-02-13,0,2.5407,3,9,9Y
上海清算所城投债收益率曲线(AAA),远期的即期,2026-02-13,0,2.5313,3,8,8Y
上海清算所城投债收益率曲线(AAA),远期的即期,2026-02-13,0,2.5311,3,7,7Y
上海清算所城投债收益率曲线(AAA),远期的即期,2026-02-13,0,2.5468,3,6,6Y
上海清算所城投债收益率曲线(AAA),远期的即期,2026-02-13,0,2.4576,3,5,5Y
上海清算所城投债收益率曲线(AAA),远期的即期,2026-02-13,0,2.4424,3,4,4Y
上海清算所城投债收益率曲线(AAA),远期的即期,2026-02-13,0,2.2652,3,3,3Y
上海清算所城投债收益率曲线(AAA),远期的即期,2026-02-13,0,2.1263,3,2,2Y
上海清算所城投债收益率曲线(AAA),远期的即期,2026-02-13,0,2.1149,3,1,1Y
上海清算所城投债收益率曲线(AAA),远期的即期,2026-02-13,0,2.6444,4,11,11Y
上海清算所城投债收益率曲线(AAA),远期的即期,2026-02-13,0,2.6232,4,10,10Y
上海清算所城投债收益率曲线(AAA),远期的即期,2026-02-13,0,2.6058,4,9,9Y
上海清算所城投债收益率曲线(AAA),远期的即期,2026-02-13,0,2.5941,4,8,8Y
上海清算所城投债收益率曲线(AAA),远期的即期,2026-02-13,0,2.591,4,7,7Y
上海清算所城投债收益率曲线(AAA),远期的即期,2026-02-13,0,2.6007,4,6,6Y
上海清算所城投债收益率曲线(AAA),远期的即期,2026-02-13,0,2.6334,4,5,5Y
上海清算所城投债收益率曲线(AAA),远期的即期,2026-02-13,0,2.5435,4,4,4Y
上海清算所城投债收益率曲线(AAA),远期的即期,2026-02-13,0,2.5518,4,3,3Y
上海清算所城投债收益率曲线(AAA),远期的即期,2026-02-13,0,2.3405,4,2,2Y
上海清算所城投债收益率曲线(AAA),远期的即期,2026-02-13,0,2.1377,4,1,1Y
上海清算所城投债收益率曲线(AAA),远期的即期,2026-02-13,0,2.6951,5,10,10Y
上海清算所城投债收益率曲线(AAA),远期的即期,2026-02-13,0,2.6773,5,9,9Y
上海清算所城投债收益率曲线(AAA),远期的即期,2026-02-13,0,2.6644,5,8,8Y
上海清算所城投债收益率曲线(AAA),远期的即期,2026-02-13,0,2.6594,5,7,7Y
上海清算所城投债收益率曲线(AAA),远期的即期,2026-02-13,0,2.6667,5,6,6Y
上海清算所城投债收益率曲线(AAA),远期的即期,2026-02-13,0,2.6935,5,5,5Y
上海清算所城投债收益率曲线(AAA),远期的即期,2026-02-13,0,2.7577,5,4,4Y
上海清算所城投债收益率曲线(AAA),远期的即期,2026-02-13,0,2.679,5,3,3Y
上海清算所城投债收益率曲线(AAA),远期的即期,2026-02-13,0,2.7594,5,2,2Y
上海清算所城投债收益率曲线(AAA),远期的即期,2026-02-13,0,2.5437,5,1,1Y
上海清算所城投债收益率曲线(AAA),远期的即期,2026-02-13,0,2.712,6,9,9Y
上海清算所城投债收益率曲线(AAA),远期的即期,2026-02-13,0,2.694,6,8,8Y
上海清算所城投债收益率曲线(AAA),远期的即期,2026-02-13,0,2.6817,6,7,7Y
上海清算所城投债收益率曲线(AAA),远期的即期,2026-02-13,0,2.6787,6,6,6Y
上海清算所城投债收益率曲线(AAA),远期的即期,2026-02-13,0,2.6913,6,5,5Y
上海清算所城投债收益率曲线(AAA),远期的即期,2026-02-13,0,2.731,6,4,4Y
上海清算所城投债收益率曲线(AAA),远期的即期,2026-02-13,0,2.8291,6,3,3Y
上海清算所城投债收益率曲线(AAA),远期的即期,2026-02-13,0,2.7468,6,2,2Y
上海清算所城投债收益率曲线(AAA),远期的即期,2026-02-13,0,2.9755,6,1,1Y
上海清算所城投债收益率曲线(AAA),远期的即期,2026-02-13,0,2.6791,7,8,8Y
上海清算所城投债收益率曲线(AAA),远期的即期,2026-02-13,0,2.6539,7,7,7Y
上海清算所城投债收益率曲线(AAA),远期的即期,2026-02-13,0,2.6328,7,6,6Y
上海清算所城投债收益率曲线(AAA),远期的即期,2026-02-13,0,2.6195,7,5,5Y
上海清算所城投债收益率曲线(AAA),远期的即期,2026-02-13,0,2.6204,7,4,4Y
上海清算所城投债收益率曲线(AAA),远期的即期,2026-02-13,0,2.6496,7,3,3Y
上海清算所城投债收益率曲线(AAA),远期的即期,2026-02-13,0,2.756,7,2,2Y
上海清算所城投债收益率曲线(AAA),远期的即期,2026-02-13,0,2.5186,7,1,1Y
上海清算所城投债收益率曲线(AAA),远期的即期,2026-02-13,0,2.702,8,7,7Y
上海清算所城投债收益率曲线(AAA),远期的即期,2026-02-13,0,2.6765,8,6,6Y
上海清算所城投债收益率曲线(AAA),远期的即期,2026-02-13,0,2.6557,8,5,5Y
上海清算所城投债收益率曲线(AAA),远期的即期,2026-02-13,0,2.6447,8,4,4Y
上海清算所城投债收益率曲线(AAA),远期的即期,2026-02-13,0,2.6544,8,3,3Y
上海清算所城投债收益率曲线(AAA),远期的即期,2026-02-13,0,2.7152,8,2,2Y
上海清算所城投债收益率曲线(AAA),远期的即期,2026-02-13,0,2.9939,8,1,1Y
上海清算所城投债收益率曲线(AAA),远期的即期,2026-02-13,0,2.6535,9,6,6Y
上海清算所城投债收益率曲线(AAA),远期的即期,2026-02-13,0,2.6131,9,5,5Y
上海清算所城投债收益率曲线(AAA),远期的即期,2026-02-13,0,2.5713,9,4,4Y
上海清算所城投债收益率曲线(AAA),远期的即期,2026-02-13,0,2.5286,9,3,3Y
上海清算所城投债收益率曲线(AAA),远期的即期,2026-02-13,0,2.485,9,2,2Y
上海清算所城投债收益率曲线(AAA),远期的即期,2026-02-13,0,2.4372,9,1,1Y
上海清算所城投债收益率曲线(AAA),远期的即期,2026-02-13,0,2.6968,10,5,5Y
上海清算所城投债收益率曲线(AAA),远期的即期,2026-02-13,0,2.6571,10,4,4Y
上海清算所城投债收益率曲线(AAA),远期的即期,2026-02-13,0,2.616,10,3,3Y
上海清算所城投债收益率曲线(AAA),远期的即期,2026-02-13,0,2.5743,10,2,2Y
上海清算所城投债收益率曲线(AAA),远期的即期,2026-02-13,0,2.5328,10,1,1Y
上海清算所城投债收益率曲线(AAA),远期的即期,2026-02-13,0,2.7378,11,4,4Y
上海清算所城投债收益率曲线(AAA),远期的即期,2026-02-13,0,2.6986,11,3,3Y
上海清算所城投债收益率曲线(AAA),远期的即期,2026-02-13,0,2.6576,11,2,2Y
上海清算所城投债收益率曲线(AAA),远期的即期,2026-02-13,0,2.6158,11,1,1Y
上海清算所城投债收益率曲线(AAA),远期的即期,2026-02-13,0,2.7785,12,3,3Y
上海清算所城投债收益率曲线(AAA),远期的即期,2026-02-13,0,2.74,12,2,2Y
上海清算所城投债收益率曲线(AAA),远期的即期,2026-02-13,0,2.6994,12,1,1Y
上海清算所城投债收益率曲线(AAA),远期的即期,2026-02-13,0,2.8181,13,2,2Y
上海清算所城投债收益率曲线(AAA),远期的即期,2026-02-13,0,2.7806,13,1,1Y
上海清算所城投债收益率曲线(AAA),远期的即期,2026-02-13,0,2.8557,14,1,1Y
上海清算所城投债收益率曲线(AAA),远期的即期,2026-02-14,0,2.5003,1,14,14Y
上海清算所城投债收益率曲线(AAA),远期的即期,2026-02-14,0,2.4677,1,13,13Y
上海清算所城投债收益率曲线(AAA),远期的即期,2026-02-14,0,2.437,1,12,12Y
上海清算所城投债收益率曲线(AAA),远期的即期,2026-02-14,0,2.4093,1,11,11Y
上海清算所城投债收益率曲线(AAA),远期的即期,2026-02-14,0,2.3859,1,10,10Y
上海清算所城投债收益率曲线(AAA),远期的即期,2026-02-14,0,2.368,1,9,9Y
上海清算所城投债收益率曲线(AAA),远期的即期,2026-02-14,0,2.3595,1,8,8Y
上海清算所城投债收益率曲线(AAA),远期的即期,2026-02-14,0,2.2875,1,7,7Y
上海清算所城投债收益率曲线(AAA),远期的即期,2026-02-14,0,2.2464,1,6,6Y
上海清算所城投债收益率曲线(AAA),远期的即期,2026-02-14,0,2.1024,1,5,5Y
上海清算所城投债收益率曲线(AAA),远期的即期,2026-02-14,0,2.0007,1,4,4Y
上海清算所城投债收益率曲线(AAA),远期的即期,2026-02-14,0,1.9742,1,3,3Y
上海清算所城投债收益率曲线(AAA),远期的即期,2026-02-14,0,1.9318,1,2,2Y
上海清算所城投债收益率曲线(AAA),远期的即期,2026-02-14,0,1.8536,1,1,1Y
上海清算所城投债收益率曲线(AAA),远期的即期,2026-02-14,0,2.5502,2,13,13Y
上海清算所城投债收益率曲线(AAA),远期的即期,2026-02-14,0,2.5191,2,12,12Y
上海清算所城投债收益率曲线(AAA),远期的即期,2026-02-14,0,2.4902,2,11,11Y
上海清算所城投债收益率曲线(AAA),远期的即期,2026-02-14,0,2.4651,2,10,10Y
上海清算所城投债收益率曲线(AAA),远期的即期,2026-02-14,0,2.4452,2,9,9Y
上海清算所城投债收益率曲线(AAA),远期的即期,2026-02-14,0,2.4324,2,8,8Y
上海清算所城投债收益率曲线(AAA),远期的即期,2026-02-14,0,2.4319,2,7,7Y
上海清算所城投债收益率曲线(AAA),远期的即期,2026-02-14,0,2.3599,2,6,6Y
上海清算所城投债收益率曲线(AAA),远期的即期,2026-02-14,0,2.3251,2,5,5Y
上海清算所城投债收益率曲线(AAA),远期的即期,2026-02-14,0,2.1646,2,4,4Y
上海清算所城投债收益率曲线(AAA),远期的即期,2026-02-14,0,2.0498,2,3,3Y
上海清算所城投债收益率曲线(AAA),远期的即期,2026-02-14,0,2.0346,2,2,2Y
上海清算所城投债收益率曲线(AAA),远期的即期,2026-02-14,0,2.0101,2,1,1Y
上海清算所城投债收益率曲线(AAA),远期的即期,2026-02-14,0,2.5954,3,12,12Y
上海清算所城投债收益率曲线(AAA),远期的即期,2026-02-14,0,2.5655,3,11,11Y
上海清算所城投债收益率曲线(AAA),远期的即期,2026-02-14,0,2.5384,3,10,10Y
上海清算所城投债收益率曲线(AAA),远期的即期,2026-02-14,0,2.5157,3,9,9Y
上海清算所城投债收益率曲线(AAA),远期的即期,2026-02-14,0,2.4997,3,8,8Y
上海清算所城投债收益率曲线(AAA),远期的即期,2026-02-14,0,2.4929,3,7,7Y
上海清算所城投债收益率曲线(AAA),远期的即期,2026-02-14,0,2.5024,3,6,6Y
上海清算所城投债收益率曲线(AAA),远期的即期,2026-02-14,0,2.43,3,5,5Y
上海清算所城投债收益率曲线(AAA),远期的即期,2026-02-14,0,2.404,3,4,4Y
上海清算所城投债收益率曲线(AAA),远期的即期,2026-02-14,0,2.2162,3,3,3Y
上海清算所城投债收益率曲线(AAA),远期的即期,2026-02-14,0,2.0697,3,2,2Y
上海清算所城投债收益率曲线(AAA),远期的即期,2026-02-14,0,2.0591,3,1,1Y
上海清算所城投债收益率曲线(AAA),远期的即期,2026-02-14,0,2.6443,4,11,11Y
上海清算所城投债收益率曲线(AAA),远期的即期,2026-02-14,0,2.6162,4,10,10Y
上海清算所城投债收益率曲线(AAA),远期的即期,2026-02-14,0,2.5917,4,9,9Y
上海清算所城投债收益率曲线(AAA),远期的即期,2026-02-14,0,2.573,4,8,8Y
上海清算所城投债收益率曲线(AAA),远期的即期,2026-02-14,0,2.5628,4,7,7Y
上海清算所城投债收益率曲线(AAA),远期的即期,2026-02-14,0,2.5654,4,6,6Y
上海清算所城投债收益率曲线(AAA),远期的即期,2026-02-14,0,2.5913,4,5,5Y
上海清算所城投债收益率曲线(AAA),远期的即期,2026-02-14,0,2.523,4,4,4Y
上海清算所城投债收益率曲线(AAA),远期的即期,2026-02-14,0,2.5192,4,3,3Y
上海清算所城投债收益率曲线(AAA),远期的即期,2026-02-14,0,2.2948,4,2,2Y
上海清算所城投债收益率曲线(AAA),远期的即期,2026-02-14,0,2.0803,4,1,1Y
上海清算所城投债收益率曲线(AAA),远期的即期,2026-02-14,0,2.7008,5,10,10Y
上海清算所城投债收益率曲线(AAA),远期的即期,2026-02-14,0,2.676,5,9,9Y
上海清算所城投债收益率曲线(AAA),远期的即期,2026-02-14,0,2.6559,5,8,8Y
上海清算所城投债收益率曲线(AAA),远期的即期,2026-02-14,0,2.6435,5,7,7Y
上海清算所城投债收益率曲线(AAA),远期的即期,2026-02-14,0,2.6434,5,6,6Y
上海清算所城投债收益率曲线(AAA),远期的即期,2026-02-14,0,2.6627,5,5,5Y
上海清算所城投债收益率曲线(AAA),远期的即期,2026-02-14,0,2.7195,5,4,4Y
上海清算所城投债收益率曲线(AAA),远期的即期,2026-02-14,0,2.671,5,3,3Y
上海清算所城投债收益率曲线(AAA),远期的即期,2026-02-14,0,2.7394,5,2,2Y
上海清算所城投债收益率曲线(AAA),远期的即期,2026-02-14,0,2.5098,5,1,1Y
上海清算所城投债收益率曲线(AAA),远期的即期,2026-02-14,0,2.7221,6,9,9Y
上海清算所城投债收益率曲线(AAA),远期的即期,2026-02-14,0,2.6968,6,8,8Y
上海清算所城投债收益率曲线(AAA),远期的即期,2026-02-14,0,2.6767,6,7,7Y
上海清算所城投债收益率曲线(AAA),远期的即期,2026-02-14,0,2.6658,6,6,6Y
上海清算所城投债收益率曲线(AAA),远期的即期,2026-02-14,0,2.6702,6,5,5Y
上海清算所城投债收益率曲线(AAA),远期的即期,2026-02-14,0,2.7009,6,4,4Y
上海清算所城投债收益率曲线(AAA),远期的即期,2026-02-14,0,2.7894,6,3,3Y
上海清算所城投债收益率曲线(AAA),远期的即期,2026-02-14,0,2.7517,6,2,2Y
上海清算所城投债收益率曲线(AAA),远期的即期,2026-02-14,0,2.9696,6,1,1Y
上海清算所城投债收益率曲线(AAA),远期的即期,2026-02-14,0,2.6912,7,8,8Y
上海清算所城投债收益率曲线(AAA),远期的即期,2026-02-14,0,2.6579,7,7,7Y
上海清算所城投债收益率曲线(AAA),远期的即期,2026-02-14,0,2.628,7,6,6Y
上海清算所城投债收益率曲线(AAA),远期的即期,2026-02-14,0,2.6052,7,5,5Y
上海清算所城投债收益率曲线(AAA),远期的即期,2026-02-14,0,2.5955,7,4,4Y
上海清算所城投债收益率曲线(AAA),远期的即期,2026-02-14,0,2.6116,7,3,3Y
上海清算所城投债收益率曲线(AAA),远期的即期,2026-02-14,0,2.6995,7,2,2Y
上海清算所城投债收益率曲线(AAA),远期的即期,2026-02-14,0,2.5342,7,1,1Y
上海清算所城投债收益率曲线(AAA),远期的即期,2026-02-14,0,2.7136,8,7,7Y
上海清算所城投债收益率曲线(AAA),远期的即期,2026-02-14,0,2.6785,8,6,6Y
上海清算所城投债收益率曲线(AAA),远期的即期,2026-02-14,0,2.6468,8,5,5Y
上海清算所城投债收益率曲线(AAA),远期的即期,2026-02-14,0,2.6229,8,4,4Y
上海清算所城投债收益率曲线(AAA),远期的即期,2026-02-14,0,2.6159,8,3,3Y
上海清算所城投债收益率曲线(AAA),远期的即期,2026-02-14,0,2.6502,8,2,2Y
上海清算所城投债收益率曲线(AAA),远期的即期,2026-02-14,0,2.865,8,1,1Y
上海清算所城投债收益率曲线(AAA),远期的即期,2026-02-14,0,2.6884,9,6,6Y
上海清算所城投债收益率曲线(AAA),远期的即期,2026-02-14,0,2.6412,9,5,5Y
上海清算所城投债收益率曲线(AAA),远期的即期,2026-02-14,0,2.5923,9,4,4Y
上海清算所城投债收益率曲线(AAA),远期的即期,2026-02-14,0,2.5424,9,3,3Y
上海清算所城投债收益率曲线(AAA),远期的即期,2026-02-14,0,2.4915,9,2,2Y
上海清算所城投债收益率曲线(AAA),远期的即期,2026-02-14,0,2.4359,9,1,1Y
上海清算所城投债收益率曲线(AAA),远期的即期,2026-02-14,0,2.739,10,5,5Y
上海清算所城投债收益率曲线(AAA),远期的即期,2026-02-14,0,2.6926,10,4,4Y
上海清算所城投债收益率曲线(AAA),远期的即期,2026-02-14,0,2.6445,10,3,3Y
上海清算所城投债收益率曲线(AAA),远期的即期,2026-02-14,0,2.5957,10,2,2Y
上海清算所城投债收益率曲线(AAA),远期的即期,2026-02-14,0,2.5471,10,1,1Y
上海清算所城投债收益率曲线(AAA),远期的即期,2026-02-14,0,2.787,11,4,4Y
上海清算所城投债收益率曲线(AAA),远期的即期,2026-02-14,0,2.7411,11,3,3Y
上海清算所城投债收益率曲线(AAA),远期的即期,2026-02-14,0,2.6932,11,2,2Y
上海清算所城投债收益率曲线(AAA),远期的即期,2026-02-14,0,2.6442,11,1,1Y
上海清算所城投债收益率曲线(AAA),远期的即期,2026-02-14,0,2.8347,12,3,3Y
上海清算所城投债收益率曲线(AAA),远期的即期,2026-02-14,0,2.7896,12,2,2Y
上海清算所城投债收益率曲线(AAA),远期的即期,2026-02-14,0,2.7421,12,1,1Y
上海清算所城投债收益率曲线(AAA),远期的即期,2026-02-14,0,2.881,13,2,2Y
上海清算所城投债收益率曲线(AAA),远期的即期,2026-02-14,0,2.8371,13,1,1Y
上海清算所城投债收益率曲线(AAA),远期的即期,2026-02-14,0,2.9249,14,1,1Y
上海清算所城投债收益率曲线(AAA),远期的即期,2026-02-24,0,2.5108,1,14,14Y
上海清算所城投债收益率曲线(AAA),远期的即期,2026-02-24,0,2.4641,1,13,13Y
上海清算所城投债收益率曲线(AAA),远期的即期,2026-02-24,0,2.4312,1,12,12Y
上海清算所城投债收益率曲线(AAA),远期的即期,2026-02-24,0,2.3992,1,11,11Y
上海清算所城投债收益率曲线(AAA),远期的即期,2026-02-24,0,2.368,1,10,10Y
上海清算所城投债收益率曲线(AAA),远期的即期,2026-02-24,0,2.3634,1,9,9Y
上海清算所城投债收益率曲线(AAA),远期的即期,2026-02-24,0,2.3734,1,8,8Y
上海清算所城投债收益率曲线(AAA),远期的即期,2026-02-24,0,2.2842,1,7,7Y
上海清算所城投债收益率曲线(AAA),远期的即期,2026-02-24,0,2.2469,1,6,6Y
上海清算所城投债收益率曲线(AAA),远期的即期,2026-02-24,0,2.1087,1,5,5Y
上海清算所城投债收益率曲线(AAA),远期的即期,2026-02-24,0,2.0202,1,4,4Y
上海清算所城投债收益率曲线(AAA),远期的即期,2026-02-24,0,1.9371,1,3,3Y
上海清算所城投债收益率曲线(AAA),远期的即期,2026-02-24,0,1.8795,1,2,2Y
上海清算所城投债收益率曲线(AAA),远期的即期,2026-02-24,0,1.8522,1,1,1Y
上海清算所城投债收益率曲线(AAA),远期的即期,2026-02-24,0,2.5616,2,13,13Y
上海清算所城投债收益率曲线(AAA),远期的即期,2026-02-24,0,2.5153,2,12,12Y
上海清算所城投债收益率曲线(AAA),远期的即期,2026-02-24,0,2.484,2,11,11Y
上海清算所城投债收益率曲线(AAA),远期的即期,2026-02-24,0,2.454,2,10,10Y
上海清算所城投债收益率曲线(AAA),远期的即期,2026-02-24,0,2.4255,2,9,9Y
上海清算所城投债收益率曲线(AAA),远期的即期,2026-02-24,0,2.4275,2,8,8Y
上海清算所城投债收益率曲线(AAA),远期的即期,2026-02-24,0,2.4481,2,7,7Y
上海清算所城投债收益率曲线(AAA),远期的即期,2026-02-24,0,2.3564,2,6,6Y
上海清算所城投债收益率曲线(AAA),远期的即期,2026-02-24,0,2.3261,2,5,5Y
上海清算所城投债收益率曲线(AAA),远期的即期,2026-02-24,0,2.1729,2,4,4Y
上海清算所城投债收益率曲线(AAA),远期的即期,2026-02-24,0,2.0763,2,3,3Y
上海清算所城投债收益率曲线(AAA),远期的即期,2026-02-24,0,1.9795,2,2,2Y
上海清算所城投债收益率曲线(AAA),远期的即期,2026-02-24,0,1.9069,2,1,1Y
上海清算所城投债收益率曲线(AAA),远期的即期,2026-02-24,0,2.6163,3,12,12Y
上海清算所城投债收益率曲线(AAA),远期的即期,2026-02-24,0,2.5708,3,11,11Y
上海清算所城投债收益率曲线(AAA),远期的即期,2026-02-24,0,2.5419,3,10,10Y
上海清算所城投债收益率曲线(AAA),远期的即期,2026-02-24,0,2.515,3,9,9Y
上海清算所城投债收益率曲线(AAA),远期的即期,2026-02-24,0,2.4905,3,8,8Y
上海清算所城投债收益率曲线(AAA),远期的即期,2026-02-24,0,2.5021,3,7,7Y
上海清算所城投债收益率曲线(AAA),远期的即期,2026-02-24,0,2.5386,3,6,6Y
上海清算所城投债收益率曲线(AAA),远期的即期,2026-02-24,0,2.4465,3,5,5Y
上海清算所城投债收益率曲线(AAA),远期的即期,2026-02-24,0,2.4311,3,4,4Y
上海清算所城投债收益率曲线(AAA),远期的即期,2026-02-24,0,2.2617,3,3,3Y
上海清算所城投债收益率曲线(AAA),远期的即期,2026-02-24,0,2.1611,3,2,2Y
上海清算所城投债收益率曲线(AAA),远期的即期,2026-02-24,0,2.0522,3,1,1Y
上海清算所城投债收益率曲线(AAA),远期的即期,2026-02-24,0,2.6678,4,11,11Y
上海清算所城投债收益率曲线(AAA),远期的即期,2026-02-24,0,2.6228,4,10,10Y
上海清算所城投债收益率曲线(AAA),远期的即期,2026-02-24,0,2.5965,4,9,9Y
上海清算所城投债收益率曲线(AAA),远期的即期,2026-02-24,0,2.573,4,8,8Y
上海清算所城投债收益率曲线(AAA),远期的即期,2026-02-24,0,2.5533,4,7,7Y
上海清算所城投债收益率曲线(AAA),远期的即期,2026-02-24,0,2.5772,4,6,6Y
上海清算所城投债收益率曲线(AAA),远期的即期,2026-02-24,0,2.6362,4,5,5Y
上海清算所城投债收益率曲线(AAA),远期的即期,2026-02-24,0,2.5453,4,4,4Y
上海清算所城投债收益率曲线(AAA),远期的即期,2026-02-24,0,2.5577,4,3,3Y
上海清算所城投债收益率曲线(AAA),远期的即期,2026-02-24,0,2.3666,4,2,2Y
上海清算所城投债收益率曲线(AAA),远期的即期,2026-02-24,0,2.2702,4,1,1Y
上海清算所城投债收益率曲线(AAA),远期的即期,2026-02-24,0,2.7076,5,10,10Y
上海清算所城投债收益率曲线(AAA),远期的即期,2026-02-24,0,2.662,5,9,9Y
上海清算所城投债收益率曲线(AAA),远期的即期,2026-02-24,0,2.6374,5,8,8Y
上海清算所城投债收益率曲线(AAA),远期的即期,2026-02-24,0,2.6163,5,7,7Y
上海清算所城投债收益率曲线(AAA),远期的即期,2026-02-24,0,2.6005,5,6,6Y
上海清算所城投债收益率曲线(AAA),远期的即期,2026-02-24,0,2.6388,5,5,5Y
上海清算所城投债收益率曲线(AAA),远期的即期,2026-02-24,0,2.7279,5,4,4Y
上海清算所城投债收益率曲线(AAA),远期的即期,2026-02-24,0,2.6372,5,3,3Y
上海清算所城投债收益率曲线(AAA),远期的即期,2026-02-24,0,2.7018,5,2,2Y
上海清算所城投债收益率曲线(AAA),远期的即期,2026-02-24,0,2.4632,5,1,1Y
上海清算所城投债收益率曲线(AAA),远期的即期,2026-02-24,0,2.7348,6,9,9Y
上海清算所城投债收益率曲线(AAA),远期的即期,2026-02-24,0,2.6869,6,8,8Y
上海清算所城投债收益率曲线(AAA),远期的即期,2026-02-24,0,2.6623,6,7,7Y
上海清算所城投债收益率曲线(AAA),远期的即期,2026-02-24,0,2.6419,6,6,6Y
上海清算所城投债收益率曲线(AAA),远期的即期,2026-02-24,0,2.628,6,5,5Y
上海清算所城投债收益率曲线(AAA),远期的即期,2026-02-24,0,2.6827,6,4,4Y
上海清算所城投债收益率曲线(AAA),远期的即期,2026-02-24,0,2.8163,6,3,3Y
上海清算所城投债收益率曲线(AAA),远期的即期,2026-02-24,0,2.7243,6,2,2Y
上海清算所城投债收益率曲线(AAA),远期的即期,2026-02-24,0,2.941,6,1,1Y
上海清算所城投债收益率曲线(AAA),远期的即期,2026-02-24,0,2.7091,7,8,8Y
上海清算所城投债收益率曲线(AAA),远期的即期,2026-02-24,0,2.6507,7,7,7Y
上海清算所城投债收益率曲线(AAA),远期的即期,2026-02-24,0,2.6159,7,6,6Y
上海清算所城投债收益率曲线(AAA),远期的即期,2026-02-24,0,2.5822,7,5,5Y
上海清算所城投债收益率曲线(AAA),远期的即期,2026-02-24,0,2.5499,7,4,4Y
上海清算所城投债收益率曲线(AAA),远期的即期,2026-02-24,0,2.5968,7,3,3Y
上海清算所城投债收益率曲线(AAA),远期的即期,2026-02-24,0,2.754,7,2,2Y
上海清算所城投债收益率曲线(AAA),远期的即期,2026-02-24,0,2.5081,7,1,1Y
上海清算所城投债收益率曲线(AAA),远期的即期,2026-02-24,0,2.7378,8,7,7Y
上海清算所城投债收益率曲线(AAA),远期的即期,2026-02-24,0,2.6745,8,6,6Y
上海清算所城投债收益率曲线(AAA),远期的即期,2026-02-24,0,2.6375,8,5,5Y
上海清算所城投债收益率曲线(AAA),远期的即期,2026-02-24,0,2.6007,8,4,4Y
上海清算所城投债收益率曲线(AAA),远期的即期,2026-02-24,0,2.5639,8,3,3Y
上海清算所城投债收益率曲线(AAA),远期的即期,2026-02-24,0,2.6411,8,2,2Y
上海清算所城投债收益率曲线(AAA),远期的即期,2026-02-24,0,3.0005,8,1,1Y
上海清算所城投债收益率曲线(AAA),远期的即期,2026-02-24,0,2.6941,9,6,6Y
上海清算所城投债收益率曲线(AAA),远期的即期,2026-02-24,0,2.6094,9,5,5Y
上海清算所城投债收益率曲线(AAA),远期的即期,2026-02-24,0,2.5469,9,4,4Y
上海清算所城投债收益率曲线(AAA),远期的即期,2026-02-24,0,2.4678,9,3,3Y
上海清算所城投债收益率曲线(AAA),远期的即期,2026-02-24,0,2.3463,9,2,2Y
上海清算所城投债收益率曲线(AAA),远期的即期,2026-02-24,0,2.2831,9,1,1Y
上海清算所城投债收益率曲线(AAA),远期的即期,2026-02-24,0,2.7765,10,5,5Y
上海清算所城投债收益率曲线(AAA),远期的即期,2026-02-24,0,2.6911,10,4,4Y
上海清算所城投债收益率曲线(AAA),远期的即期,2026-02-24,0,2.635,10,3,3Y
上海清算所城投债收益率曲线(AAA),远期的即期,2026-02-24,0,2.5603,10,2,2Y
上海清算所城投债收益率曲线(AAA),远期的即期,2026-02-24,0,2.4096,10,1,1Y
上海清算所城投债收益率曲线(AAA),远期的即期,2026-02-24,0,2.8684,11,4,4Y
上海清算所城投债收益率曲线(AAA),远期的即期,2026-02-24,0,2.7851,11,3,3Y
上海清算所城投债收益率曲线(AAA),远期的即期,2026-02-24,0,2.7479,11,2,2Y
上海清算所城投债收益率曲线(AAA),远期的即期,2026-02-24,0,2.7112,11,1,1Y
上海清算所城投债收益率曲线(AAA),远期的即期,2026-02-24,0,2.9209,12,3,3Y
上海清算所城投债收益率曲线(AAA),远期的即期,2026-02-24,0,2.8221,12,2,2Y
上海清算所城投债收益率曲线(AAA),远期的即期,2026-02-24,0,2.7846,12,1,1Y
上海清算所城投债收益率曲线(AAA),远期的即期,2026-02-24,0,2.9891,13,2,2Y
上海清算所城投债收益率曲线(AAA),远期的即期,2026-02-24,0,2.8596,13,1,1Y
上海清算所城投债收益率曲线(AAA),远期的即期,2026-02-24,0,3.1187,14,1,1Y
上海清算所城投债收益率曲线(AAA),远期的即期,2026-02-25,0,2.4941,1,14,14Y
上海清算所城投债收益率曲线(AAA),远期的即期,2026-02-25,0,2.4659,1,13,13Y
上海清算所城投债收益率曲线(AAA),远期的即期,2026-02-25,0,2.4339,1,12,12Y
上海清算所城投债收益率曲线(AAA),远期的即期,2026-02-25,0,2.4027,1,11,11Y
上海清算所城投债收益率曲线(AAA),远期的即期,2026-02-25,0,2.3795,1,10,10Y
上海清算所城投债收益率曲线(AAA),远期的即期,2026-02-25,0,2.3817,1,9,9Y
上海清算所城投债收益率曲线(AAA),远期的即期,2026-02-25,0,2.3803,1,8,8Y
上海清算所城投债收益率曲线(AAA),远期的即期,2026-02-25,0,2.2841,1,7,7Y
上海清算所城投债收益率曲线(AAA),远期的即期,2026-02-25,0,2.2508,1,6,6Y
上海清算所城投债收益率曲线(AAA),远期的即期,2026-02-25,0,2.1139,1,5,5Y
上海清算所城投债收益率曲线(AAA),远期的即期,2026-02-25,0,2.0022,1,4,4Y
上海清算所城投债收益率曲线(AAA),远期的即期,2026-02-25,0,1.9691,1,3,3Y
上海清算所城投债收益率曲线(AAA),远期的即期,2026-02-25,0,1.889,1,2,2Y
上海清算所城投债收益率曲线(AAA),远期的即期,2026-02-25,0,1.8041,1,1,1Y
上海清算所城投债收益率曲线(AAA),远期的即期,2026-02-25,0,2.5474,2,13,13Y
上海清算所城投债收益率曲线(AAA),远期的即期,2026-02-25,0,2.5213,2,12,12Y
上海清算所城投债收益率曲线(AAA),远期的即期,2026-02-25,0,2.4914,2,11,11Y
上海清算所城投债收益率曲线(AAA),远期的即期,2026-02-25,0,2.4627,2,10,10Y
上海清算所城投债收益率曲线(AAA),远期的即期,2026-02-25,0,2.4436,2,9,9Y
上海清算所城投债收益率曲线(AAA),远期的即期,2026-02-25,0,2.4541,2,8,8Y
上海清算所城投债收益率曲线(AAA),远期的即期,2026-02-25,0,2.4629,2,7,7Y
上海清算所城投债收益率曲线(AAA),远期的即期,2026-02-25,0,2.3644,2,6,6Y
上海清算所城投债收益率曲线(AAA),远期的即期,2026-02-25,0,2.3404,2,5,5Y
上海清算所城投债收益率曲线(AAA),远期的即期,2026-02-25,0,2.1915,2,4,4Y
上海清算所城投债收益率曲线(AAA),远期的即期,2026-02-25,0,2.0683,2,3,3Y
上海清算所城投债收益率曲线(AAA),远期的即期,2026-02-25,0,2.0518,2,2,2Y
上海清算所城投债收益率曲线(AAA),远期的即期,2026-02-25,0,1.9739,2,1,1Y
上海清算所城投债收益率曲线(AAA),远期的即期,2026-02-25,0,2.5953,3,12,12Y
上海清算所城投债收益率曲线(AAA),远期的即期,2026-02-25,0,2.5712,3,11,11Y
上海清算所城投债收益率曲线(AAA),远期的即期,2026-02-25,0,2.5433,3,10,10Y
上海清算所城投债收益率曲线(AAA),远期的即期,2026-02-25,0,2.5172,3,9,9Y
上海清算所城投债收益率曲线(AAA),远期的即期,2026-02-25,0,2.5025,3,8,8Y
上海清算所城投债收益率曲线(AAA),远期的即期,2026-02-25,0,2.5229,3,7,7Y
上海清算所城投债收益率曲线(AAA),远期的即期,2026-02-25,0,2.5447,3,6,6Y
上海清算所城投债收益率曲线(AAA),远期的即期,2026-02-25,0,2.4426,3,5,5Y
上海清算所城投债收益率曲线(AAA),远期的即期,2026-02-25,0,2.4322,3,4,4Y
上海清算所城投债收益率曲线(AAA),远期的即期,2026-02-25,0,2.2641,3,3,3Y
上海清算所城投债收益率曲线(AAA),远期的即期,2026-02-25,0,2.1156,3,2,2Y
上海清算所城投债收益率曲线(AAA),远期的即期,2026-02-25,0,2.1297,3,1,1Y
上海清算所城投债收益率曲线(AAA),远期的即期,2026-02-25,0,2.6378,4,11,11Y
上海清算所城投债收益率曲线(AAA),远期的即期,2026-02-25,0,2.6154,4,10,10Y
上海清算所城投债收益率曲线(AAA),远期的即期,2026-02-25,0,2.5893,4,9,9Y
上海清算所城投债收益率曲线(AAA),远期的即期,2026-02-25,0,2.5657,4,8,8Y
上海清算所城投债收益率曲线(AAA),远期的即期,2026-02-25,0,2.5558,4,7,7Y
上海清算所城投债收益率曲线(AAA),远期的即期,2026-02-25,0,2.5886,4,6,6Y
上海清算所城投债收益率曲线(AAA),远期的即期,2026-02-25,0,2.6279,4,5,5Y
上海清算所城投债收益率曲线(AAA),远期的即期,2026-02-25,0,2.521,4,4,4Y
上海清算所城投债收益率曲线(AAA),远期的即期,2026-02-25,0,2.5332,4,3,3Y
上海清算所城投债收益率曲线(AAA),远期的即期,2026-02-25,0,2.3315,4,2,2Y
上海清算所城投债收益率曲线(AAA),远期的即期,2026-02-25,0,2.1015,4,1,1Y
上海清算所城投债收益率曲线(AAA),远期的即期,2026-02-25,0,2.6916,5,10,10Y
上海清算所城投债收益率曲线(AAA),远期的即期,2026-02-25,0,2.6727,5,9,9Y
上海清算所城投债收益率曲线(AAA),远期的即期,2026-02-25,0,2.6505,5,8,8Y
上海清算所城投债收益率曲线(AAA),远期的即期,2026-02-25,0,2.6322,5,7,7Y
上海清算所城投债收益率曲线(AAA),远期的即期,2026-02-25,0,2.6317,5,6,6Y
上海清算所城投债收益率曲线(AAA),远期的即期,2026-02-25,0,2.6863,5,5,5Y
上海清算所城投债收益率曲线(AAA),远期的即期,2026-02-25,0,2.7599,5,4,4Y
上海清算所城投债收益率曲线(AAA),远期的即期,2026-02-25,0,2.6612,5,3,3Y
上海清算所城投债收益率曲线(AAA),远期的即期,2026-02-25,0,2.7497,5,2,2Y
上海清算所城投债收益率曲线(AAA),远期的即期,2026-02-25,0,2.5619,5,1,1Y
上海清算所城投债收益率曲线(AAA),远期的即期,2026-02-25,0,2.706,6,9,9Y
上海清算所城投债收益率曲线(AAA),远期的即期,2026-02-25,0,2.6865,6,8,8Y
上海清算所城投债收益率曲线(AAA),远期的即期,2026-02-25,0,2.6631,6,7,7Y
上海清算所城投债收益率曲线(AAA),远期的即期,2026-02-25,0,2.6439,6,6,6Y
上海清算所城投债收益率曲线(AAA),远期的即期,2026-02-25,0,2.6457,6,5,5Y
上海清算所城投债收益率曲线(AAA),远期的即期,2026-02-25,0,2.7174,6,4,4Y
上海清算所城投债收益率曲线(AAA),远期的即期,2026-02-25,0,2.8259,6,3,3Y
上海清算所城投债收益率曲线(AAA),远期的即期,2026-02-25,0,2.7109,6,2,2Y
上海清算所城投债收益率曲线(AAA),远期的即期,2026-02-25,0,2.9379,6,1,1Y
上海清算所城投债收益率曲线(AAA),远期的即期,2026-02-25,0,2.677,7,8,8Y
上海清算所城投债收益率曲线(AAA),远期的即期,2026-02-25,0,2.6507,7,7,7Y
上海清算所城投债收益率曲线(AAA),远期的即期,2026-02-25,0,2.6174,7,6,6Y
上海清算所城投债收益率曲线(AAA),远期的即期,2026-02-25,0,2.5852,7,5,5Y
上海清算所城投债收益率曲线(AAA),远期的即期,2026-02-25,0,2.5728,7,4,4Y
上海清算所城投债收益率曲线(AAA),远期的即期,2026-02-25,0,2.6441,7,3,3Y
上海清算所城投债收益率曲线(AAA),远期的即期,2026-02-25,0,2.77,7,2,2Y
上海清算所城投债收益率曲线(AAA),远期的即期,2026-02-25,0,2.4845,7,1,1Y
上海清算所城投债收益率曲线(AAA),远期的即期,2026-02-25,0,2.7046,8,7,7Y
上海清算所城投债收益率曲线(AAA),远期的即期,2026-02-25,0,2.6784,8,6,6Y
上海清算所城投债收益率曲线(AAA),远期的即期,2026-02-25,0,2.644,8,5,5Y
上海清算所城投债收益率曲线(AAA),远期的即期,2026-02-25,0,2.6104,8,4,4Y
上海清算所城投债收益率曲线(AAA),远期的即期,2026-02-25,0,2.6023,8,3,3Y
上海清算所城投债收益率曲线(AAA),远期的即期,2026-02-25,0,2.7239,8,2,2Y
上海清算所城投债收益率曲线(AAA),远期的即期,2026-02-25,0,3.0563,8,1,1Y
上海清算所城投债收益率曲线(AAA),远期的即期,2026-02-25,0,2.646,9,6,6Y
上海清算所城投债收益率曲线(AAA),远期的即期,2026-02-25,0,2.603,9,5,5Y
上海清算所城投债收益率曲线(AAA),远期的即期,2026-02-25,0,2.5412,9,4,4Y
上海清算所城投债收益率曲线(AAA),远期的即期,2026-02-25,0,2.4622,9,3,3Y
上海清算所城投债收益率曲线(AAA),远期的即期,2026-02-25,0,2.376,9,2,2Y
上海清算所城投债收益率曲线(AAA),远期的即期,2026-02-25,0,2.3926,9,1,1Y
上海清算所城投债收益率曲线(AAA),远期的即期,2026-02-25,0,2.6968,10,5,5Y
上海清算所城投债收益率曲线(AAA),远期的即期,2026-02-25,0,2.6556,10,4,4Y
上海清算所城投债收益率曲线(AAA),远期的即期,2026-02-25,0,2.5908,10,3,3Y
上海清算所城投债收益率曲线(AAA),远期的即期,2026-02-25,0,2.497,10,2,2Y
上海清算所城投债收益率曲线(AAA),远期的即期,2026-02-25,0,2.3593,10,1,1Y
上海清算所城投债收益率曲线(AAA),远期的即期,2026-02-25,0,2.7813,11,4,4Y
上海清算所城投债收益率曲线(AAA),远期的即期,2026-02-25,0,2.7546,11,3,3Y
上海清算所城投债收益率曲线(AAA),远期的即期,2026-02-25,0,2.7067,11,2,2Y
上海清算所城投债收益率曲线(AAA),远期的即期,2026-02-25,0,2.6349,11,1,1Y
上海清算所城投债收益率曲线(AAA),远期的即期,2026-02-25,0,2.8302,12,3,3Y
上海清算所城投债收益率曲线(AAA),远期的即期,2026-02-25,0,2.8145,12,2,2Y
上海清算所城投债收益率曲线(AAA),远期的即期,2026-02-25,0,2.7786,12,1,1Y
上海清算所城投债收益率曲线(AAA),远期的即期,2026-02-25,0,2.856,13,2,2Y
上海清算所城投债收益率曲线(AAA),远期的即期,2026-02-25,0,2.8504,13,1,1Y
上海清算所城投债收益率曲线(AAA),远期的即期,2026-02-25,0,2.8616,14,1,1Y
上海清算所城投债收益率曲线(AAA),远期的即期,2026-02-26,0,2.5102,1,14,14Y
上海清算所城投债收益率曲线(AAA),远期的即期,2026-02-26,0,2.4802,1,13,13Y
上海清算所城投债收益率曲线(AAA),远期的即期,2026-02-26,0,2.4458,1,12,12Y
上海清算所城投债收益率曲线(AAA),远期的即期,2026-02-26,0,2.4123,1,11,11Y
上海清算所城投债收益率曲线(AAA),远期的即期,2026-02-26,0,2.3879,1,10,10Y
上海清算所城投债收益率曲线(AAA),远期的即期,2026-02-26,0,2.3909,1,9,9Y
上海清算所城投债收益率曲线(AAA),远期的即期,2026-02-26,0,2.3935,1,8,8Y
上海清算所城投债收益率曲线(AAA),远期的即期,2026-02-26,0,2.3025,1,7,7Y
上海清算所城投债收益率曲线(AAA),远期的即期,2026-02-26,0,2.272,1,6,6Y
上海清算所城投债收益率曲线(AAA),远期的即期,2026-02-26,0,2.1311,1,5,5Y
上海清算所城投债收益率曲线(AAA),远期的即期,2026-02-26,0,2.0129,1,4,4Y
上海清算所城投债收益率曲线(AAA),远期的即期,2026-02-26,0,1.9778,1,3,3Y
上海清算所城投债收益率曲线(AAA),远期的即期,2026-02-26,0,1.8954,1,2,2Y
上海清算所城投债收益率曲线(AAA),远期的即期,2026-02-26,0,1.8054,1,1,1Y
上海清算所城投债收益率曲线(AAA),远期的即期,2026-02-26,0,2.5646,2,13,13Y
上海清算所城投债收益率曲线(AAA),远期的即期,2026-02-26,0,2.5366,2,12,12Y
上海清算所城投债收益率曲线(AAA),远期的即期,2026-02-26,0,2.5042,2,11,11Y
上海清算所城投债收益率曲线(AAA),远期的即期,2026-02-26,0,2.4732,2,10,10Y
上海清算所城投债收益率曲线(AAA),远期的即期,2026-02-26,0,2.4529,2,9,9Y
上海清算所城投债收益率曲线(AAA),远期的即期,2026-02-26,0,2.4643,2,8,8Y
上海清算所城投债收益率曲线(AAA),远期的即期,2026-02-26,0,2.4778,2,7,7Y
上海清算所城投债收益率曲线(AAA),远期的即期,2026-02-26,0,2.3856,2,6,6Y
上海清算所城投债收益率曲线(AAA),远期的即期,2026-02-26,0,2.3656,2,5,5Y
上海清算所城投债收益率曲线(AAA),远期的即期,2026-02-26,0,2.2127,2,4,4Y
上海清算所城投债收益率曲线(AAA),远期的即期,2026-02-26,0,2.0821,2,3,3Y
上海清算所城投债收益率曲线(AAA),远期的即期,2026-02-26,0,2.0641,2,2,2Y
上海清算所城投债收益率曲线(AAA),远期的即期,2026-02-26,0,1.9854,2,1,1Y
上海清算所城投债收益率曲线(AAA),远期的即期,2026-02-26,0,2.613,3,12,12Y
上海清算所城投债收益率曲线(AAA),远期的即期,2026-02-26,0,2.5869,3,11,11Y
上海清算所城投债收益率曲线(AAA),远期的即期,2026-02-26,0,2.5562,3,10,10Y
上海清算所城投债收益率曲线(AAA),远期的即期,2026-02-26,0,2.5275,3,9,9Y
上海清算所城投债收益率曲线(AAA),远期的即期,2026-02-26,0,2.5115,3,8,8Y
上海清算所城投债收益率曲线(AAA),远期的即期,2026-02-26,0,2.5329,3,7,7Y
上海清算所城投债收益率曲线(AAA),远期的即期,2026-02-26,0,2.5601,3,6,6Y
上海清算所城投债收益率曲线(AAA),远期的即期,2026-02-26,0,2.4659,3,5,5Y
上海清算所城投债收益率曲线(AAA),远期的即期,2026-02-26,0,2.4608,3,4,4Y
上海清算所城投债收益率曲线(AAA),远期的即期,2026-02-26,0,2.2886,3,3,3Y
上海清算所城投债收益率曲线(AAA),远期的即期,2026-02-26,0,2.1305,3,2,2Y
上海清算所城投债收益率曲线(AAA),远期的即期,2026-02-26,0,2.1428,3,1,1Y
上海清算所城投债收益率曲线(AAA),远期的即期,2026-02-26,0,2.6559,4,11,11Y
上海清算所城投债收益率曲线(AAA),远期的即期,2026-02-26,0,2.6314,4,10,10Y
上海清算所城投债收益率曲线(AAA),远期的即期,2026-02-26,0,2.6022,4,9,9Y
上海清算所城投债收益率曲线(AAA),远期的即期,2026-02-26,0,2.5757,4,8,8Y
上海清算所城投债收益率曲线(AAA),远期的即期,2026-02-26,0,2.5642,4,7,7Y
上海清算所城投债收益率曲线(AAA),远期的即期,2026-02-26,0,2.5981,4,6,6Y
上海清算所城投债收益率曲线(AAA),远期的即期,2026-02-26,0,2.6437,4,5,5Y
上海清算所城投债收益率曲线(AAA),远期的即期,2026-02-26,0,2.5468,4,4,4Y
上海清算所城投债收益率曲线(AAA),远期的即期,2026-02-26,0,2.5671,4,3,3Y
上海清算所城投债收益率曲线(AAA),远期的即期,2026-02-26,0,2.3615,4,2,2Y
上海清算所城投债收益率曲线(AAA),远期的即期,2026-02-26,0,2.1183,4,1,1Y
上海清算所城投债收益率曲线(AAA),远期的即期,2026-02-26,0,2.7098,5,10,10Y
上海清算所城投债收益率曲线(AAA),远期的即期,2026-02-26,0,2.6885,5,9,9Y
上海清算所城投债收益率曲线(AAA),远期的即期,2026-02-26,0,2.6629,5,8,8Y
上海清算所城投债收益率曲线(AAA),远期的即期,2026-02-26,0,2.6412,5,7,7Y
上海清算所城投债收益率曲线(AAA),远期的即期,2026-02-26,0,2.6387,5,6,6Y
上海清算所城投债收益率曲线(AAA),远期的即期,2026-02-26,0,2.6943,5,5,5Y
上海清算所城投债收益率曲线(AAA),远期的即期,2026-02-26,0,2.7755,5,4,4Y
上海清算所城投债收益率曲线(AAA),远期的即期,2026-02-26,0,2.69,5,3,3Y
上海清算所城投债收益率曲线(AAA),远期的即期,2026-02-26,0,2.7922,5,2,2Y
上海清算所城投债收益率曲线(AAA),远期的即期,2026-02-26,0,2.6053,5,1,1Y
上海清算所城投债收益率曲线(AAA),远期的即期,2026-02-26,0,2.7214,6,9,9Y
上海清算所城投债收益率曲线(AAA),远期的即期,2026-02-26,0,2.699,6,8,8Y
上海清算所城投债收益率曲线(AAA),远期的即期,2026-02-26,0,2.6711,6,7,7Y
上海清算所城投债收益率曲线(AAA),远期的即期,2026-02-26,0,2.6472,6,6,6Y
上海清算所城投债收益率曲线(AAA),远期的即期,2026-02-26,0,2.6454,6,5,5Y
上海清算所城投债收益率曲线(AAA),远期的即期,2026-02-26,0,2.7166,6,4,4Y
上海清算所城投债收益率曲线(AAA),远期的即期,2026-02-26,0,2.8323,6,3,3Y
上海清算所城投债收益率曲线(AAA),远期的即期,2026-02-26,0,2.7324,6,2,2Y
上海清算所城投债收益率曲线(AAA),远期的即期,2026-02-26,0,2.9795,6,1,1Y
上海清算所城投债收益率曲线(AAA),远期的即期,2026-02-26,0,2.6892,7,8,8Y
上海清算所城投债收益率曲线(AAA),远期的即期,2026-02-26,0,2.6589,7,7,7Y
上海清算所城投债收益率曲线(AAA),远期的即期,2026-02-26,0,2.6198,7,6,6Y
上海清算所城投债收益率曲线(AAA),远期的即期,2026-02-26,0,2.5809,7,5,5Y
上海清算所城投债收益率曲线(AAA),远期的即期,2026-02-26,0,2.5621,7,4,4Y
上海清算所城投债收益率曲线(AAA),远期的即期,2026-02-26,0,2.6291,7,3,3Y
上海清算所城投债收益率曲线(AAA),远期的即期,2026-02-26,0,2.7588,7,2,2Y
上海清算所城投债收益率曲线(AAA),远期的即期,2026-02-26,0,2.4859,7,1,1Y
上海清算所城投债收益率曲线(AAA),远期的即期,2026-02-26,0,2.7182,8,7,7Y
上海清算所城投债收益率曲线(AAA),远期的即期,2026-02-26,0,2.6878,8,6,6Y
上海清算所城投债收益率曲线(AAA),远期的即期,2026-02-26,0,2.6466,8,5,5Y
上海清算所城投债收益率曲线(AAA),远期的即期,2026-02-26,0,2.6047,8,4,4Y
上海清算所城投债收益率曲线(AAA),远期的即期,2026-02-26,0,2.5875,8,3,3Y
上海清算所城投债收益率曲线(AAA),远期的即期,2026-02-26,0,2.7008,8,2,2Y
上海清算所城投债收益率曲线(AAA),远期的即期,2026-02-26,0,3.0324,8,1,1Y
上海清算所城投债收益率曲线(AAA),远期的即期,2026-02-26,0,2.666,9,6,6Y
上海清算所城投债收益率曲线(AAA),远期的即期,2026-02-26,0,2.619,9,5,5Y
上海清算所城投债收益率曲线(AAA),远期的即期,2026-02-26,0,2.5504,9,4,4Y
上海清算所城投债收益率曲线(AAA),远期的即期,2026-02-26,0,2.4625,9,3,3Y
上海清算所城投债收益率曲线(AAA),远期的即期,2026-02-26,0,2.3658,9,2,2Y
上海清算所城投债收益率曲线(AAA),远期的即期,2026-02-26,0,2.3704,9,1,1Y
上海清算所城投债收益率曲线(AAA),远期的即期,2026-02-26,0,2.7252,10,5,5Y
上海清算所城投债收益率曲线(AAA),远期的即期,2026-02-26,0,2.6813,10,4,4Y
上海清算所城投债收益率曲线(AAA),远期的即期,2026-02-26,0,2.6105,10,3,3Y
上海清算所城投债收益率曲线(AAA),远期的即期,2026-02-26,0,2.5086,10,2,2Y
上海清算所城投债收益率曲线(AAA),远期的即期,2026-02-26,0,2.3612,10,1,1Y
上海清算所城投债收益率曲线(AAA),远期的即期,2026-02-26,0,2.8164,11,4,4Y
上海清算所城投债收益率曲线(AAA),远期的即期,2026-02-26,0,2.7882,11,3,3Y
上海清算所城投债收益率曲线(AAA),远期的即期,2026-02-26,0,2.7353,11,2,2Y
上海清算所城投债收益率曲线(AAA),远期的即期,2026-02-26,0,2.6562,11,1,1Y
上海清算所城投债收益率曲线(AAA),远期的即期,2026-02-26,0,2.8698,12,3,3Y
上海清算所城投债收益率曲线(AAA),远期的即期,2026-02-26,0,2.8543,12,2,2Y
上海清算所城投债收益率曲线(AAA),远期的即期,2026-02-26,0,2.8145,12,1,1Y
上海清算所城投债收益率曲线(AAA),远期的即期,2026-02-26,0,2.8975,13,2,2Y
上海清算所城投债收益率曲线(AAA),远期的即期,2026-02-26,0,2.894,13,1,1Y
上海清算所城投债收益率曲线(AAA),远期的即期,2026-02-26,0,2.9009,14,1,1Y
上海清算所城投债收益率曲线(AAA),远期的即期,2026-02-27,0,2.5318,1,14,14Y
上海清算所城投债收益率曲线(AAA),远期的即期,2026-02-27,0,2.4977,1,13,13Y
上海清算所城投债收益率曲线(AAA),远期的即期,2026-02-27,0,2.4707,1,12,12Y
上海清算所城投债收益率曲线(AAA),远期的即期,2026-02-27,0,2.4405,1,11,11Y
上海清算所城投债收益率曲线(AAA),远期的即期,2026-02-27,0,2.429,1,10,10Y
上海清算所城投债收益率曲线(AAA),远期的即期,2026-02-27,0,2.3935,1,9,9Y
上海清算所城投债收益率曲线(AAA),远期的即期,2026-02-27,0,2.3849,1,8,8Y
上海清算所城投债收益率曲线(AAA),远期的即期,2026-02-27,0,2.3265,1,7,7Y
上海清算所城投债收益率曲线(AAA),远期的即期,2026-02-27,0,2.281,1,6,6Y
上海清算所城投债收益率曲线(AAA),远期的即期,2026-02-27,0,2.1047,1,5,5Y
上海清算所城投债收益率曲线(AAA),远期的即期,2026-02-27,0,2.0187,1,4,4Y
上海清算所城投债收益率曲线(AAA),远期的即期,2026-02-27,0,2.0003,1,3,3Y
上海清算所城投债收益率曲线(AAA),远期的即期,2026-02-27,0,1.9047,1,2,2Y
上海清算所城投债收益率曲线(AAA),远期的即期,2026-02-27,0,1.8401,1,1,1Y
上海清算所城投债收益率曲线(AAA),远期的即期,2026-02-27,0,2.5852,2,13,13Y
上海清算所城投债收益率曲线(AAA),远期的即期,2026-02-27,0,2.5527,2,12,12Y
上海清算所城投债收益率曲线(AAA),远期的即期,2026-02-27,0,2.5282,2,11,11Y
上海清算所城投债收益率曲线(AAA),远期的即期,2026-02-27,0,2.5007,2,10,10Y
上海清算所城投债收益率曲线(AAA),远期的即期,2026-02-27,0,2.4946,2,9,9Y
上海清算所城投债收益率曲线(AAA),远期的即期,2026-02-27,0,2.4629,2,8,8Y
上海清算所城投债收益率曲线(AAA),远期的即期,2026-02-27,0,2.463,2,7,7Y
上海清算所城投债收益率曲线(AAA),远期的即期,2026-02-27,0,2.4078,2,6,6Y
上海清算所城投债收益率曲线(AAA),远期的即期,2026-02-27,0,2.3694,2,5,5Y
上海清算所城投债收益率曲线(AAA),远期的即期,2026-02-27,0,2.171,2,4,4Y
上海清算所城投债收益率曲线(AAA),远期的即期,2026-02-27,0,2.0783,2,3,3Y
上海清算所城投债收益率曲线(AAA),远期的即期,2026-02-27,0,2.0805,2,2,2Y
上海清算所城投债收益率曲线(AAA),远期的即期,2026-02-27,0,1.9693,2,1,1Y
上海清算所城投债收益率曲线(AAA),远期的即期,2026-02-27,0,2.6367,3,12,12Y
上海清算所城投债收益率曲线(AAA),远期的即期,2026-02-27,0,2.6059,3,11,11Y
上海清算所城投债收益率曲线(AAA),远期的即期,2026-02-27,0,2.5843,3,10,10Y
上海清算所城投债收益率曲线(AAA),远期的即期,2026-02-27,0,2.5599,3,9,9Y
上海清算所城投债收益率曲线(AAA),远期的即期,2026-02-27,0,2.5605,3,8,8Y
上海清算所城投债收益率曲线(AAA),远期的即期,2026-02-27,0,2.5337,3,7,7Y
上海清算所城投债收益率曲线(AAA),远期的即期,2026-02-27,0,2.5455,3,6,6Y
上海清算所城投债收益率曲线(AAA),远期的即期,2026-02-27,0,2.4957,3,5,5Y
上海清算所城投债收益率曲线(AAA),远期的即期,2026-02-27,0,2.4697,3,4,4Y
上海清算所城投债收益率曲线(AAA),远期的即期,2026-02-27,0,2.2383,3,3,3Y
上海清算所城投债收益率曲线(AAA),远期的即期,2026-02-27,0,2.1329,3,2,2Y
上海清算所城投债收益率曲线(AAA),远期的即期,2026-02-27,0,2.1917,3,1,1Y
上海清算所城投债收益率曲线(AAA),远期的即期,2026-02-27,0,2.6773,4,11,11Y
上海清算所城投债收益率曲线(AAA),远期的即期,2026-02-27,0,2.6474,4,10,10Y
上海清算所城投债收益率曲线(AAA),远期的即期,2026-02-27,0,2.628,4,9,9Y
上海清算所城投债收益率曲线(AAA),远期的即期,2026-02-27,0,2.606,4,8,8Y
上海清算所城投债收益率曲线(AAA),远期的即期,2026-02-27,0,2.6133,4,7,7Y
上海清算所城投债收益率曲线(AAA),远期的即期,2026-02-27,0,2.5908,4,6,6Y
上海清算所城投债收益率曲线(AAA),远期的即期,2026-02-27,0,2.6164,4,5,5Y
上海清算所城投债收益率曲线(AAA),远期的即期,2026-02-27,0,2.5718,4,4,4Y
上海清算所城投债收益率曲线(AAA),远期的即期,2026-02-27,0,2.5626,4,3,3Y
上海清算所城投债收益率曲线(AAA),远期的即期,2026-02-27,0,2.2616,4,2,2Y
上海清算所城投债收益率曲线(AAA),远期的即期,2026-02-27,0,2.0741,4,1,1Y
上海清算所城投债收益率曲线(AAA),远期的即期,2026-02-27,0,2.7378,5,10,10Y
上海清算所城投债收益率曲线(AAA),远期的即期,2026-02-27,0,2.7113,5,9,9Y
上海清算所城投债收益率曲线(AAA),远期的即期,2026-02-27,0,2.6974,5,8,8Y
上海清算所城投债收益率曲线(AAA),远期的即期,2026-02-27,0,2.6822,5,7,7Y
上海清算所城投债收益率曲线(AAA),远期的即期,2026-02-27,0,2.7034,5,6,6Y
上海清算所城投债收益率曲线(AAA),远期的即期,2026-02-27,0,2.6944,5,5,5Y
上海清算所城投债收益率曲线(AAA),远期的即期,2026-02-27,0,2.7525,5,4,4Y
上海清算所城投债收益率曲线(AAA),远期的即期,2026-02-27,0,2.7383,5,3,3Y
上海清算所城投债收益率曲线(AAA),远期的即期,2026-02-27,0,2.8077,5,2,2Y
上海清算所城投债收益率曲线(AAA),远期的即期,2026-02-27,0,2.4495,5,1,1Y
上海清算所城投债收益率曲线(AAA),远期的即期,2026-02-27,0,2.7699,6,9,9Y
上海清算所城投债收益率曲线(AAA),远期的即期,2026-02-27,0,2.744,6,8,8Y
上海清算所城投债收益率曲线(AAA),远期的即期,2026-02-27,0,2.7329,6,7,7Y
上海清算所城投债收益率曲线(AAA),远期的即期,2026-02-27,0,2.7211,6,6,6Y
上海清算所城投债收益率曲线(AAA),远期的即期,2026-02-27,0,2.7542,6,5,5Y
上海清算所城投债收益率曲线(AAA),远期的即期,2026-02-27,0,2.7557,6,4,4Y
上海清算所城投债收益率曲线(AAA),远期的即期,2026-02-27,0,2.8537,6,3,3Y
上海清算所城投债收益率曲线(AAA),远期的即期,2026-02-27,0,2.8829,6,2,2Y
上海清算所城投债收益率曲线(AAA),远期的即期,2026-02-27,0,3.1671,6,1,1Y
上海清算所城投债收益率曲线(AAA),远期的即期,2026-02-27,0,2.7204,7,8,8Y
上海清算所城投债收益率曲线(AAA),远期的即期,2026-02-27,0,2.6837,7,7,7Y
上海清算所城投债收益率曲线(AAA),远期的即期,2026-02-27,0,2.6607,7,6,6Y
上海清算所城投债收益率曲线(AAA),远期的即期,2026-02-27,0,2.6321,7,5,5Y
上海清算所城投债收益率曲线(AAA),远期的即期,2026-02-27,0,2.6513,7,4,4Y
上海清算所城投债收益率曲线(AAA),远期的即期,2026-02-27,0,2.619,7,3,3Y
上海清算所城投债收益率曲线(AAA),远期的即期,2026-02-27,0,2.6973,7,2,2Y
上海清算所城投债收益率曲线(AAA),远期的即期,2026-02-27,0,2.5996,7,1,1Y
上海清算所城投债收益率曲线(AAA),远期的即期,2026-02-27,0,2.7376,8,7,7Y
上海清算所城投债收益率曲线(AAA),远期的即期,2026-02-27,0,2.6978,8,6,6Y
上海清算所城投债收益率曲线(AAA),远期的即期,2026-02-27,0,2.6729,8,5,5Y
上海清算所城投债收益率曲线(AAA),远期的即期,2026-02-27,0,2.6403,8,4,4Y
上海清算所城投债收益率曲线(AAA),远期的即期,2026-02-27,0,2.6685,8,3,3Y
上海清算所城投债收益率曲线(AAA),远期的即期,2026-02-27,0,2.6287,8,2,2Y
上海清算所城投债收益率曲线(AAA),远期的即期,2026-02-27,0,2.7951,8,1,1Y
上海清算所城投债收益率曲线(AAA),远期的即期,2026-02-27,0,2.728,9,6,6Y
上海清算所城投债收益率曲线(AAA),远期的即期,2026-02-27,0,2.6783,9,5,5Y
上海清算所城投债收益率曲线(AAA),远期的即期,2026-02-27,0,2.6424,9,4,4Y
上海清算所城投债收益率曲线(AAA),远期的即期,2026-02-27,0,2.5887,9,3,3Y
上海清算所城投债收益率曲线(AAA),远期的即期,2026-02-27,0,2.6053,9,2,2Y
上海清算所城投债收益率曲线(AAA),远期的即期,2026-02-27,0,2.4625,9,1,1Y
上海清算所城投债收益率曲线(AAA),远期的即期,2026-02-27,0,2.7812,10,5,5Y
上海清算所城投债收益率曲线(AAA),远期的即期,2026-02-27,0,2.7323,10,4,4Y
上海清算所城投债收益率曲线(AAA),远期的即期,2026-02-27,0,2.7024,10,3,3Y
上海清算所城投债收益率曲线(AAA),远期的即期,2026-02-27,0,2.6519,10,2,2Y
上海清算所城投债收益率曲线(AAA),远期的即期,2026-02-27,0,2.7483,10,1,1Y
上海清算所城投债收益率曲线(AAA),远期的即期,2026-02-27,0,2.7895,11,4,4Y
上海清算所城投债收益率曲线(AAA),远期的即期,2026-02-27,0,2.727,11,3,3Y
上海清算所城投债收益率曲线(AAA),远期的即期,2026-02-27,0,2.6795,11,2,2Y
上海清算所城投债收益率曲线(AAA),远期的即期,2026-02-27,0,2.5555,11,1,1Y
上海清算所城投债收益率曲线(AAA),远期的即期,2026-02-27,0,2.8676,12,3,3Y
上海清算所城投债收益率曲线(AAA),远期的即期,2026-02-27,0,2.8129,12,2,2Y
上海清算所城投债收益率曲线(AAA),远期的即期,2026-02-27,0,2.8036,12,1,1Y
上海清算所城投债收益率曲线(AAA),远期的即期,2026-02-27,0,2.8996,13,2,2Y
上海清算所城投债收益率曲线(AAA),远期的即期,2026-02-27,0,2.8221,13,1,1Y
上海清算所城投债收益率曲线(AAA),远期的即期,2026-02-27,0,2.9771,14,1,1Y
上海清算所城投债收益率曲线(AAA),远期的即期,2026-02-28,0,2.5164,1,14,14Y
上海清算所城投债收益率曲线(AAA),远期的即期,2026-02-28,0,2.4799,1,13,13Y
上海清算所城投债收益率曲线(AAA),远期的即期,2026-02-28,0,2.4522,1,12,12Y
上海清算所城投债收益率曲线(AAA),远期的即期,2026-02-28,0,2.4224,1,11,11Y
上海清算所城投债收益率曲线(AAA),远期的即期,2026-02-28,0,2.4122,1,10,10Y
上海清算所城投债收益率曲线(AAA),远期的即期,2026-02-28,0,2.3789,1,9,9Y
上海清算所城投债收益率曲线(AAA),远期的即期,2026-02-28,0,2.3731,1,8,8Y
上海清算所城投债收益率曲线(AAA),远期的即期,2026-02-28,0,2.3178,1,7,7Y
上海清算所城投债收益率曲线(AAA),远期的即期,2026-02-28,0,2.2747,1,6,6Y
上海清算所城投债收益率曲线(AAA),远期的即期,2026-02-28,0,2.0969,1,5,5Y
上海清算所城投债收益率曲线(AAA),远期的即期,2026-02-28,0,2.0084,1,4,4Y
上海清算所城投债收益率曲线(AAA),远期的即期,2026-02-28,0,1.9926,1,3,3Y
上海清算所城投债收益率曲线(AAA),远期的即期,2026-02-28,0,1.9008,1,2,2Y
上海清算所城投债收益率曲线(AAA),远期的即期,2026-02-28,0,1.8368,1,1,1Y
上海清算所城投债收益率曲线(AAA),远期的即期,2026-02-28,0,2.5689,2,13,13Y
上海清算所城投债收益率曲线(AAA),远期的即期,2026-02-28,0,2.5337,2,12,12Y
上海清算所城投债收益率曲线(AAA),远期的即期,2026-02-28,0,2.5083,2,11,11Y
上海清算所城投债收益率曲线(AAA),远期的即期,2026-02-28,0,2.4812,2,10,10Y
上海清算所城投债收益率曲线(AAA),远期的即期,2026-02-28,0,2.4764,2,9,9Y
上海清算所城投债收益率曲线(AAA),远期的即期,2026-02-28,0,2.4468,2,8,8Y
上海清算所城投债收益率曲线(AAA),远期的即期,2026-02-28,0,2.4499,2,7,7Y
上海清算所城投债收益率曲线(AAA),远期的即期,2026-02-28,0,2.3982,2,6,6Y
上海清算所城投债收益率曲线(AAA),远期的即期,2026-02-28,0,2.3626,2,5,5Y
上海清算所城投债收益率曲线(AAA),远期的即期,2026-02-28,0,2.162,2,4,4Y
上海清算所城投债收益率曲线(AAA),远期的即期,2026-02-28,0,2.0656,2,3,3Y
上海清算所城投债收益率曲线(AAA),远期的即期,2026-02-28,0,2.0705,2,2,2Y
上海清算所城投债收益率曲线(AAA),远期的即期,2026-02-28,0,1.9647,2,1,1Y
上海清算所城投债收益率曲线(AAA),远期的即期,2026-02-28,0,2.6194,3,12,12Y
上海清算所城投债收益率曲线(AAA),远期的即期,2026-02-28,0,2.5856,3,11,11Y
上海清算所城投债收益率曲线(AAA),远期的即期,2026-02-28,0,2.5628,3,10,10Y
上海清算所城投债收益率曲线(AAA),远期的即期,2026-02-28,0,2.5387,3,9,9Y
上海清算所城投债收益率曲线(AAA),远期的即期,2026-02-28,0,2.5405,3,8,8Y
上海清算所城投债收益率曲线(AAA),远期的即期,2026-02-28,0,2.5159,3,7,7Y
上海清算所城投债收益率曲线(AAA),远期的即期,2026-02-28,0,2.531,3,6,6Y
上海清算所城投债收益率曲线(AAA),远期的即期,2026-02-28,0,2.4851,3,5,5Y
上海清算所城投债收益率曲线(AAA),远期的即期,2026-02-28,0,2.4623,3,4,4Y
上海清算所城投债收益率曲线(AAA),远期的即期,2026-02-28,0,2.2278,3,3,3Y
上海清算所城投债收益率曲线(AAA),远期的即期,2026-02-28,0,2.1161,3,2,2Y
上海清算所城投债收益率曲线(AAA),远期的即期,2026-02-28,0,2.1764,3,1,1Y
上海清算所城投债收益率曲线(AAA),远期的即期,2026-02-28,0,2.6598,4,11,11Y
上海清算所城投债收益率曲线(AAA),远期的即期,2026-02-28,0,2.6266,4,10,10Y
上海清算所城投债收益率曲线(AAA),远期的即期,2026-02-28,0,2.6058,4,9,9Y
上海清算所城投债收益率曲线(AAA),远期的即期,2026-02-28,0,2.5841,4,8,8Y
上海清算所城投债收益率曲线(AAA),远期的即期,2026-02-28,0,2.5926,4,7,7Y
上海清算所城投债收益率曲线(AAA),远期的即期,2026-02-28,0,2.5726,4,6,6Y
上海清算所城投债收益率曲线(AAA),远期的即期,2026-02-28,0,2.602,4,5,5Y
上海清算所城投债收益率曲线(AAA),远期的即期,2026-02-28,0,2.5625,4,4,4Y
上海清算所城投债收益率曲线(AAA),远期的即期,2026-02-28,0,2.5577,4,3,3Y
上海清算所城投债收益率曲线(AAA),远期的即期,2026-02-28,0,2.2536,4,2,2Y
上海清算所城投债收益率曲线(AAA),远期的即期,2026-02-28,0,2.0559,4,1,1Y
上海清算所城投债收益率曲线(AAA),远期的即期,2026-02-28,0,2.7203,5,10,10Y
上海清算所城投债收益率曲线(AAA),远期的即期,2026-02-28,0,2.6902,5,9,9Y
上海清算所城投债收益率曲线(AAA),远期的即期,2026-02-28,0,2.6748,5,8,8Y
上海清算所城投债收益率曲线(AAA),远期的即期,2026-02-28,0,2.6598,5,7,7Y
上海清算所城投债收益率曲线(AAA),远期的即期,2026-02-28,0,2.6823,5,6,6Y
上海清算所城投债收益率曲线(AAA),远期的即期,2026-02-28,0,2.6762,5,5,5Y
上海清算所城投债收益率曲线(AAA),远期的即期,2026-02-28,0,2.739,5,4,4Y
上海清算所城投债收益率曲线(AAA),远期的即期,2026-02-28,0,2.7319,5,3,3Y
上海清算所城投债收益率曲线(AAA),远期的即期,2026-02-28,0,2.8095,5,2,2Y
上海清算所城投债收益率曲线(AAA),远期的即期,2026-02-28,0,2.4516,5,1,1Y
上海清算所城投债收益率曲线(AAA),远期的即期,2026-02-28,0,2.7503,6,9,9Y
上海清算所城投债收益率曲线(AAA),远期的即期,2026-02-28,0,2.7201,6,8,8Y
上海清算所城投债收益率曲线(AAA),远期的即期,2026-02-28,0,2.7067,6,7,7Y
上海清算所城投债收益率曲线(AAA),远期的即期,2026-02-28,0,2.6945,6,6,6Y
上海清算所城投债收益率曲线(AAA),远期的即期,2026-02-28,0,2.7286,6,5,5Y
上海清算所城投债收益率曲线(AAA),远期的即期,2026-02-28,0,2.7325,6,4,4Y
上海清算所城投债收益率曲线(AAA),远期的即期,2026-02-28,0,2.835,6,3,3Y
上海清算所城投债收益率曲线(AAA),远期的即期,2026-02-28,0,2.8723,6,2,2Y
上海清算所城投债收益率曲线(AAA),远期的即期,2026-02-28,0,3.1688,6,1,1Y
上海清算所城投债收益率曲线(AAA),远期的即期,2026-02-28,0,2.6981,7,8,8Y
上海清算所城投债收益率曲线(AAA),远期的即期,2026-02-28,0,2.6562,7,7,7Y
上海清算所城投债收益率曲线(AAA),远期的即期,2026-02-28,0,2.6299,7,6,6Y
上海清算所城投债收益率曲线(AAA),远期的即期,2026-02-28,0,2.5999,7,5,5Y
上海清算所城投债收益率曲线(AAA),远期的即期,2026-02-28,0,2.6188,7,4,4Y
上海清算所城投债收益率曲线(AAA),远期的即期,2026-02-28,0,2.5874,7,3,3Y
上海清算所城投债收益率曲线(AAA),远期的即期,2026-02-28,0,2.6686,7,2,2Y
上海清算所城投债收益率曲线(AAA),远期的即期,2026-02-28,0,2.5767,7,1,1Y
上海清算所城投债收益率曲线(AAA),远期的即期,2026-02-28,0,2.7154,8,7,7Y
上海清算所城投债收益率曲线(AAA),远期的即期,2026-02-28,0,2.6694,8,6,6Y
上海清算所城投债收益率曲线(AAA),远期的即期,2026-02-28,0,2.6405,8,5,5Y
上海清算所城投债收益率曲线(AAA),远期的即期,2026-02-28,0,2.6057,8,4,4Y
上海清算所城投债收益率曲线(AAA),远期的即期,2026-02-28,0,2.6328,8,3,3Y
上海清算所城投债收益率曲线(AAA),远期的即期,2026-02-28,0,2.5928,8,2,2Y
上海清算所城投债收益率曲线(AAA),远期的即期,2026-02-28,0,2.7605,8,1,1Y
上海清算所城投债收益率曲线(AAA),远期的即期,2026-02-28,0,2.7079,9,6,6Y
上海清算所城投债收益率曲线(AAA),远期的即期,2026-02-28,0,2.6512,9,5,5Y
上海清算所城投债收益率曲线(AAA),远期的即期,2026-02-28,0,2.6105,9,4,4Y
上海清算所城投债收益率曲线(AAA),远期的即期,2026-02-28,0,2.5542,9,3,3Y
上海清算所城投债收益率曲线(AAA),远期的即期,2026-02-28,0,2.569,9,2,2Y
上海清算所城投债收益率曲线(AAA),远期的即期,2026-02-28,0,2.4254,9,1,1Y
上海清算所城投债收益率曲线(AAA),远期的即期,2026-02-28,0,2.7645,10,5,5Y
上海清算所城投债收益率曲线(AAA),远期的即期,2026-02-28,0,2.7077,10,4,4Y
上海清算所城投债收益率曲线(AAA),远期的即期,2026-02-28,0,2.6723,10,3,3Y
上海清算所城投债收益率曲线(AAA),远期的即期,2026-02-28,0,2.6186,10,2,2Y
上海清算所城投债收益率曲线(AAA),远期的即期,2026-02-28,0,2.7129,10,1,1Y
上海清算所城投债收益率曲线(AAA),远期的即期,2026-02-28,0,2.7774,11,4,4Y
上海清算所城投债收益率曲线(AAA),远期的即期,2026-02-28,0,2.706,11,3,3Y
上海清算所城投债收益率曲线(AAA),远期的即期,2026-02-28,0,2.6521,11,2,2Y
上海清算所城投债收益率曲线(AAA),远期的即期,2026-02-28,0,2.5244,11,1,1Y
上海清算所城投债收益率曲线(AAA),远期的即期,2026-02-28,0,2.8618,12,3,3Y
上海清算所城投债收益率曲线(AAA),远期的即期,2026-02-28,0,2.7969,12,2,2Y
上海清算所城投债收益率曲线(AAA),远期的即期,2026-02-28,0,2.7799,12,1,1Y
上海清算所城投债收益率曲线(AAA),远期的即期,2026-02-28,0,2.9028,13,2,2Y
上海清算所城投债收益率曲线(AAA),远期的即期,2026-02-28,0,2.8139,13,1,1Y
上海清算所城投债收益率曲线(AAA),远期的即期,2026-02-28,0,2.9918,14,1,1Y
上海清算所城投债收益率曲线(AAA),远期的即期,2026-03-02,0,2.519,1,14,14Y
上海清算所城投债收益率曲线(AAA),远期的即期,2026-03-02,0,2.4982,1,13,13Y
上海清算所城投债收益率曲线(AAA),远期的即期,2026-03-02,0,2.4771,1,12,12Y
上海清算所城投债收益率曲线(AAA),远期的即期,2026-03-02,0,2.4551,1,11,11Y
上海清算所城投债收益率曲线(AAA),远期的即期,2026-03-02,0,2.4312,1,10,10Y
上海清算所城投债收益率曲线(AAA),远期的即期,2026-03-02,0,2.4048,1,9,9Y
上海清算所城投债收益率曲线(AAA),远期的即期,2026-03-02,0,2.3637,1,8,8Y
上海清算所城投债收益率曲线(AAA),远期的即期,2026-03-02,0,2.3172,1,7,7Y
上海清算所城投债收益率曲线(AAA),远期的即期,2026-03-02,0,2.292,1,6,6Y
上海清算所城投债收益率曲线(AAA),远期的即期,2026-03-02,0,2.0983,1,5,5Y
上海清算所城投债收益率曲线(AAA),远期的即期,2026-03-02,0,2.0272,1,4,4Y
上海清算所城投债收益率曲线(AAA),远期的即期,2026-03-02,0,2.009,1,3,3Y
上海清算所城投债收益率曲线(AAA),远期的即期,2026-03-02,0,1.8918,1,2,2Y
上海清算所城投债收益率曲线(AAA),远期的即期,2026-03-02,0,1.8574,1,1,1Y
上海清算所城投债收益率曲线(AAA),远期的即期,2026-03-02,0,2.5701,2,13,13Y
上海清算所城投债收益率曲线(AAA),远期的即期,2026-03-02,0,2.5517,2,12,12Y
上海清算所城投债收益率曲线(AAA),远期的即期,2026-03-02,0,2.5336,2,11,11Y
上海清算所城投债收益率曲线(AAA),远期的即期,2026-03-02,0,2.515,2,10,10Y
上海清算所城投债收益率曲线(AAA),远期的即期,2026-03-02,0,2.4952,2,9,9Y
上海清算所城投债收益率曲线(AAA),远期的即期,2026-03-02,0,2.4734,2,8,8Y
上海清算所城投债收益率曲线(AAA),远期的即期,2026-03-02,0,2.4362,2,7,7Y
上海清算所城投债收益率曲线(AAA),远期的即期,2026-03-02,0,2.394,2,6,6Y
上海清算所城投债收益率曲线(AAA),远期的即期,2026-03-02,0,2.3791,2,5,5Y
上海清算所城投债收益率曲线(AAA),远期的即期,2026-03-02,0,2.1586,2,4,4Y
上海清算所城投债收益率曲线(AAA),远期的即期,2026-03-02,0,2.0838,2,3,3Y
上海清算所城投债收益率曲线(AAA),远期的即期,2026-03-02,0,2.0848,2,2,2Y
上海清算所城投债收益率曲线(AAA),远期的即期,2026-03-02,0,1.9262,2,1,1Y
上海清算所城投债收益率曲线(AAA),远期的即期,2026-03-02,0,2.624,3,12,12Y
上海清算所城投债收益率曲线(AAA),远期的即期,2026-03-02,0,2.6088,3,11,11Y
上海清算所城投债收益率曲线(AAA),远期的即期,2026-03-02,0,2.5946,3,10,10Y
上海清算所城投债收益率曲线(AAA),远期的即期,2026-03-02,0,2.5807,3,9,9Y
上海清算所城投债收益率曲线(AAA),远期的即期,2026-03-02,0,2.5665,3,8,8Y
上海清算所城投债收益率曲线(AAA),远期的即期,2026-03-02,0,2.5518,3,7,7Y
上海清算所城投债收益率曲线(AAA),远期的即期,2026-03-02,0,2.5214,3,6,6Y
上海清算所城投债收益率曲线(AAA),远期的即期,2026-03-02,0,2.4878,3,5,5Y
上海清算所城投债收益率曲线(AAA),远期的即期,2026-03-02,0,2.4926,3,4,4Y
上海清算所城投债收益率曲线(AAA),远期的即期,2026-03-02,0,2.2362,3,3,3Y
上海清算所城投债收益率曲线(AAA),远期的即期,2026-03-02,0,2.1627,3,2,2Y
上海清算所城投债收益率曲线(AAA),远期的即期,2026-03-02,0,2.2438,3,1,1Y
上海清算所城投债收益率曲线(AAA),远期的即期,2026-03-02,0,2.6586,4,11,11Y
上海清算所城投债收益率曲线(AAA),远期的即期,2026-03-02,0,2.6454,4,10,10Y
上海清算所城投债收益率曲线(AAA),远期的即期,2026-03-02,0,2.6336,4,9,9Y
上海清算所城投债收益率曲线(AAA),远期的即期,2026-03-02,0,2.6229,4,8,8Y
上海清算所城投债收益率曲线(AAA),远期的即期,2026-03-02,0,2.6127,4,7,7Y
上海清算所城投债收益率曲线(AAA),远期的即期,2026-03-02,0,2.6033,4,6,6Y
上海清算所城投债收益率曲线(AAA),远期的即期,2026-03-02,0,2.5771,4,5,5Y
上海清算所城投债收益率曲线(AAA),远期的即期,2026-03-02,0,2.5489,4,4,4Y
上海清算所城投债收益率曲线(AAA),远期的即期,2026-03-02,0,2.5757,4,3,3Y
上海清算所城投债收益率曲线(AAA),远期的即期,2026-03-02,0,2.2324,4,2,2Y
上海清算所城投债收益率曲线(AAA),远期的即期,2026-03-02,0,2.0818,4,1,1Y
上海清算所城投债收益率曲线(AAA),远期的即期,2026-03-02,0,2.7165,5,10,10Y
上海清算所城投债收益率曲线(AAA),远期的即期,2026-03-02,0,2.7082,5,9,9Y
上海清算所城投债收益率曲线(AAA),远期的即期,2026-03-02,0,2.7028,5,8,8Y
上海清算所城投债收益率曲线(AAA),远期的即期,2026-03-02,0,2.7004,5,7,7Y
上海清算所城投债收益率曲线(AAA),远期的即期,2026-03-02,0,2.7014,5,6,6Y
上海清算所城投债收益率曲线(AAA),远期的即期,2026-03-02,0,2.7079,5,5,5Y
上海清算所城投债收益率曲线(AAA),远期的即期,2026-03-02,0,2.7013,5,4,4Y
上海清算所城投债收益率曲线(AAA),远期的即期,2026-03-02,0,2.7051,5,3,3Y
上海清算所城投债收益率曲线(AAA),远期的即期,2026-03-02,0,2.8236,5,2,2Y
上海清算所城投债收益率曲线(AAA),远期的即期,2026-03-02,0,2.3833,5,1,1Y
上海清算所城投债收益率曲线(AAA),远期的即期,2026-03-02,0,2.7535,6,9,9Y
上海清算所城投债收益率曲线(AAA),远期的即期,2026-03-02,0,2.7489,6,8,8Y
上海清算所城投债收益率曲线(AAA),远期的即期,2026-03-02,0,2.7486,6,7,7Y
上海清算所城投债收益率曲线(AAA),远期的即期,2026-03-02,0,2.7533,6,6,6Y
上海清算所城投债收益率曲线(AAA),远期的即期,2026-03-02,0,2.7652,6,5,5Y
上海清算所城投债收益率曲线(AAA),远期的即期,2026-03-02,0,2.7892,6,4,4Y
上海清算所城投债收益率曲线(AAA),远期的即期,2026-03-02,0,2.8075,6,3,3Y
上海清算所城投债收益率曲线(AAA),远期的即期,2026-03-02,0,2.8663,6,2,2Y
上海清算所城投债收益率曲线(AAA),远期的即期,2026-03-02,0,3.2657,6,1,1Y
上海清算所城投债收益率曲线(AAA),远期的即期,2026-03-02,0,2.6897,7,8,8Y
上海清算所城投债收益率曲线(AAA),远期的即期,2026-03-02,0,2.6752,7,7,7Y
上海清算所城投债收益率曲线(AAA),远期的即期,2026-03-02,0,2.6626,7,6,6Y
上海清算所城投债收益率曲线(AAA),远期的即期,2026-03-02,0,2.6511,7,5,5Y
上海清算所城投债收益率曲线(AAA),远期的即期,2026-03-02,0,2.6404,7,4,4Y
上海清算所城投债收益率曲线(AAA),远期的即期,2026-03-02,0,2.6308,7,3,3Y
上海清算所城投债收益率曲线(AAA),远期的即期,2026-03-02,0,2.5791,7,2,2Y
上海清算所城投债收益率曲线(AAA),远期的即期,2026-03-02,0,2.4685,7,1,1Y
上海清算所城投债收益率曲线(AAA),远期的即期,2026-03-02,0,2.7213,8,7,7Y
上海清算所城投债收益率曲线(AAA),远期的即期,2026-03-02,0,2.7097,8,6,6Y
上海清算所城投债收益率曲线(AAA),远期的即期,2026-03-02,0,2.7015,8,5,5Y
上海清算所城投债收益率曲线(AAA),远期的即期,2026-03-02,0,2.6969,8,4,4Y
上海清算所城投债收益率曲线(AAA),远期的即期,2026-03-02,0,2.6978,8,3,3Y
上海清算所城投债收益率曲线(AAA),远期的即期,2026-03-02,0,2.7121,8,2,2Y
上海清算所城投债收益率曲线(AAA),远期的即期,2026-03-02,0,2.6899,8,1,1Y
上海清算所城投债收益率曲线(AAA),远期的即期,2026-03-02,0,2.7266,9,6,6Y
上海清算所城投债收益率曲线(AAA),远期的即期,2026-03-02,0,2.7137,9,5,5Y
上海清算所城投债收益率曲线(AAA),远期的即期,2026-03-02,0,2.7044,9,4,4Y
上海清算所城投债收益率曲线(AAA),远期的即期,2026-03-02,0,2.6992,9,3,3Y
上海清算所城投债收益率曲线(AAA),远期的即期,2026-03-02,0,2.7018,9,2,2Y
上海清算所城投债收益率曲线(AAA),远期的即期,2026-03-02,0,2.7342,9,1,1Y
上海清算所城投债收益率曲线(AAA),远期的即期,2026-03-02,0,2.725,10,5,5Y
上海清算所城投债收益率曲线(AAA),远期的即期,2026-03-02,0,2.7086,10,4,4Y
上海清算所城投债收益率曲线(AAA),远期的即期,2026-03-02,0,2.6944,10,3,3Y
上海清算所城投债收益率曲线(AAA),远期的即期,2026-03-02,0,2.6817,10,2,2Y
上海清算所城投债收益率曲线(AAA),远期的即期,2026-03-02,0,2.6693,10,1,1Y
上海清算所城投债收益率曲线(AAA),远期的即期,2026-03-02,0,2.739,11,4,4Y
上海清算所城投债收益率曲线(AAA),远期的即期,2026-03-02,0,2.7217,11,3,3Y
上海清算所城投债收益率曲线(AAA),远期的即期,2026-03-02,0,2.707,11,2,2Y
上海清算所城投债收益率曲线(AAA),远期的即期,2026-03-02,0,2.694,11,1,1Y
上海清算所城投债收益率曲线(AAA),远期的即期,2026-03-02,0,2.754,12,3,3Y
上海清算所城投债收益率曲线(AAA),远期的即期,2026-03-02,0,2.7355,12,2,2Y
上海清算所城投债收益率曲线(AAA),远期的即期,2026-03-02,0,2.72,12,1,1Y
上海清算所城投债收益率曲线(AAA),远期的即期,2026-03-02,0,2.771,13,2,2Y
上海清算所城投债收益率曲线(AAA),远期的即期,2026-03-02,0,2.751,13,1,1Y
上海清算所城投债收益率曲线(AAA),远期的即期,2026-03-02,0,2.791,14,1,1Y
上海清算所城投债收益率曲线(AAA),远期的即期,2026-03-03,0,2.5073,1,14,14Y
上海清算所城投债收益率曲线(AAA),远期的即期,2026-03-03,0,2.489,1,13,13Y
上海清算所城投债收益率曲线(AAA),远期的即期,2026-03-03,0,2.4706,1,12,12Y
上海清算所城投债收益率曲线(AAA),远期的即期,2026-03-03,0,2.4514,1,11,11Y
上海清算所城投债收益率曲线(AAA),远期的即期,2026-03-03,0,2.4308,1,10,10Y
上海清算所城投债收益率曲线(AAA),远期的即期,2026-03-03,0,2.408,1,9,9Y
上海清算所城投债收益率曲线(AAA),远期的即期,2026-03-03,0,2.3723,1,8,8Y
上海清算所城投债收益率曲线(AAA),远期的即期,2026-03-03,0,2.3085,1,7,7Y
上海清算所城投债收益率曲线(AAA),远期的即期,2026-03-03,0,2.2808,1,6,6Y
上海清算所城投债收益率曲线(AAA),远期的即期,2026-03-03,0,2.0891,1,5,5Y
上海清算所城投债收益率曲线(AAA),远期的即期,2026-03-03,0,2.0355,1,4,4Y
上海清算所城投债收益率曲线(AAA),远期的即期,2026-03-03,0,1.9991,1,3,3Y
上海清算所城投债收益率曲线(AAA),远期的即期,2026-03-03,0,1.895,1,2,2Y
上海清算所城投债收益率曲线(AAA),远期的即期,2026-03-03,0,1.8467,1,1,1Y
上海清算所城投债收益率曲线(AAA),远期的即期,2026-03-03,0,2.5583,2,13,13Y
上海清算所城投债收益率曲线(AAA),远期的即期,2026-03-03,0,2.5427,2,12,12Y
上海清算所城投债收益率曲线(AAA),远期的即期,2026-03-03,0,2.5275,2,11,11Y
上海清算所城投债收益率曲线(AAA),远期的即期,2026-03-03,0,2.5121,2,10,10Y
上海清算所城投债收益率曲线(AAA),远期的即期,2026-03-03,0,2.4959,2,9,9Y
上海清算所城投债收益率曲线(AAA),远期的即期,2026-03-03,0,2.4784,2,8,8Y
上海清算所城投债收益率曲线(AAA),远期的即期,2026-03-03,0,2.4476,2,7,7Y
上海清算所城投债收益率曲线(AAA),远期的即期,2026-03-03,0,2.3857,2,6,6Y
上海清算所城投债收益率曲线(AAA),远期的即期,2026-03-03,0,2.3678,2,5,5Y
上海清算所城投债收益率曲线(AAA),远期的即期,2026-03-03,0,2.1498,2,4,4Y
上海清算所城投债收益率曲线(AAA),远期的即期,2026-03-03,0,2.0985,2,3,3Y
上海清算所城投债收益率曲线(AAA),远期的即期,2026-03-03,0,2.0754,2,2,2Y
上海清算所城投债收益率曲线(AAA),远期的即期,2026-03-03,0,1.9433,2,1,1Y
上海清算所城投债收益率曲线(AAA),远期的即期,2026-03-03,0,2.6097,3,12,12Y
上海清算所城投债收益率曲线(AAA),远期的即期,2026-03-03,0,2.5973,3,11,11Y
上海清算所城投债收益率曲线(AAA),远期的即期,2026-03-03,0,2.5861,3,10,10Y
上海清算所城投债收益率曲线(AAA),远期的即期,2026-03-03,0,2.5755,3,9,9Y
上海清算所城投债收益率曲线(AAA),远期的即期,2026-03-03,0,2.5652,3,8,8Y
上海清算所城投债收益率曲线(AAA),远期的即期,2026-03-03,0,2.5551,3,7,7Y
上海清算所城投债收益率曲线(AAA),远期的即期,2026-03-03,0,2.5319,3,6,6Y
上海清算所城投债收益率曲线(AAA),远期的即期,2026-03-03,0,2.4744,3,5,5Y
上海清算所城投债收益率曲线(AAA),远期的即期,2026-03-03,0,2.4743,3,4,4Y
上海清算所城投债收益率曲线(AAA),远期的即期,2026-03-03,0,2.2187,3,3,3Y
上海清算所城投债收益率曲线(AAA),远期的即期,2026-03-03,0,2.1762,3,2,2Y
上海清算所城投债收益率曲线(AAA),远期的即期,2026-03-03,0,2.2078,3,1,1Y
上海清算所城投债收益率曲线(AAA),远期的即期,2026-03-03,0,2.6463,4,11,11Y
上海清算所城投债收益率曲线(AAA),远期的即期,2026-03-03,0,2.6364,4,10,10Y
上海清算所城投债收益率曲线(AAA),远期的即期,2026-03-03,0,2.6282,4,9,9Y
上海清算所城投债收益率曲线(AAA),远期的即期,2026-03-03,0,2.6216,4,8,8Y
上海清算所城投债收益率曲线(AAA),远期的即期,2026-03-03,0,2.6163,4,7,7Y
上海清算所城投债收益率曲线(AAA),远期的即期,2026-03-03,0,2.6131,4,6,6Y
上海清算所城投债收益率曲线(AAA),远期的即期,2026-03-03,0,2.5969,4,5,5Y
上海清算所城投债收益率曲线(AAA),远期的即期,2026-03-03,0,2.5412,4,4,4Y
上海清算所城投债收益率曲线(AAA),远期的即期,2026-03-03,0,2.5633,4,3,3Y
上海清算所城投债收益率曲线(AAA),远期的即期,2026-03-03,0,2.2242,4,2,2Y
上海清算所城投债收益率曲线(AAA),远期的即期,2026-03-03,0,2.1446,4,1,1Y
上海清算所城投债收益率曲线(AAA),远期的即期,2026-03-03,0,2.6966,5,10,10Y
上海清算所城投债收益率曲线(AAA),远期的即期,2026-03-03,0,2.6912,5,9,9Y
上海清算所城投债收益率曲线(AAA),远期的即期,2026-03-03,0,2.6889,5,8,8Y
上海清算所城投债收益率曲线(AAA),远期的即期,2026-03-03,0,2.6899,5,7,7Y
上海清算所城投债收益率曲线(AAA),远期的即期,2026-03-03,0,2.6952,5,6,6Y
上海清算所城投债收益率曲线(AAA),远期的即期,2026-03-03,0,2.707,5,5,5Y
上海清算所城投债收益率曲线(AAA),远期的即期,2026-03-03,0,2.7103,5,4,4Y
上海清算所城投债收益率曲线(AAA),远期的即期,2026-03-03,0,2.6737,5,3,3Y
上海清算所城投债收益率曲线(AAA),远期的即期,2026-03-03,0,2.7732,5,2,2Y
上海清算所城投债收益率曲线(AAA),远期的即期,2026-03-03,0,2.3039,5,1,1Y
上海清算所城投债收益率曲线(AAA),远期的即期,2026-03-03,0,2.7404,6,9,9Y
上海清算所城投债收益率曲线(AAA),远期的即期,2026-03-03,0,2.7397,6,8,8Y
上海清算所城投债收益率曲线(AAA),远期的即期,2026-03-03,0,2.744,6,7,7Y
上海清算所城投债收益率曲线(AAA),远期的即期,2026-03-03,0,2.7544,6,6,6Y
上海清算所城投债收益率曲线(AAA),远期的即期,2026-03-03,0,2.7736,6,5,5Y
上海清算所城投债收益率曲线(AAA),远期的即期,2026-03-03,0,2.8081,6,4,4Y
上海清算所城投债收益率曲线(AAA),远期的即期,2026-03-03,0,2.8461,6,3,3Y
上海清算所城投债收益率曲线(AAA),远期的即期,2026-03-03,0,2.8592,6,2,2Y
上海清算所城投债收益率曲线(AAA),远期的即期,2026-03-03,0,3.2447,6,1,1Y
上海清算所城投债收益率曲线(AAA),远期的即期,2026-03-03,0,2.6775,7,8,8Y
上海清算所城投债收益率曲线(AAA),远期的即期,2026-03-03,0,2.6677,7,7,7Y
上海清算所城投债收益率曲线(AAA),远期的即期,2026-03-03,0,2.6608,7,6,6Y
上海清算所城投债收益率曲线(AAA),远期的即期,2026-03-03,0,2.6566,7,5,5Y
上海清算所城投债收益率曲线(AAA),远期的即期,2026-03-03,0,2.6562,7,4,4Y
上海清算所城投债收益率曲线(AAA),远期的即期,2026-03-03,0,2.6629,7,3,3Y
上海清算所城投债收益率曲线(AAA),远期的即期,2026-03-03,0,2.6473,7,2,2Y
上海清算所城投债收益率曲线(AAA),远期的即期,2026-03-03,0,2.4751,7,1,1Y
上海清算所城投债收益率曲线(AAA),远期的即期,2026-03-03,0,2.7064,8,7,7Y
上海清算所城投债收益率曲线(AAA),远期的即期,2026-03-03,0,2.6999,8,6,6Y
上海清算所城投债收益率曲线(AAA),远期的即期,2026-03-03,0,2.6979,8,5,5Y
上海清算所城投债收益率曲线(AAA),远期的即期,2026-03-03,0,2.702,8,4,4Y
上海清算所城投债收益率曲线(AAA),远期的即期,2026-03-03,0,2.7166,8,3,3Y
上海清算所城投债收益率曲线(AAA),远期的即期,2026-03-03,0,2.757,8,2,2Y
上海清算所城投债收益率曲线(AAA),远期的即期,2026-03-03,0,2.8199,8,1,1Y
上海清算所城投债收益率曲线(AAA),远期的即期,2026-03-03,0,2.6875,9,6,6Y
上海清算所城投债收益率曲线(AAA),远期的即期,2026-03-03,0,2.6759,9,5,5Y
上海清算所城投债收益率曲线(AAA),远期的即期,2026-03-03,0,2.6675,9,4,4Y
上海清算所城投债收益率曲线(AAA),远期的即期,2026-03-03,0,2.6627,9,3,3Y
上海清算所城投债收益率曲线(AAA),远期的即期,2026-03-03,0,2.665,9,2,2Y
上海清算所城投债收益率曲线(AAA),远期的即期,2026-03-03,0,2.6941,9,1,1Y
上海清算所城投债收益率曲线(AAA),远期的即期,2026-03-03,0,2.6862,10,5,5Y
上海清算所城投债收益率曲线(AAA),远期的即期,2026-03-03,0,2.6714,10,4,4Y
上海清算所城投债收益率曲线(AAA),远期的即期,2026-03-03,0,2.6586,10,3,3Y
上海清算所城投债收益率曲线(AAA),远期的即期,2026-03-03,0,2.6471,10,2,2Y
上海清算所城投债收益率曲线(AAA),远期的即期,2026-03-03,0,2.6359,10,1,1Y
上海清算所城投债收益率曲线(AAA),远期的即期,2026-03-03,0,2.6988,11,4,4Y
上海清算所城投债收益率曲线(AAA),远期的即期,2026-03-03,0,2.6832,11,3,3Y
上海清算所城投债收益率曲线(AAA),远期的即期,2026-03-03,0,2.6699,11,2,2Y
上海清算所城投债收益率曲线(AAA),远期的即期,2026-03-03,0,2.6582,11,1,1Y
上海清算所城投债收益率曲线(AAA),远期的即期,2026-03-03,0,2.7123,12,3,3Y
上海清算所城投债收益率曲线(AAA),远期的即期,2026-03-03,0,2.6957,12,2,2Y
上海清算所城投债收益率曲线(AAA),远期的即期,2026-03-03,0,2.6817,12,1,1Y
上海清算所城投债收益率曲线(AAA),远期的即期,2026-03-03,0,2.7277,13,2,2Y
上海清算所城投债收益率曲线(AAA),远期的即期,2026-03-03,0,2.7097,13,1,1Y
上海清算所城投债收益率曲线(AAA),远期的即期,2026-03-03,0,2.7457,14,1,1Y
上海清算所城投债收益率曲线(AAA),远期的即期,2026-03-04,0,2.5058,1,14,14Y
上海清算所城投债收益率曲线(AAA),远期的即期,2026-03-04,0,2.4872,1,13,13Y
上海清算所城投债收益率曲线(AAA),远期的即期,2026-03-04,0,2.4682,1,12,12Y
上海清算所城投债收益率曲线(AAA),远期的即期,2026-03-04,0,2.4475,1,11,11Y
上海清算所城投债收益率曲线(AAA),远期的即期,2026-03-04,0,2.424,1,10,10Y
上海清算所城投债收益率曲线(AAA),远期的即期,2026-03-04,0,2.3966,1,9,9Y
上海清算所城投债收益率曲线(AAA),远期的即期,2026-03-04,0,2.3441,1,8,8Y
上海清算所城投债收益率曲线(AAA),远期的即期,2026-03-04,0,2.3038,1,7,7Y
上海清算所城投债收益率曲线(AAA),远期的即期,2026-03-04,0,2.2812,1,6,6Y
上海清算所城投债收益率曲线(AAA),远期的即期,2026-03-04,0,2.0959,1,5,5Y
上海清算所城投债收益率曲线(AAA),远期的即期,2026-03-04,0,2.0049,1,4,4Y
上海清算所城投债收益率曲线(AAA),远期的即期,2026-03-04,0,2.0063,1,3,3Y
上海清算所城投债收益率曲线(AAA),远期的即期,2026-03-04,0,1.909,1,2,2Y
上海清算所城投债收益率曲线(AAA),远期的即期,2026-03-04,0,1.8516,1,1,1Y
上海清算所城投债收益率曲线(AAA),远期的即期,2026-03-04,0,2.5562,2,13,13Y
上海清算所城投债收益率曲线(AAA),远期的即期,2026-03-04,0,2.5404,2,12,12Y
上海清算所城投债收益率曲线(AAA),远期的即期,2026-03-04,0,2.5244,2,11,11Y
上海清算所城投债收益率曲线(AAA),远期的即期,2026-03-04,0,2.5073,2,10,10Y
上海清算所城投债收益率曲线(AAA),远期的即期,2026-03-04,0,2.4878,2,9,9Y
上海清算所城投债收益率曲线(AAA),远期的即期,2026-03-04,0,2.465,2,8,8Y
上海清算所城投债收益率曲线(AAA),远期的即期,2026-03-04,0,2.4147,2,7,7Y
上海清算所城投债收益率曲线(AAA),远期的即期,2026-03-04,0,2.3794,2,6,6Y
上海清算所城投债收益率曲线(AAA),远期的即期,2026-03-04,0,2.3674,2,5,5Y
上海清算所城投债收益率曲线(AAA),远期的即期,2026-03-04,0,2.1571,2,4,4Y
上海清算所城投债收益率曲线(AAA),远期的即期,2026-03-04,0,2.0561,2,3,3Y
上海清算所城投债收益率曲线(AAA),远期的即期,2026-03-04,0,2.0838,2,2,2Y
上海清算所城投债收益率曲线(AAA),远期的即期,2026-03-04,0,1.9665,2,1,1Y
上海清算所城投债收益率曲线(AAA),远期的即期,2026-03-04,0,2.6056,3,12,12Y
上海清算所城投债收益率曲线(AAA),远期的即期,2026-03-04,0,2.5927,3,11,11Y
上海清算所城投债收益率曲线(AAA),远期的即期,2026-03-04,0,2.5804,3,10,10Y
上海清算所城投债收益率曲线(AAA),远期的即期,2026-03-04,0,2.5676,3,9,9Y
上海清算所城投债收益率曲线(AAA),远期的即期,2026-03-04,0,2.5532,3,8,8Y
上海清算所城投债收益率曲线(AAA),远期的即期,2026-03-04,0,2.5364,3,7,7Y
上海清算所城投债收益率曲线(AAA),远期的即期,2026-03-04,0,2.4896,3,6,6Y
上海清算所城投债收益率曲线(AAA),远期的即期,2026-03-04,0,2.4622,3,5,5Y
上海清算所城投债收益率曲线(AAA),远期的即期,2026-03-04,0,2.4678,3,4,4Y
上海清算所城投债收益率曲线(AAA),远期的即期,2026-03-04,0,2.2208,3,3,3Y
上海清算所城投债收益率曲线(AAA),远期的即期,2026-03-04,0,2.101,3,2,2Y
上海清算所城投债收益率曲线(AAA),远期的即期,2026-03-04,0,2.2013,3,1,1Y
上海清算所城投债收益率曲线(AAA),远期的即期,2026-03-04,0,2.6424,4,11,11Y
上海清算所城投债收益率曲线(AAA),远期的即期,2026-03-04,0,2.6319,4,10,10Y
上海清算所城投债收益率曲线(AAA),远期的即期,2026-03-04,0,2.6226,4,9,9Y
上海清算所城投债收益率曲线(AAA),远期的即期,2026-03-04,0,2.6134,4,8,8Y
上海清算所城投债收益率曲线(AAA),远期的即期,2026-03-04,0,2.6035,4,7,7Y
上海清算所城投债收益率曲线(AAA),远期的即期,2026-03-04,0,2.5923,4,6,6Y
上海清算所城投债收益率曲线(AAA),远期的即期,2026-03-04,0,2.5474,4,5,5Y
上海清算所城投债收益率曲线(AAA),远期的即期,2026-03-04,0,2.5275,4,4,4Y
上海清算所城投债收益率曲线(AAA),远期的即期,2026-03-04,0,2.5569,4,3,3Y
上海清算所城投债收益率曲线(AAA),远期的即期,2026-03-04,0,2.2305,4,2,2Y
上海清算所城投债收益率曲线(AAA),远期的即期,2026-03-04,0,2.0007,4,1,1Y
上海清算所城投债收益率曲线(AAA),远期的即期,2026-03-04,0,2.7068,5,10,10Y
上海清算所城投债收益率曲线(AAA),远期的即期,2026-03-04,0,2.7023,5,9,9Y
上海清算所城投债收益率曲线(AAA),远期的即期,2026-03-04,0,2.7006,5,8,8Y
上海清算所城投债收益率曲线(AAA),远期的即期,2026-03-04,0,2.7013,5,7,7Y
上海清算所城投债收益率曲线(AAA),远期的即期,2026-03-04,0,2.7044,5,6,6Y
上海清算所城投债收益率曲线(AAA),远期的即期,2026-03-04,0,2.7111,5,5,5Y
上海清算所城投债收益率曲线(AAA),远期的即期,2026-03-04,0,2.6845,5,4,4Y
上海清算所城投债收益率曲线(AAA),远期的即期,2026-03-04,0,2.7037,5,3,3Y
上海清算所城投债收益率曲线(AAA),远期的即期,2026-03-04,0,2.8361,5,2,2Y
上海清算所城投债收益率曲线(AAA),远期的即期,2026-03-04,0,2.4608,5,1,1Y
上海清算所城投债收益率曲线(AAA),远期的即期,2026-03-04,0,2.7341,6,9,9Y
上海清算所城投债收益率曲线(AAA),远期的即期,2026-03-04,0,2.7325,6,8,8Y
上海清算所城投债收益率曲线(AAA),远期的即期,2026-03-04,0,2.7349,6,7,7Y
上海清算所城投债收益率曲线(AAA),远期的即期,2026-03-04,0,2.7414,6,6,6Y
上海清算所城投债收益率曲线(AAA),远期的即期,2026-03-04,0,2.7531,6,5,5Y
上海清算所城投债收益率曲线(AAA),远期的即期,2026-03-04,0,2.7737,6,4,4Y
上海清算所城投债收益率曲线(AAA),远期的即期,2026-03-04,0,2.7591,6,3,3Y
上海清算所城投债收益率曲线(AAA),远期的即期,2026-03-04,0,2.8253,6,2,2Y
上海清算所城投债收益率曲线(AAA),远期的即期,2026-03-04,0,3.2127,6,1,1Y
上海清算所城投债收益率曲线(AAA),远期的即期,2026-03-04,0,2.6745,7,8,8Y
上海清算所城投债收益率曲线(AAA),远期的即期,2026-03-04,0,2.6641,7,7,7Y
上海清算所城投债收益率曲线(AAA),远期的即期,2026-03-04,0,2.6555,7,6,6Y
上海清算所城投债收益率曲线(AAA),远期的即期,2026-03-04,0,2.6474,7,5,5Y
上海清算所城投债收益率曲线(AAA),远期的即期,2026-03-04,0,2.6386,7,4,4Y
上海清算所城投债收益率曲线(AAA),远期的即期,2026-03-04,0,2.6278,7,3,3Y
上海清算所城投债收益率曲线(AAA),远期的即期,2026-03-04,0,2.5331,7,2,2Y
上海清算所城投债收益率曲线(AAA),远期的即期,2026-03-04,0,2.4394,7,1,1Y
上海清算所城投债收益率曲线(AAA),远期的即期,2026-03-04,0,2.7081,8,7,7Y
上海清算所城投债收益率曲线(AAA),远期的即期,2026-03-04,0,2.7016,8,6,6Y
上海清算所城投债收益率曲线(AAA),远期的即期,2026-03-04,0,2.6988,8,5,5Y
上海清算所城投债收益率曲线(AAA),远期的即期,2026-03-04,0,2.6995,8,4,4Y
上海清算所城投债收益率曲线(AAA),远期的即期,2026-03-04,0,2.7051,8,3,3Y
上海清算所城投债收益率曲线(AAA),远期的即期,2026-03-04,0,2.7222,8,2,2Y
上海清算所城投债收益率曲线(AAA),远期的即期,2026-03-04,0,2.6269,8,1,1Y
上海清算所城投债收益率曲线(AAA),远期的即期,2026-03-04,0,2.7216,9,6,6Y
上海清算所城投债收益率曲线(AAA),远期的即期,2026-03-04,0,2.7166,9,5,5Y
上海清算所城投债收益率曲线(AAA),远期的即期,2026-03-04,0,2.7168,9,4,4Y
上海清算所城投债收益率曲线(AAA),远期的即期,2026-03-04,0,2.7237,9,3,3Y
上海清算所城投债收益率曲线(AAA),远期的即期,2026-03-04,0,2.7441,9,2,2Y
上海清算所城投债收益率曲线(AAA),远期的即期,2026-03-04,0,2.8175,9,1,1Y
上海清算所城投债收益率曲线(AAA),远期的即期,2026-03-04,0,2.7025,10,5,5Y
上海清算所城投债收益率曲线(AAA),远期的即期,2026-03-04,0,2.6913,10,4,4Y
上海清算所城投债收益率曲线(AAA),远期的即期,2026-03-04,0,2.6832,10,3,3Y
上海清算所城投债收益率曲线(AAA),远期的即期,2026-03-04,0,2.6768,10,2,2Y
上海清算所城投债收益率曲线(AAA),远期的即期,2026-03-04,0,2.6708,10,1,1Y
上海清算所城投债收益率曲线(AAA),远期的即期,2026-03-04,0,2.7104,11,4,4Y
上海清算所城投债收益率曲线(AAA),远期的即期,2026-03-04,0,2.6982,11,3,3Y
上海清算所城投债收益率曲线(AAA),远期的即期,2026-03-04,0,2.6894,11,2,2Y
上海清算所城投债收益率曲线(AAA),远期的即期,2026-03-04,0,2.6828,11,1,1Y
上海清算所城投债收益率曲线(AAA),远期的即期,2026-03-04,0,2.7196,12,3,3Y
上海清算所城投债收益率曲线(AAA),远期的即期,2026-03-04,0,2.7059,12,2,2Y
上海清算所城投债收益率曲线(AAA),远期的即期,2026-03-04,0,2.6961,12,1,1Y
上海清算所城投债收益率曲线(AAA),远期的即期,2026-03-04,0,2.7314,13,2,2Y
上海清算所城投债收益率曲线(AAA),远期的即期,2026-03-04,0,2.7157,13,1,1Y
上海清算所城投债收益率曲线(AAA),远期的即期,2026-03-04,0,2.747,14,1,1Y
上海清算所城投债收益率曲线(AAA),远期的即期,2026-03-05,0,2.4945,1,14,14Y
上海清算所城投债收益率曲线(AAA),远期的即期,2026-03-05,0,2.4756,1,13,13Y
上海清算所城投债收益率曲线(AAA),远期的即期,2026-03-05,0,2.4563,1,12,12Y
上海清算所城投债收益率曲线(AAA),远期的即期,2026-03-05,0,2.4353,1,11,11Y
上海清算所城投债收益率曲线(AAA),远期的即期,2026-03-05,0,2.4116,1,10,10Y
上海清算所城投债收益率曲线(AAA),远期的即期,2026-03-05,0,2.3841,1,9,9Y
上海清算所城投债收益率曲线(AAA),远期的即期,2026-03-05,0,2.3322,1,8,8Y
上海清算所城投债收益率曲线(AAA),远期的即期,2026-03-05,0,2.3058,1,7,7Y
上海清算所城投债收益率曲线(AAA),远期的即期,2026-03-05,0,2.271,1,6,6Y
上海清算所城投债收益率曲线(AAA),远期的即期,2026-03-05,0,2.1057,1,5,5Y
上海清算所城投债收益率曲线(AAA),远期的即期,2026-03-05,0,2.0082,1,4,4Y
上海清算所城投债收益率曲线(AAA),远期的即期,2026-03-05,0,1.9656,1,3,3Y
上海清算所城投债收益率曲线(AAA),远期的即期,2026-03-05,0,1.9012,1,2,2Y
上海清算所城投债收益率曲线(AAA),远期的即期,2026-03-05,0,1.8328,1,1,1Y
上海清算所城投债收益率曲线(AAA),远期的即期,2026-03-05,0,2.5456,2,13,13Y
上海清算所城投债收益率曲线(AAA),远期的即期,2026-03-05,0,2.5294,2,12,12Y
上海清算所城投债收益率曲线(AAA),远期的即期,2026-03-05,0,2.5132,2,11,11Y
上海清算所城投债收益率曲线(AAA),远期的即期,2026-03-05,0,2.4958,2,10,10Y
上海清算所城投债收益率曲线(AAA),远期的即期,2026-03-05,0,2.4761,2,9,9Y
上海清算所城投债收益率曲线(AAA),远期的即期,2026-03-05,0,2.4532,2,8,8Y
上海清算所城投债收益率曲线(AAA),远期的即期,2026-03-05,0,2.4038,2,7,7Y
上海清算所城投债收益率曲线(AAA),远期的即期,2026-03-05,0,2.3848,2,6,6Y
上海清算所城投债收益率曲线(AAA),远期的即期,2026-03-05,0,2.3588,2,5,5Y
上海清算所城投债收益率曲线(AAA),远期的即期,2026-03-05,0,2.174,2,4,4Y
上海清算所城投债收益率曲线(AAA),远期的即期,2026-03-05,0,2.0668,2,3,3Y
上海清算所城投债收益率曲线(AAA),远期的即期,2026-03-05,0,2.0321,2,2,2Y
上海清算所城投债收益率曲线(AAA),远期的即期,2026-03-05,0,1.9697,2,1,1Y
上海清算所城投债收益率曲线(AAA),远期的即期,2026-03-05,0,2.5937,3,12,12Y
上海清算所城投债收益率曲线(AAA),远期的即期,2026-03-05,0,2.5804,3,11,11Y
上海清算所城投债收益率曲线(AAA),远期的即期,2026-03-05,0,2.5677,3,10,10Y
上海清算所城投债收益率曲线(AAA),远期的即期,2026-03-05,0,2.5544,3,9,9Y
上海清算所城投债收益率曲线(AAA),远期的即期,2026-03-05,0,2.5396,3,8,8Y
上海清算所城投债收益率曲线(AAA),远期的即期,2026-03-05,0,2.5224,3,7,7Y
上海清算所城投债收益率曲线(AAA),远期的即期,2026-03-05,0,2.4763,3,6,6Y
上海清算所城投债收益率曲线(AAA),远期的即期,2026-03-05,0,2.4681,3,5,5Y
上海清算所城投债收益率曲线(AAA),远期的即期,2026-03-05,0,2.4563,3,4,4Y
上海清算所城投债收益率曲线(AAA),远期的即期,2026-03-05,0,2.2422,3,3,3Y
上海清算所城投债收益率曲线(AAA),远期的即期,2026-03-05,0,2.1153,3,2,2Y
上海清算所城投债收益率曲线(AAA),远期的即期,2026-03-05,0,2.0946,3,1,1Y
上海清算所城投债收益率曲线(AAA),远期的即期,2026-03-05,0,2.6392,4,11,11Y
上海清算所城投债收益率曲线(AAA),远期的即期,2026-03-05,0,2.6291,4,10,10Y
上海清算所城投债收益率曲线(AAA),远期的即期,2026-03-05,0,2.6204,4,9,9Y
上海清算所城投债收益率曲线(AAA),远期的即期,2026-03-05,0,2.6121,4,8,8Y
上海清算所城投债收益率曲线(AAA),远期的即期,2026-03-05,0,2.6034,4,7,7Y
上海清算所城投债收益率曲线(AAA),远期的即期,2026-03-05,0,2.5939,4,6,6Y
上海清算所城投债收益率曲线(AAA),远期的即期,2026-03-05,0,2.5528,4,5,5Y
上海清算所城投债收益率曲线(AAA),远期的即期,2026-03-05,0,2.5616,4,4,4Y
上海清算所城投债收益率曲线(AAA),远期的即期,2026-03-05,0,2.5772,4,3,3Y
上海清算所城投债收益率曲线(AAA),远期的即期,2026-03-05,0,2.3161,4,2,2Y
上海清算所城投债收益率曲线(AAA),远期的即期,2026-03-05,0,2.1361,4,1,1Y
上海清算所城投债收益率曲线(AAA),远期的即期,2026-03-05,0,2.6896,5,10,10Y
上海清算所城投债收益率曲线(AAA),远期的即期,2026-03-05,0,2.6841,5,9,9Y
上海清算所城投债收益率曲线(AAA),远期的即期,2026-03-05,0,2.6811,5,8,8Y
上海清算所城投债收益率曲线(AAA),远期的即期,2026-03-05,0,2.6802,5,7,7Y
上海清算所城投债收益率曲线(AAA),远期的即期,2026-03-05,0,2.6814,5,6,6Y
上海清算所城投债收益率曲线(AAA),远期的即期,2026-03-05,0,2.6857,5,5,5Y
上海清算所城投债收益率曲线(AAA),远期的即期,2026-03-05,0,2.6573,5,4,4Y
上海清算所城投债收益率曲线(AAA),远期的即期,2026-03-05,0,2.7039,5,3,3Y
上海清算所城投债收益率曲线(AAA),远期的即期,2026-03-05,0,2.7985,5,2,2Y
上海清算所城投债收益率曲线(AAA),远期的即期,2026-03-05,0,2.4964,5,1,1Y
上海清算所城投债收益率曲线(AAA),远期的即期,2026-03-05,0,2.7111,6,9,9Y
上海清算所城投债收益率曲线(AAA),远期的即期,2026-03-05,0,2.7075,6,8,8Y
上海清算所城投债收益率曲线(AAA),远期的即期,2026-03-05,0,2.7075,6,7,7Y
上海清算所城投债收益率曲线(AAA),远期的即期,2026-03-05,0,2.7109,6,6,6Y
上海清算所城投债收益率曲线(AAA),远期的即期,2026-03-05,0,2.7185,6,5,5Y
上海清算所城投债收益率曲线(AAA),远期的即期,2026-03-05,0,2.7331,6,4,4Y
上海清算所城投债收益率曲线(AAA),远期的即期,2026-03-05,0,2.711,6,3,3Y
上海清算所城投债收益率曲线(AAA),远期的即期,2026-03-05,0,2.8078,6,2,2Y
上海清算所城投债收益率曲线(AAA),远期的即期,2026-03-05,0,3.1014,6,1,1Y
上海清算所城投债收益率曲线(AAA),远期的即期,2026-03-05,0,2.6624,7,8,8Y
上海清算所城投债收益率曲线(AAA),远期的即期,2026-03-05,0,2.6514,7,7,7Y
上海清算所城投债收益率曲线(AAA),远期的即期,2026-03-05,0,2.642,7,6,6Y
上海清算所城投债收益率曲线(AAA),远期的即期,2026-03-05,0,2.633,7,5,5Y
上海清算所城投债收益率曲线(AAA),远期的即期,2026-03-05,0,2.623,7,4,4Y
上海清算所城投债收益率曲线(AAA),远期的即期,2026-03-05,0,2.6106,7,3,3Y
上海清算所城投债收益率曲线(AAA),远期的即期,2026-03-05,0,2.5163,7,2,2Y
上海清算所城投债收益率曲线(AAA),远期的即期,2026-03-05,0,2.515,7,1,1Y
上海清算所城投债收益率曲线(AAA),远期的即期,2026-03-05,0,2.6835,8,7,7Y
上海清算所城投债收益率曲线(AAA),远期的即期,2026-03-05,0,2.6742,8,6,6Y
上海清算所城投债收益率曲线(AAA),远期的即期,2026-03-05,0,2.6674,8,5,5Y
上海清算所城投债收益率曲线(AAA),远期的即期,2026-03-05,0,2.6625,8,4,4Y
上海清算所城投债收益率曲线(AAA),远期的即期,2026-03-05,0,2.659,8,3,3Y
上海清算所城投债收益率曲线(AAA),远期的即期,2026-03-05,0,2.6585,8,2,2Y
上海清算所城投债收益率曲线(AAA),远期的即期,2026-03-05,0,2.5176,8,1,1Y
上海清算所城投债收益率曲线(AAA),远期的即期,2026-03-05,0,2.7112,9,6,6Y
上海清算所城投债收益率曲线(AAA),远期的即期,2026-03-05,0,2.7055,9,5,5Y
上海清算所城投债收益率曲线(AAA),远期的即期,2026-03-05,0,2.7049,9,4,4Y
上海清算所城投债收益率曲线(AAA),远期的即期,2026-03-05,0,2.7108,9,3,3Y
上海清算所城投债收益率曲线(AAA),远期的即期,2026-03-05,0,2.7298,9,2,2Y
上海清算所城投债收益率曲线(AAA),远期的即期,2026-03-05,0,2.7995,9,1,1Y
上海清算所城投债收益率曲线(AAA),远期的即期,2026-03-05,0,2.6935,10,5,5Y
上海清算所城投债收益率曲线(AAA),远期的即期,2026-03-05,0,2.682,10,4,4Y
上海清算所城投债收益率曲线(AAA),远期的即期,2026-03-05,0,2.6734,10,3,3Y
上海清算所城投债收益率曲线(AAA),远期的即期,2026-03-05,0,2.6665,10,2,2Y
上海清算所城投债收益率曲线(AAA),远期的即期,2026-03-05,0,2.66,10,1,1Y
上海清算所城投债收益率曲线(AAA),远期的即期,2026-03-05,0,2.7019,11,4,4Y
上海清算所城投债收益率曲线(AAA),远期的即期,2026-03-05,0,2.6893,11,3,3Y
上海清算所城投债收益率曲线(AAA),远期的即期,2026-03-05,0,2.6801,11,2,2Y
上海清算所城投债收益率曲线(AAA),远期的即期,2026-03-05,0,2.6729,11,1,1Y
上海清算所城投债收益率曲线(AAA),远期的即期,2026-03-05,0,2.7116,12,3,3Y
上海清算所城投债收益率曲线(AAA),远期的即期,2026-03-05,0,2.6975,12,2,2Y
上海清算所城投债收益率曲线(AAA),远期的即期,2026-03-05,0,2.6872,12,1,1Y
上海清算所城投债收益率曲线(AAA),远期的即期,2026-03-05,0,2.7237,13,2,2Y
上海清算所城投债收益率曲线(AAA),远期的即期,2026-03-05,0,2.7078,13,1,1Y
上海清算所城投债收益率曲线(AAA),远期的即期,2026-03-05,0,2.7397,14,1,1Y
上海清算所城投债收益率曲线(AAA),远期的到期,2026-02-03,0,2.5776,2,13,13Y
上海清算所城投债收益率曲线(AAA),远期的到期,2026-02-03,0,2.5694,2,12,12Y
上海清算所城投债收益率曲线(AAA),远期的到期,2026-02-03,0,2.5745,2,11,11Y
上海清算所城投债收益率曲线(AAA),远期的到期,2026-02-03,0,2.5563,2,10,10Y
上海清算所城投债收益率曲线(AAA),远期的到期,2026-02-03,0,2.5374,2,9,9Y
上海清算所城投债收益率曲线(AAA),远期的到期,2026-02-03,0,2.5415,2,8,8Y
上海清算所城投债收益率曲线(AAA),远期的到期,2026-02-03,0,2.4893,2,7,7Y
上海清算所城投债收益率曲线(AAA),远期的到期,2026-02-03,0,2.4539,2,6,6Y
上海清算所城投债收益率曲线(AAA),远期的到期,2026-02-03,0,2.3616,2,5,5Y
上海清算所城投债收益率曲线(AAA),远期的到期,2026-02-03,0,2.212,2,4,4Y
上海清算所城投债收益率曲线(AAA),远期的到期,2026-02-03,0,2.077,2,3,3Y
上海清算所城投债收益率曲线(AAA),远期的到期,2026-02-03,0,2.0858,2,2,2Y
上海清算所城投债收益率曲线(AAA),远期的到期,2026-02-03,0,1.9646,2,1,1Y
上海清算所城投债收益率曲线(AAA),远期的到期,2026-02-03,0,2.6377,3,12,12Y
上海清算所城投债收益率曲线(AAA),远期的到期,2026-02-03,0,2.6333,3,11,11Y
上海清算所城投债收益率曲线(AAA),远期的到期,2026-02-03,0,2.6445,3,10,10Y
上海清算所城投债收益率曲线(AAA),远期的到期,2026-02-03,0,2.6307,3,9,9Y
上海清算所城投债收益率曲线(AAA),远期的到期,2026-02-03,0,2.6174,3,8,8Y
上海清算所城投债收益率曲线(AAA),远期的到期,2026-02-03,0,2.6323,3,7,7Y
上海清算所城投债收益率曲线(AAA),远期的到期,2026-02-03,0,2.5844,3,6,6Y
上海清算所城投债收益率曲线(AAA),远期的到期,2026-02-03,0,2.5589,3,5,5Y
上海清算所城投债收益率曲线(AAA),远期的到期,2026-02-03,0,2.4667,3,4,4Y
上海清算所城投债收益率曲线(AAA),远期的到期,2026-02-03,0,2.2981,3,3,3Y
上海清算所城投债收益率曲线(AAA),远期的到期,2026-02-03,0,2.135,3,2,2Y
上海清算所城投债收益率曲线(AAA),远期的到期,2026-02-03,0,2.2097,3,1,1Y
上海清算所城投债收益率曲线(AAA),远期的到期,2026-02-03,0,2.6831,4,11,11Y
上海清算所城投债收益率曲线(AAA),远期的到期,2026-02-03,0,2.6821,4,10,10Y
上海清算所城投债收益率曲线(AAA),远期的到期,2026-02-03,0,2.6994,4,9,9Y
上海清算所城投债收益率曲线(AAA),远期的到期,2026-02-03,0,2.6898,4,8,8Y
上海清算所城投债收益率曲线(AAA),远期的到期,2026-02-03,0,2.6819,4,7,7Y
上海清算所城投债收益率曲线(AAA),远期的到期,2026-02-03,0,2.7093,4,6,6Y
上海清算所城投债收益率曲线(AAA),远期的到期,2026-02-03,0,2.6652,4,5,5Y
上海清算所城投债收益率曲线(AAA),远期的到期,2026-02-03,0,2.6518,4,4,4Y
上海清算所城投债收益率曲线(AAA),远期的到期,2026-02-03,0,2.5565,4,3,3Y
上海清算所城投债收益率曲线(AAA),远期的到期,2026-02-03,0,2.3438,4,2,2Y
上海清算所城投债收益率曲线(AAA),远期的到期,2026-02-03,0,2.0588,4,1,1Y
上海清算所城投债收益率曲线(AAA),远期的到期,2026-02-03,0,2.7555,5,10,10Y
上海清算所城投债收益率曲线(AAA),远期的到期,2026-02-03,0,2.7614,5,9,9Y
上海清算所城投债收益率曲线(AAA),远期的到期,2026-02-03,0,2.7899,5,8,8Y
上海清算所城投债收益率曲线(AAA),远期的到期,2026-02-03,0,2.7903,5,7,7Y
上海清算所城投债收益率曲线(AAA),远期的到期,2026-02-03,0,2.7962,5,6,6Y
上海清算所城投债收益率曲线(AAA),远期的到期,2026-02-03,0,2.8507,5,5,5Y
上海清算所城投债收益率曲线(AAA),远期的到期,2026-02-03,0,2.8276,5,4,4Y
上海清算所城投债收益率曲线(AAA),远期的到期,2026-02-03,0,2.8606,5,3,3Y
上海清算所城投债收益率曲线(AAA),远期的到期,2026-02-03,0,2.8157,5,2,2Y
上海清算所城投债收益率曲线(AAA),远期的到期,2026-02-03,0,2.6363,5,1,1Y
上海清算所城投债收益率曲线(AAA),远期的到期,2026-02-03,0,2.7707,6,9,9Y
上海清算所城投债收益率曲线(AAA),远期的到期,2026-02-03,0,2.7791,6,8,8Y
上海清算所城投债收益率曲线(AAA),远期的到期,2026-02-03,0,2.8144,6,7,7Y
上海清算所城投债收益率曲线(AAA),远期的到期,2026-02-03,0,2.8186,6,6,6Y
上海清算所城投债收益率曲线(AAA),远期的到期,2026-02-03,0,2.831,6,5,5Y
上海清算所城投债收益率曲线(AAA),远期的到期,2026-02-03,0,2.9082,6,4,4Y
上海清算所城投债收益率曲线(AAA),远期的到期,2026-02-03,0,2.8951,6,3,3Y
上海清算所城投债收益率曲线(AAA),远期的到期,2026-02-03,0,2.9778,6,2,2Y
上海清算所城投债收益率曲线(AAA),远期的到期,2026-02-03,0,3.0004,6,1,1Y
上海清算所城投债收益率曲线(AAA),远期的到期,2026-02-03,0,2.7383,7,8,8Y
上海清算所城投债收益率曲线(AAA),远期的到期,2026-02-03,0,2.7438,7,7,7Y
上海清算所城投债收益率曲线(AAA),远期的到期,2026-02-03,0,2.7803,7,6,6Y
上海清算所城投债收益率曲线(AAA),远期的到期,2026-02-03,0,2.7792,7,5,5Y
上海清算所城投债收益率曲线(AAA),远期的到期,2026-02-03,0,2.7856,7,4,4Y
上海清算所城投债收益率曲线(AAA),远期的到期,2026-02-03,0,2.8757,7,3,3Y
上海清算所城投债收益率曲线(AAA),远期的到期,2026-02-03,0,2.8402,7,2,2Y
上海清算所城投债收益率曲线(AAA),远期的到期,2026-02-03,0,2.9546,7,1,1Y
上海清算所城投债收益率曲线(AAA),远期的到期,2026-02-03,0,2.7039,8,7,7Y
上海清算所城投债收益率曲线(AAA),远期的到期,2026-02-03,0,2.7053,8,6,6Y
上海清算所城投债收益率曲线(AAA),远期的到期,2026-02-03,0,2.7425,8,5,5Y
上海清算所城投债收益率曲线(AAA),远期的到期,2026-02-03,0,2.7322,8,4,4Y
上海清算所城投债收益率曲线(AAA),远期的到期,2026-02-03,0,2.7261,8,3,3Y
上海清算所城投债收益率曲线(AAA),远期的到期,2026-02-03,0,2.8346,8,2,2Y
上海清算所城投债收益率曲线(AAA),远期的到期,2026-02-03,0,2.7226,8,1,1Y
上海清算所城投债收益率曲线(AAA),远期的到期,2026-02-03,0,2.7004,9,6,6Y
上海清算所城投债收益率曲线(AAA),远期的到期,2026-02-03,0,2.7015,9,5,5Y
上海清算所城投债收益率曲线(AAA),远期的到期,2026-02-03,0,2.7478,9,4,4Y
上海清算所城投债收益率曲线(AAA),远期的到期,2026-02-03,0,2.7356,9,3,3Y
上海清算所城投债收益率曲线(AAA),远期的到期,2026-02-03,0,2.728,9,2,2Y
上海清算所城投债收益率曲线(AAA),远期的到期,2026-02-03,0,2.9499,9,1,1Y
上海清算所城投债收益率曲线(AAA),远期的到期,2026-02-03,0,2.6465,10,5,5Y
上海清算所城投债收益率曲线(AAA),远期的到期,2026-02-03,0,2.6353,10,4,4Y
上海清算所城投债收益率曲线(AAA),远期的到期,2026-02-03,0,2.6769,10,3,3Y
上海清算所城投债收益率曲线(AAA),远期的到期,2026-02-03,0,2.6244,10,2,2Y
上海清算所城投债收益率曲线(AAA),远期的到期,2026-02-03,0,2.5005,10,1,1Y
上海清算所城投债收益率曲线(AAA),远期的到期,2026-02-03,0,2.6856,11,4,4Y
上海清算所城投债收益率曲线(AAA),远期的到期,2026-02-03,0,2.6827,11,3,3Y
上海清算所城投债收益率曲线(AAA),远期的到期,2026-02-03,0,2.7688,11,2,2Y
上海清算所城投债收益率曲线(AAA),远期的到期,2026-02-03,0,2.7516,11,1,1Y
上海清算所城投债收益率曲线(AAA),远期的到期,2026-02-03,0,2.6624,12,3,3Y
上海清算所城投债收益率曲线(AAA),远期的到期,2026-02-03,0,2.6468,12,2,2Y
上海清算所城投债收益率曲线(AAA),远期的到期,2026-02-03,0,2.7864,12,1,1Y
上海清算所城投债收益率曲线(AAA),远期的到期,2026-02-03,0,2.5979,13,2,2Y
上海清算所城投债收益率曲线(AAA),远期的到期,2026-02-03,0,2.5037,13,1,1Y
上海清算所城投债收益率曲线(AAA),远期的到期,2026-02-03,0,2.6947,14,1,1Y
上海清算所城投债收益率曲线(AAA),远期的到期,2026-02-03,0,2.5201,1,14,14Y
上海清算所城投债收益率曲线(AAA),远期的到期,2026-02-03,0,2.509,1,13,13Y
上海清算所城投债收益率曲线(AAA),远期的到期,2026-02-03,0,2.5093,1,12,12Y
上海清算所城投债收益率曲线(AAA),远期的到期,2026-02-03,0,2.488,1,11,11Y
上海清算所城投债收益率曲线(AAA),远期的到期,2026-02-03,0,2.4652,1,10,10Y
上海清算所城投债收益率曲线(AAA),远期的到期,2026-02-03,0,2.4618,1,9,9Y
上海清算所城投债收益率曲线(AAA),远期的到期,2026-02-03,0,2.4079,1,8,8Y
上海清算所城投债收益率曲线(AAA),远期的到期,2026-02-03,0,2.3675,1,7,7Y
上海清算所城投债收益率曲线(AAA),远期的到期,2026-02-03,0,2.2783,1,6,6Y
上海清算所城投债收益率曲线(AAA),远期的到期,2026-02-03,0,2.1444,1,5,5Y
上海清算所城投债收益率曲线(AAA),远期的到期,2026-02-03,0,2.0282,1,4,4Y
上海清算所城投债收益率曲线(AAA),远期的到期,2026-02-03,0,2.0185,1,3,3Y
上海清算所城投债收益率曲线(AAA),远期的到期,2026-02-03,0,1.9258,1,2,2Y
上海清算所城投债收益率曲线(AAA),远期的到期,2026-02-03,0,1.8878,1,1,1Y
上海清算所城投债收益率曲线(AAA),远期的到期,2026-02-04,0,2.6047,2,13,13Y
上海清算所城投债收益率曲线(AAA),远期的到期,2026-02-04,0,2.5916,2,12,12Y
上海清算所城投债收益率曲线(AAA),远期的到期,2026-02-04,0,2.5796,2,11,11Y
上海清算所城投债收益率曲线(AAA),远期的到期,2026-02-04,0,2.5681,2,10,10Y
上海清算所城投债收益率曲线(AAA),远期的到期,2026-02-04,0,2.5544,2,9,9Y
上海清算所城投债收益率曲线(AAA),远期的到期,2026-02-04,0,2.535,2,8,8Y
上海清算所城投债收益率曲线(AAA),远期的到期,2026-02-04,0,2.5049,2,7,7Y
上海清算所城投债收益率曲线(AAA),远期的到期,2026-02-04,0,2.4562,2,6,6Y
上海清算所城投债收益率曲线(AAA),远期的到期,2026-02-04,0,2.3754,2,5,5Y
上海清算所城投债收益率曲线(AAA),远期的到期,2026-02-04,0,2.2593,2,4,4Y
上海清算所城投债收益率曲线(AAA),远期的到期,2026-02-04,0,2.1312,2,3,3Y
上海清算所城投债收益率曲线(AAA),远期的到期,2026-02-04,0,2.042,2,2,2Y
上海清算所城投债收益率曲线(AAA),远期的到期,2026-02-04,0,1.9654,2,1,1Y
上海清算所城投债收益率曲线(AAA),远期的到期,2026-02-04,0,2.6674,3,12,12Y
上海清算所城投债收益率曲线(AAA),远期的到期,2026-02-04,0,2.6578,3,11,11Y
上海清算所城投债收益率曲线(AAA),远期的到期,2026-02-04,0,2.6501,3,10,10Y
上海清算所城投债收益率曲线(AAA),远期的到期,2026-02-04,0,2.6439,3,9,9Y
上海清算所城投债收益率曲线(AAA),远期的到期,2026-02-04,0,2.6367,3,8,8Y
上海清算所城投债收益率曲线(AAA),远期的到期,2026-02-04,0,2.6247,3,7,7Y
上海清算所城投债收益率曲线(AAA),远期的到期,2026-02-04,0,2.6028,3,6,6Y
上海清算所城投债收益率曲线(AAA),远期的到期,2026-02-04,0,2.5616,3,5,5Y
上海清算所城投债收益率曲线(AAA),远期的到期,2026-02-04,0,2.484,3,4,4Y
上海清算所城投债收益率曲线(AAA),远期的到期,2026-02-04,0,2.3617,3,3,3Y
上海清算所城投债收益率曲线(AAA),远期的到期,2026-02-04,0,2.2168,3,2,2Y
上海清算所城投债收益率曲线(AAA),远期的到期,2026-02-04,0,2.1202,3,1,1Y
上海清算所城投债收益率曲线(AAA),远期的到期,2026-02-04,0,2.7256,4,11,11Y
上海清算所城投债收益率曲线(AAA),远期的到期,2026-02-04,0,2.7198,4,10,10Y
上海清算所城投债收益率曲线(AAA),远期的到期,2026-02-04,0,2.7171,4,9,9Y
上海清算所城投债收益率曲线(AAA),远期的到期,2026-02-04,0,2.7175,4,8,8Y
上海清算所城投债收益率曲线(AAA),远期的到期,2026-02-04,0,2.7185,4,7,7Y
上海清算所城投债收益率曲线(AAA),远期的到期,2026-02-04,0,2.7168,4,6,6Y
上海清算所城投债收益率曲线(AAA),远期的到期,2026-02-04,0,2.707,4,5,5Y
上海清算所城投债收益率曲线(AAA),远期的到期,2026-02-04,0,2.6791,4,4,4Y
上海清算所城投债收益率曲线(AAA),远期的到期,2026-02-04,0,2.6114,4,3,3Y
上海清算所城投债收益率曲线(AAA),远期的到期,2026-02-04,0,2.4869,4,2,2Y
上海清算所城投债收益率曲线(AAA),远期的到期,2026-02-04,0,2.3155,4,1,1Y
上海清算所城投债收益率曲线(AAA),远期的到期,2026-02-04,0,2.7731,5,10,10Y
上海清算所城投债收益率曲线(AAA),远期的到期,2026-02-04,0,2.7712,5,9,9Y
上海清算所城投债收益率曲线(AAA),远期的到期,2026-02-04,0,2.7738,5,8,8Y
上海清算所城投债收益率曲线(AAA),远期的到期,2026-02-04,0,2.7815,5,7,7Y
上海清算所城投债收益率曲线(AAA),远期的到期,2026-02-04,0,2.7924,5,6,6Y
上海清算所城投债收益率曲线(AAA),远期的到期,2026-02-04,0,2.8039,5,5,5Y
上海清算所城投债收益率曲线(AAA),远期的到期,2026-02-04,0,2.8118,5,4,4Y
上海清算所城投债收益率曲线(AAA),远期的到期,2026-02-04,0,2.8071,5,3,3Y
上海清算所城投债收益率曲线(AAA),远期的到期,2026-02-04,0,2.7654,5,2,2Y
上海清算所城投债收益率曲线(AAA),远期的到期,2026-02-04,0,2.6628,5,1,1Y
上海清算所城投债收益率曲线(AAA),远期的到期,2026-02-04,0,2.7872,6,9,9Y
上海清算所城投债收益率曲线(AAA),远期的到期,2026-02-04,0,2.7865,6,8,8Y
上海清算所城投债收益率曲线(AAA),远期的到期,2026-02-04,0,2.7915,6,7,7Y
上海清算所城投债收益率曲线(AAA),远期的到期,2026-02-04,0,2.8033,6,6,6Y
上海清算所城投债收益率曲线(AAA),远期的到期,2026-02-04,0,2.8206,6,5,5Y
上海清算所城投债收益率曲线(AAA),远期的到期,2026-02-04,0,2.8417,6,4,4Y
上海清算所城投债收益率曲线(AAA),远期的到期,2026-02-04,0,2.8643,6,3,3Y
上海清算所城投债收益率曲线(AAA),远期的到期,2026-02-04,0,2.8824,6,2,2Y
上海清算所城投债收益率曲线(AAA),远期的到期,2026-02-04,0,2.8708,6,1,1Y
上海清算所城投债收益率曲线(AAA),远期的到期,2026-02-04,0,2.7753,7,8,8Y
上海清算所城投债收益率曲线(AAA),远期的到期,2026-02-04,0,2.7731,7,7,7Y
上海清算所城投债收益率曲线(AAA),远期的到期,2026-02-04,0,2.777,7,6,6Y
上海清算所城投债收益率曲线(AAA),远期的到期,2026-02-04,0,2.7886,7,5,5Y
上海清算所城投债收益率曲线(AAA),远期的到期,2026-02-04,0,2.8072,7,4,4Y
上海清算所城投债收益率曲线(AAA),远期的到期,2026-02-04,0,2.8314,7,3,3Y
上海清算所城投债收益率曲线(AAA),远期的到期,2026-02-04,0,2.8609,7,2,2Y
上海清算所城投债收益率曲线(AAA),远期的到期,2026-02-04,0,2.8943,7,1,1Y
上海清算所城投债收益率曲线(AAA),远期的到期,2026-02-04,0,2.7564,8,7,7Y
上海清算所城投债收益率曲线(AAA),远期的到期,2026-02-04,0,2.7509,8,6,6Y
上海清算所城投债收益率曲线(AAA),远期的到期,2026-02-04,0,2.7515,8,5,5Y
上海清算所城投债收益率曲线(AAA),远期的到期,2026-02-04,0,2.7604,8,4,4Y
上海清算所城投债收益率曲线(AAA),远期的到期,2026-02-04,0,2.7765,8,3,3Y
上海清算所城投债收益率曲线(AAA),远期的到期,2026-02-04,0,2.7986,8,2,2Y
上海清算所城投债收益率曲线(AAA),远期的到期,2026-02-04,0,2.8267,8,1,1Y
上海清算所城投债收益率曲线(AAA),远期的到期,2026-02-04,0,2.7436,9,6,6Y
上海清算所城投债收益率曲线(AAA),远期的到期,2026-02-04,0,2.7345,9,5,5Y
上海清算所城投债收益率曲线(AAA),远期的到期,2026-02-04,0,2.7314,9,4,4Y
上海清算所城投债收益率曲线(AAA),远期的到期,2026-02-04,0,2.737,9,3,3Y
上海清算所城投债收益率曲线(AAA),远期的到期,2026-02-04,0,2.7503,9,2,2Y
上海清算所城投债收益率曲线(AAA),远期的到期,2026-02-04,0,2.7698,9,1,1Y
上海清算所城投债收益率曲线(AAA),远期的到期,2026-02-04,0,2.7379,10,5,5Y
上海清算所城投债收益率曲线(AAA),远期的到期,2026-02-04,0,2.7251,10,4,4Y
上海清算所城投债收益率曲线(AAA),远期的到期,2026-02-04,0,2.7179,10,3,3Y
上海清算所城投债收益率曲线(AAA),远期的到期,2026-02-04,0,2.72,10,2,2Y
上海清算所城投债收益率曲线(AAA),远期的到期,2026-02-04,0,2.7303,10,1,1Y
上海清算所城投债收益率曲线(AAA),远期的到期,2026-02-04,0,2.7399,11,4,4Y
上海清算所城投债收益率曲线(AAA),远期的到期,2026-02-04,0,2.7233,11,3,3Y
上海清算所城投债收益率曲线(AAA),远期的到期,2026-02-04,0,2.7115,11,2,2Y
上海清算所城投债收益率曲线(AAA),远期的到期,2026-02-04,0,2.7094,11,1,1Y
上海清算所城投债收益率曲线(AAA),远期的到期,2026-02-04,0,2.7506,12,3,3Y
上海清算所城投债收益率曲线(AAA),远期的到期,2026-02-04,0,2.7305,12,2,2Y
上海清算所城投债收益率曲线(AAA),远期的到期,2026-02-04,0,2.7137,12,1,1Y
上海清算所城投债收益率曲线(AAA),远期的到期,2026-02-04,0,2.7699,13,2,2Y
上海清算所城投债收益率曲线(AAA),远期的到期,2026-02-04,0,2.7477,13,1,1Y
上海清算所城投债收益率曲线(AAA),远期的到期,2026-02-04,0,2.7927,14,1,1Y
上海清算所城投债收益率曲线(AAA),远期的到期,2026-02-04,0,2.5439,1,14,14Y
上海清算所城投债收益率曲线(AAA),远期的到期,2026-02-04,0,2.5281,1,13,13Y
上海清算所城投债收益率曲线(AAA),远期的到期,2026-02-04,0,2.5128,1,12,12Y
上海清算所城投债收益率曲线(AAA),远期的到期,2026-02-04,0,2.4973,1,11,11Y
上海清算所城投债收益率曲线(AAA),远期的到期,2026-02-04,0,2.479,1,10,10Y
上海清算所城投债收益率曲线(AAA),远期的到期,2026-02-04,0,2.4546,1,9,9Y
上海清算所城投债收益率曲线(AAA),远期的到期,2026-02-04,0,2.4198,1,8,8Y
上海清算所城投债收益率曲线(AAA),远期的到期,2026-02-04,0,2.3675,1,7,7Y
上海清算所城投债收益率曲线(AAA),远期的到期,2026-02-04,0,2.2875,1,6,6Y
上海清算所城投债收益率曲线(AAA),远期的到期,2026-02-04,0,2.1793,1,5,5Y
上海清算所城投债收益率曲线(AAA),远期的到期,2026-02-04,0,2.0654,1,4,4Y
上海清算所城投债收益率曲线(AAA),远期的到期,2026-02-04,0,1.9855,1,3,3Y
上海清算所城投债收益率曲线(AAA),远期的到期,2026-02-04,0,1.9202,1,2,2Y
上海清算所城投债收益率曲线(AAA),远期的到期,2026-02-04,0,1.8759,1,1,1Y
上海清算所城投债收益率曲线(AAA),远期的到期,2026-02-05,0,2.564,2,13,13Y
上海清算所城投债收益率曲线(AAA),远期的到期,2026-02-05,0,2.5689,2,12,12Y
上海清算所城投债收益率曲线(AAA),远期的到期,2026-02-05,0,2.5747,2,11,11Y
上海清算所城投债收益率曲线(AAA),远期的到期,2026-02-05,0,2.5809,2,10,10Y
上海清算所城投债收益率曲线(AAA),远期的到期,2026-02-05,0,2.5824,2,9,9Y
上海清算所城投债收益率曲线(AAA),远期的到期,2026-02-05,0,2.5741,2,8,8Y
上海清算所城投债收益率曲线(AAA),远期的到期,2026-02-05,0,2.5166,2,7,7Y
上海清算所城投债收益率曲线(AAA),远期的到期,2026-02-05,0,2.4593,2,6,6Y
上海清算所城投债收益率曲线(AAA),远期的到期,2026-02-05,0,2.3906,2,5,5Y
上海清算所城投债收益率曲线(AAA),远期的到期,2026-02-05,0,2.2675,2,4,4Y
上海清算所城投债收益率曲线(AAA),远期的到期,2026-02-05,0,2.1572,2,3,3Y
上海清算所城投债收益率曲线(AAA),远期的到期,2026-02-05,0,2.1126,2,2,2Y
上海清算所城投债收益率曲线(AAA),远期的到期,2026-02-05,0,2.0005,2,1,1Y
上海清算所城投债收益率曲线(AAA),远期的到期,2026-02-05,0,2.6193,3,12,12Y
上海清算所城投债收益率曲线(AAA),远期的到期,2026-02-05,0,2.629,3,11,11Y
上海清算所城投债收益率曲线(AAA),远期的到期,2026-02-05,0,2.6406,3,10,10Y
上海清算所城投债收益率曲线(AAA),远期的到期,2026-02-05,0,2.654,3,9,9Y
上海清算所城投债收益率曲线(AAA),远期的到期,2026-02-05,0,2.6638,3,8,8Y
上海清算所城投债收益率曲线(AAA),远期的到期,2026-02-05,0,2.6646,3,7,7Y
上海清算所城投债收益率曲线(AAA),远期的到期,2026-02-05,0,2.6102,3,6,6Y
上海清算所城投债收益率曲线(AAA),远期的到期,2026-02-05,0,2.5578,3,5,5Y
上海清算所城投债收益率曲线(AAA),远期的到期,2026-02-05,0,2.494,3,4,4Y
上海清算所城投债收益率曲线(AAA),远期的到期,2026-02-05,0,2.3607,3,3,3Y
上海清算所城投债收益率曲线(AAA),远期的到期,2026-02-05,0,2.2382,3,2,2Y
上海清算所城投债收益率曲线(AAA),远期的到期,2026-02-05,0,2.2272,3,1,1Y
上海清算所城投债收益率曲线(AAA),远期的到期,2026-02-05,0,2.6609,4,11,11Y
上海清算所城投债收益率曲线(AAA),远期的到期,2026-02-05,0,2.6754,4,10,10Y
上海清算所城投债收益率曲线(AAA),远期的到期,2026-02-05,0,2.6929,4,9,9Y
上海清算所城投债收益率曲线(AAA),远期的到期,2026-02-05,0,2.714,4,8,8Y
上海清算所城投债收益率曲线(AAA),远期的到期,2026-02-05,0,2.733,4,7,7Y
上海清算所城投债收益率曲线(AAA),远期的到期,2026-02-05,0,2.7443,4,6,6Y
上海清算所城投债收益率曲线(AAA),远期的到期,2026-02-05,0,2.6929,4,5,5Y
上海清算所城投债收益率曲线(AAA),远期的到期,2026-02-05,0,2.6458,4,4,4Y
上海清算所城投债收益率曲线(AAA),远期的到期,2026-02-05,0,2.5873,4,3,3Y
上海清算所城投债收益率曲线(AAA),远期的到期,2026-02-05,0,2.4298,4,2,2Y
上海清算所城投债收益率曲线(AAA),远期的到期,2026-02-05,0,2.2494,4,1,1Y
上海清算所城投债收益率曲线(AAA),远期的到期,2026-02-05,0,2.7086,5,10,10Y
上海清算所城投债收益率曲线(AAA),远期的到期,2026-02-05,0,2.7295,5,9,9Y
上海清算所城投债收益率曲线(AAA),远期的到期,2026-02-05,0,2.7555,5,8,8Y
上海清算所城投债收益率曲线(AAA),远期的到期,2026-02-05,0,2.788,5,7,7Y
上海清算所城投债收益率曲线(AAA),远期的到期,2026-02-05,0,2.8217,5,6,6Y
上海清算所城投债收益率曲线(AAA),远期的到期,2026-02-05,0,2.8518,5,5,5Y
上海清算所城投债收益率曲线(AAA),远期的到期,2026-02-05,0,2.8116,5,4,4Y
上海清算所城投债收益率曲线(AAA),远期的到期,2026-02-05,0,2.7853,5,3,3Y
上海清算所城投债收益率曲线(AAA),远期的到期,2026-02-05,0,2.7632,5,2,2Y
上海清算所城投债收益率曲线(AAA),远期的到期,2026-02-05,0,2.6149,5,1,1Y
上海清算所城投债收益率曲线(AAA),远期的到期,2026-02-05,0,2.7205,6,9,9Y
上海清算所城投债收益率曲线(AAA),远期的到期,2026-02-05,0,2.7457,6,8,8Y
上海清算所城投债收益率曲线(AAA),远期的到期,2026-02-05,0,2.778,6,7,7Y
上海清算所城投债收益率曲线(AAA),远期的到期,2026-02-05,0,2.8198,6,6,6Y
上海清算所城投债收益率曲线(AAA),远期的到期,2026-02-05,0,2.8667,6,5,5Y
上海清算所城投债收益率曲线(AAA),远期的到期,2026-02-05,0,2.9154,6,4,4Y
上海清算所城投债收益率曲线(AAA),远期的到期,2026-02-05,0,2.8809,6,3,3Y
上海清算所城投债收益率曲线(AAA),远期的到期,2026-02-05,0,2.8742,6,2,2Y
上海清算所城投债收益率曲线(AAA),远期的到期,2026-02-05,0,2.9158,6,1,1Y
上海清算所城投债收益率曲线(AAA),远期的到期,2026-02-05,0,2.693,7,8,8Y
上海清算所城投债收益率曲线(AAA),远期的到期,2026-02-05,0,2.7186,7,7,7Y
上海清算所城投债收益率曲线(AAA),远期的到期,2026-02-05,0,2.7527,7,6,6Y
上海清算所城投债收益率曲线(AAA),远期的到期,2026-02-05,0,2.799,7,5,5Y
上海清算所城投债收益率曲线(AAA),远期的到期,2026-02-05,0,2.8535,7,4,4Y
上海清算所城投债收益率曲线(AAA),远期的到期,2026-02-05,0,2.9152,7,3,3Y
上海清算所城投债收益率曲线(AAA),远期的到期,2026-02-05,0,2.8628,7,2,2Y
上海清算所城投债收益率曲线(AAA),远期的到期,2026-02-05,0,2.8314,7,1,1Y
上海清算所城投债收益率曲线(AAA),远期的到期,2026-02-05,0,2.671,8,7,7Y
上海清算所城投债收益率曲线(AAA),远期的到期,2026-02-05,0,2.698,8,6,6Y
上海清算所城投债收益率曲线(AAA),远期的到期,2026-02-05,0,2.7356,8,5,5Y
上海清算所城投债收益率曲线(AAA),远期的到期,2026-02-05,0,2.7903,8,4,4Y
上海清算所城投债收益率曲线(AAA),远期的到期,2026-02-05,0,2.8614,8,3,3Y
上海清算所城投债收益率曲线(AAA),远期的到期,2026-02-05,0,2.959,8,2,2Y
上海清算所城投债收益率曲线(AAA),远期的到期,2026-02-05,0,2.895,8,1,1Y
上海清算所城投债收益率曲线(AAA),远期的到期,2026-02-05,0,2.63,9,6,6Y
上海清算所城投债收益率曲线(AAA),远期的到期,2026-02-05,0,2.6553,9,5,5Y
上海清算所城投债收益率曲线(AAA),远期的到期,2026-02-05,0,2.693,9,4,4Y
上海清算所城投债收益率曲线(AAA),远期的到期,2026-02-05,0,2.7534,9,3,3Y
上海清算所城投债收益率曲线(AAA),远期的到期,2026-02-05,0,2.8438,9,2,2Y
上海清算所城投债收益率曲线(AAA),远期的到期,2026-02-05,0,3.0249,9,1,1Y
上海清算所城投债收益率曲线(AAA),远期的到期,2026-02-05,0,2.5448,10,5,5Y
上海清算所城投债收益率曲线(AAA),远期的到期,2026-02-05,0,2.5568,10,4,4Y
上海清算所城投债收益率曲线(AAA),远期的到期,2026-02-05,0,2.5765,10,3,3Y
上海清算所城投债收益率曲线(AAA),远期的到期,2026-02-05,0,2.6122,10,2,2Y
上海清算所城投债收益率曲线(AAA),远期的到期,2026-02-05,0,2.6579,10,1,1Y
上海清算所城投债收益率曲线(AAA),远期的到期,2026-02-05,0,2.5147,11,4,4Y
上海清算所城投债收益率曲线(AAA),远期的到期,2026-02-05,0,2.5214,11,3,3Y
上海清算所城投债收益率曲线(AAA),远期的到期,2026-02-05,0,2.5343,11,2,2Y
上海清算所城投债收益率曲线(AAA),远期的到期,2026-02-05,0,2.5654,11,1,1Y
上海清算所城投债收益率曲线(AAA),远期的到期,2026-02-05,0,2.497,12,3,3Y
上海清算所城投债收益率曲线(AAA),远期的到期,2026-02-05,0,2.4985,12,2,2Y
上海清算所城投债收益率曲线(AAA),远期的到期,2026-02-05,0,2.5023,12,1,1Y
上海清算所城投债收益率曲线(AAA),远期的到期,2026-02-05,0,2.4943,13,2,2Y
上海清算所城投债收益率曲线(AAA),远期的到期,2026-02-05,0,2.4947,13,1,1Y
上海清算所城投债收益率曲线(AAA),远期的到期,2026-02-05,0,2.4938,14,1,1Y
上海清算所城投债收益率曲线(AAA),远期的到期,2026-02-05,0,2.5064,1,14,14Y
上海清算所城投债收益率曲线(AAA),远期的到期,2026-02-05,0,2.5073,1,13,13Y
上海清算所城投债收益率曲线(AAA),远期的到期,2026-02-05,0,2.5081,1,12,12Y
上海清算所城投债收益率曲线(AAA),远期的到期,2026-02-05,0,2.5086,1,11,11Y
上海清算所城投债收益率曲线(AAA),远期的到期,2026-02-05,0,2.5037,1,10,10Y
上海清算所城投债收益率曲线(AAA),远期的到期,2026-02-05,0,2.4888,1,9,9Y
上海清算所城投债收益率曲线(AAA),远期的到期,2026-02-05,0,2.4296,1,8,8Y
上海清算所城投债收益率曲线(AAA),远期的到期,2026-02-05,0,2.3699,1,7,7Y
上海清算所城投债收益率曲线(AAA),远期的到期,2026-02-05,0,2.2997,1,6,6Y
上海清算所城投债收益率曲线(AAA),远期的到期,2026-02-05,0,2.1855,1,5,5Y
上海清算所城投债收益率曲线(AAA),远期的到期,2026-02-05,0,2.0843,1,4,4Y
上海清算所城投债收益率曲线(AAA),远期的到期,2026-02-05,0,2.0316,1,3,3Y
上海清算所城投债收益率曲线(AAA),远期的到期,2026-02-05,0,1.9369,1,2,2Y
上海清算所城投债收益率曲线(AAA),远期的到期,2026-02-05,0,1.8745,1,1,1Y
上海清算所城投债收益率曲线(AAA),远期的到期,2026-02-06,0,2.5691,2,13,13Y
上海清算所城投债收益率曲线(AAA),远期的到期,2026-02-06,0,2.5731,2,12,12Y
上海清算所城投债收益率曲线(AAA),远期的到期,2026-02-06,0,2.5799,2,11,11Y
上海清算所城投债收益率曲线(AAA),远期的到期,2026-02-06,0,2.5836,2,10,10Y
上海清算所城投债收益率曲线(AAA),远期的到期,2026-02-06,0,2.5696,2,9,9Y
上海清算所城投债收益率曲线(AAA),远期的到期,2026-02-06,0,2.5836,2,8,8Y
上海清算所城投债收益率曲线(AAA),远期的到期,2026-02-06,0,2.5233,2,7,7Y
上海清算所城投债收益率曲线(AAA),远期的到期,2026-02-06,0,2.4634,2,6,6Y
上海清算所城投债收益率曲线(AAA),远期的到期,2026-02-06,0,2.3934,2,5,5Y
上海清算所城投债收益率曲线(AAA),远期的到期,2026-02-06,0,2.2332,2,4,4Y
上海清算所城投债收益率曲线(AAA),远期的到期,2026-02-06,0,2.1168,2,3,3Y
上海清算所城投债收益率曲线(AAA),远期的到期,2026-02-06,0,2.1366,2,2,2Y
上海清算所城投债收益率曲线(AAA),远期的到期,2026-02-06,0,2.0072,2,1,1Y
上海清算所城投债收益率曲线(AAA),远期的到期,2026-02-06,0,2.6242,3,12,12Y
上海清算所城投债收益率曲线(AAA),远期的到期,2026-02-06,0,2.633,3,11,11Y
上海清算所城投债收益率曲线(AAA),远期的到期,2026-02-06,0,2.6456,3,10,10Y
上海清算所城投债收益率曲线(AAA),远期的到期,2026-02-06,0,2.6562,3,9,9Y
上海清算所城投债收益率曲线(AAA),远期的到期,2026-02-06,0,2.6482,3,8,8Y
上海清算所城投债收益率曲线(AAA),远期的到期,2026-02-06,0,2.6744,3,7,7Y
上海清算所城投债收益率曲线(AAA),远期的到期,2026-02-06,0,2.6169,3,6,6Y
上海清算所城投债收益率曲线(AAA),远期的到期,2026-02-06,0,2.5614,3,5,5Y
上海清算所城投债收益率曲线(AAA),远期的到期,2026-02-06,0,2.4957,3,4,4Y
上海清算所城投债收益率曲线(AAA),远期的到期,2026-02-06,0,2.312,3,3,3Y
上海清算所城投债收益率曲线(AAA),远期的到期,2026-02-06,0,2.1735,3,2,2Y
上海清算所城投债收益率曲线(AAA),远期的到期,2026-02-06,0,2.2691,3,1,1Y
上海清算所城投债收益率曲线(AAA),远期的到期,2026-02-06,0,2.6619,4,11,11Y
上海清算所城投债收益率曲线(AAA),远期的到期,2026-02-06,0,2.6749,4,10,10Y
上海清算所城投债收益率曲线(AAA),远期的到期,2026-02-06,0,2.6932,4,9,9Y
上海清算所城投债收益率曲线(AAA),远期的到期,2026-02-06,0,2.7105,4,8,8Y
上海清算所城投债收益率曲线(AAA),远期的到期,2026-02-06,0,2.7082,4,7,7Y
上海清算所城投债收益率曲线(AAA),远期的到期,2026-02-06,0,2.7483,4,6,6Y
上海清算所城投债收益率曲线(AAA),远期的到期,2026-02-06,0,2.6919,4,5,5Y
上海清算所城投债收益率曲线(AAA),远期的到期,2026-02-06,0,2.6392,4,4,4Y
上海清算所城投债收益率曲线(AAA),远期的到期,2026-02-06,0,2.575,4,3,3Y
上海清算所城投债收益率曲线(AAA),远期的到期,2026-02-06,0,2.3342,4,2,2Y
上海清算所城投债收益率曲线(AAA),远期的到期,2026-02-06,0,2.0759,4,1,1Y
上海清算所城投债收益率曲线(AAA),远期的到期,2026-02-06,0,2.7298,5,10,10Y
上海清算所城投债收益率曲线(AAA),远期的到期,2026-02-06,0,2.7511,5,9,9Y
上海清算所城投债收益率曲线(AAA),远期的到期,2026-02-06,0,2.7805,5,8,8Y
上海清算所城投债收益率曲线(AAA),远期的到期,2026-02-06,0,2.8117,5,7,7Y
上海清算所城投债收益率曲线(AAA),远期的到期,2026-02-06,0,2.8244,5,6,6Y
上海清算所城投债收益率曲线(AAA),远期的到期,2026-02-06,0,2.8945,5,5,5Y
上海清算所城投债收益率曲线(AAA),远期的到期,2026-02-06,0,2.857,5,4,4Y
上海清算所城投债收益率曲线(AAA),远期的到期,2026-02-06,0,2.8375,5,3,3Y
上海清算所城投债收益率曲线(AAA),远期的到期,2026-02-06,0,2.8349,5,2,2Y
上海清算所城投债收益率曲线(AAA),远期的到期,2026-02-06,0,2.5992,5,1,1Y
上海清算所城投债收益率曲线(AAA),远期的到期,2026-02-06,0,2.7465,6,9,9Y
上海清算所城投债收益率曲线(AAA),远期的到期,2026-02-06,0,2.7727,6,8,8Y
上海清算所城投债收益率曲线(AAA),远期的到期,2026-02-06,0,2.8095,6,7,7Y
上海清算所城投债收益率曲线(AAA),远期的到期,2026-02-06,0,2.8508,6,6,6Y
上海清算所城投债收益率曲线(AAA),远期的到期,2026-02-06,0,2.8734,6,5,5Y
上海清算所城投债收益率曲线(AAA),远期的到期,2026-02-06,0,2.9739,6,4,4Y
上海清算所城投债收益率曲线(AAA),远期的到期,2026-02-06,0,2.9481,6,3,3Y
上海清算所城投债收益率曲线(AAA),远期的到期,2026-02-06,0,2.9621,6,2,2Y
上海清算所城投债收益率曲线(AAA),远期的到期,2026-02-06,0,3.0778,6,1,1Y
上海清算所城投债收益率曲线(AAA),远期的到期,2026-02-06,0,2.6997,7,8,8Y
上海清算所城投债收益率曲线(AAA),远期的到期,2026-02-06,0,2.724,7,7,7Y
上海清算所城投债收益率曲线(AAA),远期的到期,2026-02-06,0,2.7602,7,6,6Y
上海清算所城投债收益率曲线(AAA),远期的到期,2026-02-06,0,2.8015,7,5,5Y
上海清算所城投债收益率曲线(AAA),远期的到期,2026-02-06,0,2.8186,7,4,4Y
上海清算所城投债收益率曲线(AAA),远期的到期,2026-02-06,0,2.9372,7,3,3Y
上海清算所城投债收益率曲线(AAA),远期的到期,2026-02-06,0,2.8804,7,2,2Y
上海清算所城投债收益率曲线(AAA),远期的到期,2026-02-06,0,2.843,7,1,1Y
上海清算所城投债收益率曲线(AAA),远期的到期,2026-02-06,0,2.6769,8,7,7Y
上海清算所城投债收益率曲线(AAA),远期的到期,2026-02-06,0,2.7022,8,6,6Y
上海清算所城投债收益率曲线(AAA),远期的到期,2026-02-06,0,2.7423,8,5,5Y
上海清算所城投债收益率曲线(AAA),远期的到期,2026-02-06,0,2.7904,8,4,4Y
上海清算所城投债收益率曲线(AAA),远期的到期,2026-02-06,0,2.81,8,3,3Y
上海清算所城投债收益率曲线(AAA),远期的到期,2026-02-06,0,2.9864,8,2,2Y
上海清算所城投债收益率曲线(AAA),远期的到期,2026-02-06,0,2.9188,8,1,1Y
上海清算所城投债收益率曲线(AAA),远期的到期,2026-02-06,0,2.6327,9,6,6Y
上海清算所城投债收益率曲线(AAA),远期的到期,2026-02-06,0,2.6553,9,5,5Y
上海清算所城投债收益率曲线(AAA),远期的到期,2026-02-06,0,2.695,9,4,4Y
上海清算所城投债收益率曲线(AAA),远期的到期,2026-02-06,0,2.7451,9,3,3Y
上海清算所城投债收益率曲线(AAA),远期的到期,2026-02-06,0,2.7533,9,2,2Y
上海清算所城投债收益率曲线(AAA),远期的到期,2026-02-06,0,3.0562,9,1,1Y
上海清算所城投债收益率曲线(AAA),远期的到期,2026-02-06,0,2.5415,10,5,5Y
上海清算所城投债收益率曲线(AAA),远期的到期,2026-02-06,0,2.5487,10,4,4Y
上海清算所城投债收益率曲线(AAA),远期的到期,2026-02-06,0,2.5685,10,3,3Y
上海清算所城投债收益率曲线(AAA),远期的到期,2026-02-06,0,2.5837,10,2,2Y
上海清算所城投债收益率曲线(AAA),远期的到期,2026-02-06,0,2.443,10,1,1Y
上海清算所城投债收益率曲线(AAA),远期的到期,2026-02-06,0,2.5677,11,4,4Y
上海清算所城投债收益率曲线(AAA),远期的到期,2026-02-06,0,2.5857,11,3,3Y
上海清算所城投债收益率曲线(AAA),远期的到期,2026-02-06,0,2.6337,11,2,2Y
上海清算所城投债收益率曲线(AAA),远期的到期,2026-02-06,0,2.7282,11,1,1Y
上海清算所城投债收益率曲线(AAA),远期的到期,2026-02-06,0,2.5115,12,3,3Y
上海清算所城投债收益率曲线(AAA),远期的到期,2026-02-06,0,2.5118,12,2,2Y
上海清算所城投债收益率曲线(AAA),远期的到期,2026-02-06,0,2.5369,12,1,1Y
上海清算所城投债收益率曲线(AAA),远期的到期,2026-02-06,0,2.4983,13,2,2Y
上海清算所城投债收益率曲线(AAA),远期的到期,2026-02-06,0,2.4861,13,1,1Y
上海清算所城投债收益率曲线(AAA),远期的到期,2026-02-06,0,2.5107,14,1,1Y
上海清算所城投债收益率曲线(AAA),远期的到期,2026-02-06,0,2.5094,1,14,14Y
上海清算所城投债收益率曲线(AAA),远期的到期,2026-02-06,0,2.5094,1,13,13Y
上海清算所城投债收益率曲线(AAA),远期的到期,2026-02-06,0,2.511,1,12,12Y
上海清算所城投债收益率曲线(AAA),远期的到期,2026-02-06,0,2.509,1,11,11Y
上海清算所城投债收益率曲线(AAA),远期的到期,2026-02-06,0,2.4901,1,10,10Y
上海清算所城投债收益率曲线(AAA),远期的到期,2026-02-06,0,2.4947,1,9,9Y
上海清算所城投债收益率曲线(AAA),远期的到期,2026-02-06,0,2.4328,1,8,8Y
上海清算所城投债收益率曲线(AAA),远期的到期,2026-02-06,0,2.3705,1,7,7Y
上海清算所城投债收益率曲线(AAA),远期的到期,2026-02-06,0,2.2987,1,6,6Y
上海清算所城投债收益率曲线(AAA),远期的到期,2026-02-06,0,2.1543,1,5,5Y
上海清算所城投债收益率曲线(AAA),远期的到期,2026-02-06,0,2.0494,1,4,4Y
上海清算所城投债收益率曲线(AAA),远期的到期,2026-02-06,0,2.0409,1,3,3Y
上海清算所城投债收益率曲线(AAA),远期的到期,2026-02-06,0,1.9304,1,2,2Y
上海清算所城投债收益率曲线(AAA),远期的到期,2026-02-06,0,1.8551,1,1,1Y
上海清算所城投债收益率曲线(AAA),远期的到期,2026-02-09,0,2.5662,2,13,13Y
上海清算所城投债收益率曲线(AAA),远期的到期,2026-02-09,0,2.5672,2,12,12Y
上海清算所城投债收益率曲线(AAA),远期的到期,2026-02-09,0,2.5685,2,11,11Y
上海清算所城投债收益率曲线(AAA),远期的到期,2026-02-09,0,2.5694,2,10,10Y
上海清算所城投债收益率曲线(AAA),远期的到期,2026-02-09,0,2.5693,2,9,9Y
上海清算所城投债收益率曲线(AAA),远期的到期,2026-02-09,0,2.5676,2,8,8Y
上海清算所城投债收益率曲线(AAA),远期的到期,2026-02-09,0,2.5037,2,7,7Y
上海清算所城投债收益率曲线(AAA),远期的到期,2026-02-09,0,2.4513,2,6,6Y
上海清算所城投债收益率曲线(AAA),远期的到期,2026-02-09,0,2.3872,2,5,5Y
上海清算所城投债收益率曲线(AAA),远期的到期,2026-02-09,0,2.1934,2,4,4Y
上海清算所城投债收益率曲线(AAA),远期的到期,2026-02-09,0,2.1014,2,3,3Y
上海清算所城投债收益率曲线(AAA),远期的到期,2026-02-09,0,2.0706,2,2,2Y
上海清算所城投债收益率曲线(AAA),远期的到期,2026-02-09,0,1.9548,2,1,1Y
上海清算所城投债收益率曲线(AAA),远期的到期,2026-02-09,0,2.6262,3,12,12Y
上海清算所城投债收益率曲线(AAA),远期的到期,2026-02-09,0,2.6319,3,11,11Y
上海清算所城投债收益率曲线(AAA),远期的到期,2026-02-09,0,2.6389,3,10,10Y
上海清算所城投债收益率曲线(AAA),远期的到期,2026-02-09,0,2.6468,3,9,9Y
上海清算所城投债收益率曲线(AAA),远期的到期,2026-02-09,0,2.6551,3,8,8Y
上海清算所城投债收益率曲线(AAA),远期的到期,2026-02-09,0,2.6642,3,7,7Y
上海清算所城投债收益率曲线(AAA),远期的到期,2026-02-09,0,2.6032,3,6,6Y
上海清算所城投债收益率曲线(AAA),远期的到期,2026-02-09,0,2.558,3,5,5Y
上海清算所城投债收益率曲线(AAA),远期的到期,2026-02-09,0,2.5017,3,4,4Y
上海清算所城投债收益率曲线(AAA),远期的到期,2026-02-09,0,2.2766,3,3,3Y
上海清算所城投债收益率曲线(AAA),远期的到期,2026-02-09,0,2.1771,3,2,2Y
上海清算所城投债收益率曲线(AAA),远期的到期,2026-02-09,0,2.189,3,1,1Y
上海清算所城投债收益率曲线(AAA),远期的到期,2026-02-09,0,2.6726,4,11,11Y
上海清算所城投债收益率曲线(AAA),远期的到期,2026-02-09,0,2.683,4,10,10Y
上海清算所城投债收益率曲线(AAA),远期的到期,2026-02-09,0,2.6959,4,9,9Y
上海清算所城投债收益率曲线(AAA),远期的到期,2026-02-09,0,2.7111,4,8,8Y
上海清算所城投债收益率曲线(AAA),远期的到期,2026-02-09,0,2.729,4,7,7Y
上海清算所城投债收益率曲线(AAA),远期的到期,2026-02-09,0,2.7509,4,6,6Y
上海清算所城投债收益率曲线(AAA),远期的到期,2026-02-09,0,2.6926,4,5,5Y
上海清算所城投债收益率曲线(AAA),远期的到期,2026-02-09,0,2.6561,4,4,4Y
上海清算所城投债收益率曲线(AAA),远期的到期,2026-02-09,0,2.6111,4,3,3Y
上海清算所城投债收益率曲线(AAA),远期的到期,2026-02-09,0,2.3218,4,2,2Y
上海清算所城投债收益率曲线(AAA),远期的到期,2026-02-09,0,2.1651,4,1,1Y
上海清算所城投债收益率曲线(AAA),远期的到期,2026-02-09,0,2.7314,5,10,10Y
上海清算所城投债收益率曲线(AAA),远期的到期,2026-02-09,0,2.7489,5,9,9Y
上海清算所城投债收益率曲线(AAA),远期的到期,2026-02-09,0,2.7709,5,8,8Y
上海清算所城投债收益率曲线(AAA),远期的到期,2026-02-09,0,2.7981,5,7,7Y
上海清算所城投债收益率曲线(AAA),远期的到期,2026-02-09,0,2.8325,5,6,6Y
上海清算所城投债收益率曲线(AAA),远期的到期,2026-02-09,0,2.8781,5,5,5Y
上海清算所城投债收益率曲线(AAA),远期的到期,2026-02-09,0,2.8338,5,4,4Y
上海清算所城投债收益率曲线(AAA),远期的到期,2026-02-09,0,2.829,5,3,3Y
上海清算所城投债收益率曲线(AAA),远期的到期,2026-02-09,0,2.8433,5,2,2Y
上海清算所城投债收益率曲线(AAA),远期的到期,2026-02-09,0,2.4825,5,1,1Y
上海清算所城投债收益率曲线(AAA),远期的到期,2026-02-09,0,2.7632,6,9,9Y
上海清算所城投债收益率曲线(AAA),远期的到期,2026-02-09,0,2.7866,6,8,8Y
上海清算所城投债收益率曲线(AAA),远期的到期,2026-02-09,0,2.817,6,7,7Y
上海清算所城投债收益率曲线(AAA),远期的到期,2026-02-09,0,2.8563,6,6,6Y
上海清算所城投债收益率曲线(AAA),远期的到期,2026-02-09,0,2.9089,6,5,5Y
上海清算所城投债收益率曲线(AAA),远期的到期,2026-02-09,0,2.9846,6,4,4Y
上海清算所城投债收益率曲线(AAA),远期的到期,2026-02-09,0,2.958,6,3,3Y
上海清算所城投债收益率曲线(AAA),远期的到期,2026-02-09,0,3.0102,6,2,2Y
上海清算所城投债收益率曲线(AAA),远期的到期,2026-02-09,0,3.2157,6,1,1Y
上海清算所城投债收益率曲线(AAA),远期的到期,2026-02-09,0,2.6994,7,8,8Y
上海清算所城投债收益率曲线(AAA),远期的到期,2026-02-09,0,2.7183,7,7,7Y
上海清算所城投债收益率曲线(AAA),远期的到期,2026-02-09,0,2.7439,7,6,6Y
上海清算所城投债收益率曲线(AAA),远期的到期,2026-02-09,0,2.7782,7,5,5Y
上海清算所城投债收益率曲线(AAA),远期的到期,2026-02-09,0,2.8267,7,4,4Y
上海清算所城投债收益率曲线(AAA),远期的到期,2026-02-09,0,2.9031,7,3,3Y
上海清算所城投债收益率曲线(AAA),远期的到期,2026-02-09,0,2.8237,7,2,2Y
上海清算所城投债收益率曲线(AAA),远期的到期,2026-02-09,0,2.799,7,1,1Y
上海清算所城投债收益率曲线(AAA),远期的到期,2026-02-09,0,2.6836,8,7,7Y
上海清算所城投债收益率曲线(AAA),远期的到期,2026-02-09,0,2.7036,8,6,6Y
上海清算所城投债收益率曲线(AAA),远期的到期,2026-02-09,0,2.7319,8,5,5Y
上海清算所城投债收益率曲线(AAA),远期的到期,2026-02-09,0,2.7726,8,4,4Y
上海清算所城投债收益率曲线(AAA),远期的到期,2026-02-09,0,2.8364,8,3,3Y
上海清算所城投债收益率曲线(AAA),远期的到期,2026-02-09,0,2.9574,8,2,2Y
上海清算所城投债收益率曲线(AAA),远期的到期,2026-02-09,0,2.8492,8,1,1Y
上海清算所城投债收益率曲线(AAA),远期的到期,2026-02-09,0,2.6533,9,6,6Y
上海清算所城投债收益率曲线(AAA),远期的到期,2026-02-09,0,2.672,9,5,5Y
上海清算所城投债收益率曲线(AAA),远期的到期,2026-02-09,0,2.7005,9,4,4Y
上海清算所城投债收益率曲线(AAA),远期的到期,2026-02-09,0,2.7456,9,3,3Y
上海清算所城投债收益率曲线(AAA),远期的到期,2026-02-09,0,2.8297,9,2,2Y
上海清算所城投债收益率曲线(AAA),远期的到期,2026-02-09,0,3.069,9,1,1Y
上海清算所城投债收益率曲线(AAA),远期的到期,2026-02-09,0,2.5636,10,5,5Y
上海清算所城投债收益率曲线(AAA),远期的到期,2026-02-09,0,2.5663,10,4,4Y
上海清算所城投债收益率曲线(AAA),远期的到期,2026-02-09,0,2.5713,10,3,3Y
上海清算所城投债收益率曲线(AAA),远期的到期,2026-02-09,0,2.5776,10,2,2Y
上海清算所城投债收益率曲线(AAA),远期的到期,2026-02-09,0,2.5843,10,1,1Y
上海清算所城投债收益率曲线(AAA),远期的到期,2026-02-09,0,2.5581,11,4,4Y
上海清算所城投债收益率曲线(AAA),远期的到期,2026-02-09,0,2.56,11,3,3Y
上海清算所城投债收益率曲线(AAA),远期的到期,2026-02-09,0,2.5646,11,2,2Y
上海清算所城投债收益率曲线(AAA),远期的到期,2026-02-09,0,2.5708,11,1,1Y
上海清算所城投债收益率曲线(AAA),远期的到期,2026-02-09,0,2.5537,12,3,3Y
上海清算所城投债收益率曲线(AAA),远期的到期,2026-02-09,0,2.5544,12,2,2Y
上海清算所城投债收益率曲线(AAA),远期的到期,2026-02-09,0,2.5582,12,1,1Y
上海清算所城投债收益率曲线(AAA),远期的到期,2026-02-09,0,2.5513,13,2,2Y
上海清算所城投债收益率曲线(AAA),远期的到期,2026-02-09,0,2.5505,13,1,1Y
上海清算所城投债收益率曲线(AAA),远期的到期,2026-02-09,0,2.5522,14,1,1Y
上海清算所城投债收益率曲线(AAA),远期的到期,2026-02-09,0,2.5083,1,14,14Y
上海清算所城投债收益率曲线(AAA),远期的到期,2026-02-09,0,2.5055,1,13,13Y
上海清算所城投债收益率曲线(AAA),远期的到期,2026-02-09,0,2.5023,1,12,12Y
上海清算所城投债收益率曲线(AAA),远期的到期,2026-02-09,0,2.498,1,11,11Y
上海清算所城投债收益率曲线(AAA),远期的到期,2026-02-09,0,2.4917,1,10,10Y
上海清算所城投债收益率曲线(AAA),远期的到期,2026-02-09,0,2.4828,1,9,9Y
上海清算所城投债收益率曲线(AAA),远期的到期,2026-02-09,0,2.4181,1,8,8Y
上海清算所城投债收益率曲线(AAA),远期的到期,2026-02-09,0,2.3628,1,7,7Y
上海清算所城投债收益率曲线(AAA),远期的到期,2026-02-09,0,2.2965,1,6,6Y
上海清算所城投债收益率曲线(AAA),远期的到期,2026-02-09,0,2.1263,1,5,5Y
上海清算所城投债收益率曲线(AAA),远期的到期,2026-02-09,0,2.0422,1,4,4Y
上海清算所城投债收益率曲线(AAA),远期的到期,2026-02-09,0,2.0029,1,3,3Y
上海清算所城投债收益率曲线(AAA),远期的到期,2026-02-09,0,1.9128,1,2,2Y
上海清算所城投债收益率曲线(AAA),远期的到期,2026-02-09,0,1.8716,1,1,1Y
上海清算所城投债收益率曲线(AAA),远期的到期,2026-02-10,0,2.565,2,13,13Y
上海清算所城投债收益率曲线(AAA),远期的到期,2026-02-10,0,2.5628,2,12,12Y
上海清算所城投债收益率曲线(AAA),远期的到期,2026-02-10,0,2.5606,2,11,11Y
上海清算所城投债收益率曲线(AAA),远期的到期,2026-02-10,0,2.5576,2,10,10Y
上海清算所城投债收益率曲线(AAA),远期的到期,2026-02-10,0,2.5531,2,9,9Y
上海清算所城投债收益率曲线(AAA),远期的到期,2026-02-10,0,2.5463,2,8,8Y
上海清算所城投债收益率曲线(AAA),远期的到期,2026-02-10,0,2.4935,2,7,7Y
上海清算所城投债收益率曲线(AAA),远期的到期,2026-02-10,0,2.4456,2,6,6Y
上海清算所城投债收益率曲线(AAA),远期的到期,2026-02-10,0,2.3872,2,5,5Y
上海清算所城投债收益率曲线(AAA),远期的到期,2026-02-10,0,2.1999,2,4,4Y
上海清算所城投债收益率曲线(AAA),远期的到期,2026-02-10,0,2.0848,2,3,3Y
上海清算所城投债收益率曲线(AAA),远期的到期,2026-02-10,0,2.0616,2,2,2Y
上海清算所城投债收益率曲线(AAA),远期的到期,2026-02-10,0,1.9902,2,1,1Y
上海清算所城投债收益率曲线(AAA),远期的到期,2026-02-10,0,2.6214,3,12,12Y
上海清算所城投债收益率曲线(AAA),远期的到期,2026-02-10,0,2.6232,3,11,11Y
上海清算所城投债收益率曲线(AAA),远期的到期,2026-02-10,0,2.6259,3,10,10Y
上海清算所城投债收益率曲线(AAA),远期的到期,2026-02-10,0,2.629,3,9,9Y
上海清算所城投债收益率曲线(AAA),远期的到期,2026-02-10,0,2.6317,3,8,8Y
上海清算所城投债收益率曲线(AAA),远期的到期,2026-02-10,0,2.6338,3,7,7Y
上海清算所城投债收益率曲线(AAA),远期的到期,2026-02-10,0,2.5848,3,6,6Y
上海清算所城投债收益率曲线(AAA),远期的到期,2026-02-10,0,2.5434,3,5,5Y
上海清算所城投债收益率曲线(AAA),远期的到期,2026-02-10,0,2.4922,3,4,4Y
上海清算所城投债收益率曲线(AAA),远期的到期,2026-02-10,0,2.2729,3,3,3Y
上海清算所城投债收益率曲线(AAA),远期的到期,2026-02-10,0,2.1336,3,2,2Y
上海清算所城投债收益率曲线(AAA),远期的到期,2026-02-10,0,2.1346,3,1,1Y
上海清算所城投债收益率曲线(AAA),远期的到期,2026-02-10,0,2.673,4,11,11Y
上海清算所城投债收益率曲线(AAA),远期的到期,2026-02-10,0,2.6795,4,10,10Y
上海清算所城投债收益率曲线(AAA),远期的到期,2026-02-10,0,2.6881,4,9,9Y
上海清算所城投债收益率曲线(AAA),远期的到期,2026-02-10,0,2.6984,4,8,8Y
上海清算所城投债收益率曲线(AAA),远期的到期,2026-02-10,0,2.7104,4,7,7Y
上海清算所城投债收益率曲线(AAA),远期的到期,2026-02-10,0,2.7248,4,6,6Y
上海清算所城投债收益率曲线(AAA),远期的到期,2026-02-10,0,2.6819,4,5,5Y
上海清算所城投债收益率曲线(AAA),远期的到期,2026-02-10,0,2.6521,4,4,4Y
上海清算所城投债收益率曲线(AAA),远期的到期,2026-02-10,0,2.6173,4,3,3Y
上海清算所城投债收益率曲线(AAA),远期的到期,2026-02-10,0,2.3444,4,2,2Y
上海清算所城投债收益率曲线(AAA),远期的到期,2026-02-10,0,2.1327,4,1,1Y
上海清算所城投债收益率曲线(AAA),远期的到期,2026-02-10,0,2.7356,5,10,10Y
上海清算所城投债收益率曲线(AAA),远期的到期,2026-02-10,0,2.749,5,9,9Y
上海清算所城投债收益率曲线(AAA),远期的到期,2026-02-10,0,2.7665,5,8,8Y
上海清算所城投债收益率曲线(AAA),远期的到期,2026-02-10,0,2.7885,5,7,7Y
上海清算所城投债收益率曲线(AAA),远期的到期,2026-02-10,0,2.8164,5,6,6Y
上海清算所城投债收益率曲线(AAA),远期的到期,2026-02-10,0,2.8535,5,5,5Y
上海清算所城投债收益率曲线(AAA),远期的到期,2026-02-10,0,2.829,5,4,4Y
上海清算所城投债收益率曲线(AAA),远期的到期,2026-02-10,0,2.8351,5,3,3Y
上海清算所城投债收益率曲线(AAA),远期的到期,2026-02-10,0,2.8697,5,2,2Y
上海清算所城投债收益率曲线(AAA),远期的到期,2026-02-10,0,2.5616,5,1,1Y
上海清算所城投债收益率曲线(AAA),远期的到期,2026-02-10,0,2.7578,6,9,9Y
上海清算所城投债收益率曲线(AAA),远期的到期,2026-02-10,0,2.7756,6,8,8Y
上海清算所城投债收益率曲线(AAA),远期的到期,2026-02-10,0,2.7993,6,7,7Y
上海清算所城投债收益率曲线(AAA),远期的到期,2026-02-10,0,2.8303,6,6,6Y
上海清算所城投债收益率曲线(AAA),远期的到期,2026-02-10,0,2.872,6,5,5Y
上海清算所城投债收益率曲线(AAA),远期的到期,2026-02-10,0,2.932,6,4,4Y
上海清算所城投债收益率曲线(AAA),远期的到期,2026-02-10,0,2.9235,6,3,3Y
上海清算所城投债收益率曲线(AAA),远期的到期,2026-02-10,0,2.9781,6,2,2Y
上海清算所城投债收益率曲线(AAA),远期的到期,2026-02-10,0,3.1877,6,1,1Y
上海清算所城投债收益率曲线(AAA),远期的到期,2026-02-10,0,2.6973,7,8,8Y
上海清算所城投债收益率曲线(AAA),远期的到期,2026-02-10,0,2.71,7,7,7Y
上海清算所城投债收益率曲线(AAA),远期的到期,2026-02-10,0,2.7281,7,6,6Y
上海清算所城投债收益率曲线(AAA),远期的到期,2026-02-10,0,2.7527,7,5,5Y
上海清算所城投债收益率曲线(AAA),远期的到期,2026-02-10,0,2.7874,7,4,4Y
上海清算所城投债收益率曲线(AAA),远期的到期,2026-02-10,0,2.8419,7,3,3Y
上海清算所城投债收益率曲线(AAA),远期的到期,2026-02-10,0,2.7859,7,2,2Y
上海清算所城投债收益率曲线(AAA),远期的到期,2026-02-10,0,2.7627,7,1,1Y
上海清算所城投债收益率曲线(AAA),远期的到期,2026-02-10,0,2.6869,8,7,7Y
上海清算所城投债收益率曲线(AAA),远期的到期,2026-02-10,0,2.7004,8,6,6Y
上海清算所城投债收益率曲线(AAA),远期的到期,2026-02-10,0,2.7206,8,5,5Y
上海清算所城投债收益率曲线(AAA),远期的到期,2026-02-10,0,2.7501,8,4,4Y
上海清算所城投债收益率曲线(AAA),远期的到期,2026-02-10,0,2.7961,8,3,3Y
上海清算所城投债收益率曲线(AAA),远期的到期,2026-02-10,0,2.8832,8,2,2Y
上海清算所城投债收益率曲线(AAA),远期的到期,2026-02-10,0,2.8097,8,1,1Y
上海清算所城投债收益率曲线(AAA),远期的到期,2026-02-10,0,2.6644,9,6,6Y
上海清算所城投债收益率曲线(AAA),远期的到期,2026-02-10,0,2.6767,9,5,5Y
上海清算所城投债收益率曲线(AAA),远期的到期,2026-02-10,0,2.6968,9,4,4Y
上海清算所城投债收益率曲线(AAA),远期的到期,2026-02-10,0,2.729,9,3,3Y
上海清算所城投债收益率曲线(AAA),远期的到期,2026-02-10,0,2.789,9,2,2Y
上海清算所城投债收益率曲线(AAA),远期的到期,2026-02-10,0,2.9588,9,1,1Y
上海清算所城投债收益率曲线(AAA),远期的到期,2026-02-10,0,2.6008,10,5,5Y
上海清算所城投债收益率曲线(AAA),远期的到期,2026-02-10,0,2.6015,10,4,4Y
上海清算所城投债收益率曲线(AAA),远期的到期,2026-02-10,0,2.6049,10,3,3Y
上海清算所城投债收益率曲线(AAA),远期的到期,2026-02-10,0,2.6097,10,2,2Y
上海清算所城投债收益率曲线(AAA),远期的到期,2026-02-10,0,2.6148,10,1,1Y
上海清算所城投债收益率曲线(AAA),远期的到期,2026-02-10,0,2.5971,11,4,4Y
上海清算所城投债收益率曲线(AAA),远期的到期,2026-02-10,0,2.5969,11,3,3Y
上海清算所城投债收益率曲线(AAA),远期的到期,2026-02-10,0,2.5997,11,2,2Y
上海清算所城投债收益率曲线(AAA),远期的到期,2026-02-10,0,2.6043,11,1,1Y
上海清算所城投债收益率曲线(AAA),远期的到期,2026-02-10,0,2.5946,12,3,3Y
上海清算所城投债收益率曲线(AAA),远期的到期,2026-02-10,0,2.593,12,2,2Y
上海清算所城投债收益率曲线(AAA),远期的到期,2026-02-10,0,2.5949,12,1,1Y
上海清算所城投债收益率曲线(AAA),远期的到期,2026-02-10,0,2.5944,13,2,2Y
上海清算所城投债收益率曲线(AAA),远期的到期,2026-02-10,0,2.5911,13,1,1Y
上海清算所城投债收益率曲线(AAA),远期的到期,2026-02-10,0,2.5978,14,1,1Y
上海清算所城投债收益率曲线(AAA),远期的到期,2026-02-10,0,2.5071,1,14,14Y
上海清算所城投债收益率曲线(AAA),远期的到期,2026-02-10,0,2.5014,1,13,13Y
上海清算所城投债收益率曲线(AAA),远期的到期,2026-02-10,0,2.4951,1,12,12Y
上海清算所城投债收益率曲线(AAA),远期的到期,2026-02-10,0,2.4874,1,11,11Y
上海清算所城投债收益率曲线(AAA),远期的到期,2026-02-10,0,2.4773,1,10,10Y
上海清算所城投债收益率曲线(AAA),远期的到期,2026-02-10,0,2.464,1,9,9Y
上海清算所城投债收益率曲线(AAA),远期的到期,2026-02-10,0,2.4093,1,8,8Y
上海清算所城投债收益率曲线(AAA),远期的到期,2026-02-10,0,2.3579,1,7,7Y
上海清算所城投债收益率曲线(AAA),远期的到期,2026-02-10,0,2.2963,1,6,6Y
上海清算所城投债收益率曲线(AAA),远期的到期,2026-02-10,0,2.1313,1,5,5Y
上海清算所城投债收益率曲线(AAA),远期的到期,2026-02-10,0,2.0297,1,4,4Y
上海清算所城投债收益率曲线(AAA),远期的到期,2026-02-10,0,1.9967,1,3,3Y
上海清算所城投债收益率曲线(AAA),远期的到期,2026-02-10,0,1.9299,1,2,2Y
上海清算所城投债收益率曲线(AAA),远期的到期,2026-02-10,0,1.8708,1,1,1Y
上海清算所城投债收益率曲线(AAA),远期的到期,2026-02-11,0,2.5605,2,13,13Y
上海清算所城投债收益率曲线(AAA),远期的到期,2026-02-11,0,2.5559,2,12,12Y
上海清算所城投债收益率曲线(AAA),远期的到期,2026-02-11,0,2.5515,2,11,11Y
上海清算所城投债收益率曲线(AAA),远期的到期,2026-02-11,0,2.5463,2,10,10Y
上海清算所城投债收益率曲线(AAA),远期的到期,2026-02-11,0,2.5395,2,9,9Y
上海清算所城投债收益率曲线(AAA),远期的到期,2026-02-11,0,2.5305,2,8,8Y
上海清算所城投债收益率曲线(AAA),远期的到期,2026-02-11,0,2.4882,2,7,7Y
上海清算所城投债收益率曲线(AAA),远期的到期,2026-02-11,0,2.4135,2,6,6Y
上海清算所城投债收益率曲线(AAA),远期的到期,2026-02-11,0,2.3943,2,5,5Y
上海清算所城投债收益率曲线(AAA),远期的到期,2026-02-11,0,2.1937,2,4,4Y
上海清算所城投债收益率曲线(AAA),远期的到期,2026-02-11,0,2.0647,2,3,3Y
上海清算所城投债收益率曲线(AAA),远期的到期,2026-02-11,0,2.0506,2,2,2Y
上海清算所城投债收益率曲线(AAA),远期的到期,2026-02-11,0,1.9596,2,1,1Y
上海清算所城投债收益率曲线(AAA),远期的到期,2026-02-11,0,2.6193,3,12,12Y
上海清算所城投债收益率曲线(AAA),远期的到期,2026-02-11,0,2.6188,3,11,11Y
上海清算所城投债收益率曲线(AAA),远期的到期,2026-02-11,0,2.6193,3,10,10Y
上海清算所城投债收益率曲线(AAA),远期的到期,2026-02-11,0,2.62,3,9,9Y
上海清算所城投债收益率曲线(AAA),远期的到期,2026-02-11,0,2.6205,3,8,8Y
上海清算所城投债收益率曲线(AAA),远期的到期,2026-02-11,0,2.6204,3,7,7Y
上海清算所城投债收益率曲线(AAA),远期的到期,2026-02-11,0,2.584,3,6,6Y
上海清算所城投债收益率曲线(AAA),远期的到期,2026-02-11,0,2.5109,3,5,5Y
上海清算所城投债收益率曲线(AAA),远期的到期,2026-02-11,0,2.5093,3,4,4Y
上海清算所城投债收益率曲线(AAA),远期的到期,2026-02-11,0,2.2752,3,3,3Y
上海清算所城投债收益率曲线(AAA),远期的到期,2026-02-11,0,2.1189,3,2,2Y
上海清算所城投债收益率曲线(AAA),远期的到期,2026-02-11,0,2.1435,3,1,1Y
上海清算所城投债收益率曲线(AAA),远期的到期,2026-02-11,0,2.6698,4,11,11Y
上海清算所城投债收益率曲线(AAA),远期的到期,2026-02-11,0,2.6736,4,10,10Y
上海清算所城投债收益率曲线(AAA),远期的到期,2026-02-11,0,2.6794,4,9,9Y
上海清算所城投债收益率曲线(AAA),远期的到期,2026-02-11,0,2.6869,4,8,8Y
上海清算所城投债收益率曲线(AAA),远期的到期,2026-02-11,0,2.696,4,7,7Y
上海清算所城投债收益率曲线(AAA),远期的到期,2026-02-11,0,2.7073,4,6,6Y
上海清算所城投债收益率曲线(AAA),远期的到期,2026-02-11,0,2.679,4,5,5Y
上海清算所城投债收益率曲线(AAA),远期的到期,2026-02-11,0,2.6086,4,4,4Y
上海清算所城投债收益率曲线(AAA),远期的到期,2026-02-11,0,2.6373,4,3,3Y
上海清算所城投债收益率曲线(AAA),远期的到期,2026-02-11,0,2.3433,4,2,2Y
上海清算所城投债收益率曲线(AAA),远期的到期,2026-02-11,0,2.0939,4,1,1Y
上海清算所城投债收益率曲线(AAA),远期的到期,2026-02-11,0,2.7365,5,10,10Y
上海清算所城投债收益率曲线(AAA),远期的到期,2026-02-11,0,2.7473,5,9,9Y
上海清算所城投债收益率曲线(AAA),远期的到期,2026-02-11,0,2.7621,5,8,8Y
上海清算所城投债收益率曲线(AAA),远期的到期,2026-02-11,0,2.7814,5,7,7Y
上海清算所城投债收益率曲线(AAA),远期的到期,2026-02-11,0,2.8065,5,6,6Y
上海清算所城投债收益率曲线(AAA),远期的到期,2026-02-11,0,2.8406,5,5,5Y
上海清算所城投债收益率曲线(AAA),远期的到期,2026-02-11,0,2.8357,5,4,4Y
上海清算所城投债收益率曲线(AAA),远期的到期,2026-02-11,0,2.7899,5,3,3Y
上海清算所城投债收益率曲线(AAA),远期的到期,2026-02-11,0,2.9205,5,2,2Y
上海清算所城投债收益率曲线(AAA),远期的到期,2026-02-11,0,2.5992,5,1,1Y
上海清算所城投债收益率曲线(AAA),远期的到期,2026-02-11,0,2.754,6,9,9Y
上海清算所城投债收益率曲线(AAA),远期的到期,2026-02-11,0,2.7683,6,8,8Y
上海清算所城投债收益率曲线(AAA),远期的到期,2026-02-11,0,2.7882,6,7,7Y
上海清算所城投债收益率曲线(AAA),远期的到期,2026-02-11,0,2.8149,6,6,6Y
上海清算所城投债收益率曲线(AAA),远期的到期,2026-02-11,0,2.8516,6,5,5Y
上海清算所城投债收益率曲线(AAA),远期的到期,2026-02-11,0,2.9055,6,4,4Y
上海清算所城投债收益率曲线(AAA),远期的到期,2026-02-11,0,2.9193,6,3,3Y
上海清算所城投债收益率曲线(AAA),远期的到期,2026-02-11,0,2.8895,6,2,2Y
上海清算所城投债收益率曲线(AAA),远期的到期,2026-02-11,0,3.2523,6,1,1Y
上海清算所城投债收益率曲线(AAA),远期的到期,2026-02-11,0,2.6839,7,8,8Y
上海清算所城投债收益率曲线(AAA),远期的到期,2026-02-11,0,2.6914,7,7,7Y
上海清算所城投债收益率曲线(AAA),远期的到期,2026-02-11,0,2.7033,7,6,6Y
上海清算所城投债收益率曲线(AAA),远期的到期,2026-02-11,0,2.7201,7,5,5Y
上海清算所城投债收益率曲线(AAA),远期的到期,2026-02-11,0,2.7445,7,4,4Y
上海清算所城投债收益率曲线(AAA),远期的到期,2026-02-11,0,2.7835,7,3,3Y
上海清算所城投债收益率曲线(AAA),远期的到期,2026-02-11,0,2.746,7,2,2Y
上海清算所城投债收益率曲线(AAA),远期的到期,2026-02-11,0,2.5176,7,1,1Y
上海清算所城投债收益率曲线(AAA),远期的到期,2026-02-11,0,2.7103,8,7,7Y
上海清算所城投债收益率曲线(AAA),远期的到期,2026-02-11,0,2.7233,8,6,6Y
上海清算所城投债收益率曲线(AAA),远期的到期,2026-02-11,0,2.7436,8,5,5Y
上海清算所城投债收益率曲线(AAA),远期的到期,2026-02-11,0,2.7744,8,4,4Y
上海清算所城投债收益率曲线(AAA),远期的到期,2026-02-11,0,2.8245,8,3,3Y
上海清算所城投债收益率曲线(AAA),远期的到期,2026-02-11,0,2.9223,8,2,2Y
上海清算所城投债收益率曲线(AAA),远期的到期,2026-02-11,0,2.9813,8,1,1Y
上海清算所城投债收益率曲线(AAA),远期的到期,2026-02-11,0,2.6608,9,6,6Y
上海清算所城投债收益率曲线(AAA),远期的到期,2026-02-11,0,2.6674,9,5,5Y
上海清算所城投债收益率曲线(AAA),远期的到期,2026-02-11,0,2.6801,9,4,4Y
上海清算所城投债收益率曲线(AAA),远期的到期,2026-02-11,0,2.7016,9,3,3Y
上海清算所城投债收益率曲线(AAA),远期的到期,2026-02-11,0,2.7429,9,2,2Y
上海清算所城投债收益率曲线(AAA),远期的到期,2026-02-11,0,2.8617,9,1,1Y
上海清算所城投债收益率曲线(AAA),远期的到期,2026-02-11,0,2.6174,10,5,5Y
上海清算所城投债收益率曲线(AAA),远期的到期,2026-02-11,0,2.6156,10,4,4Y
上海清算所城投债收益率曲线(AAA),远期的到期,2026-02-11,0,2.6163,10,3,3Y
上海清算所城投债收益率曲线(AAA),远期的到期,2026-02-11,0,2.6184,10,2,2Y
上海清算所城投债收益率曲线(AAA),远期的到期,2026-02-11,0,2.6209,10,1,1Y
上海清算所城投债收益率曲线(AAA),远期的到期,2026-02-11,0,2.6165,11,4,4Y
上海清算所城投债收益率曲线(AAA),远期的到期,2026-02-11,0,2.6138,11,3,3Y
上海清算所城投债收益率曲线(AAA),远期的到期,2026-02-11,0,2.6139,11,2,2Y
上海清算所城投债收益率曲线(AAA),远期的到期,2026-02-11,0,2.6159,11,1,1Y
上海清算所城投债收益率曲线(AAA),远期的到期,2026-02-11,0,2.6167,12,3,3Y
上海清算所城投债收益率曲线(AAA),远期的到期,2026-02-11,0,2.6126,12,2,2Y
上海清算所城投债收益率曲线(AAA),远期的到期,2026-02-11,0,2.6119,12,1,1Y
上海清算所城投债收益率曲线(AAA),远期的到期,2026-02-11,0,2.6192,13,2,2Y
上海清算所城投债收益率曲线(AAA),远期的到期,2026-02-11,0,2.6134,13,1,1Y
上海清算所城投债收益率曲线(AAA),远期的到期,2026-02-11,0,2.6252,14,1,1Y
上海清算所城投债收益率曲线(AAA),远期的到期,2026-02-11,0,2.502,1,14,14Y
上海清算所城投债收益率曲线(AAA),远期的到期,2026-02-11,0,2.4942,1,13,13Y
上海清算所城投债收益率曲线(AAA),远期的到期,2026-02-11,0,2.4858,1,12,12Y
上海清算所城投债收益率曲线(AAA),远期的到期,2026-02-11,0,2.4761,1,11,11Y
上海清算所城投债收益率曲线(AAA),远期的到期,2026-02-11,0,2.4641,1,10,10Y
上海清算所城投债收益率曲线(AAA),远期的到期,2026-02-11,0,2.4488,1,9,9Y
上海清算所城投债收益率曲线(AAA),远期的到期,2026-02-11,0,2.4032,1,8,8Y
上海清算所城投债收益率曲线(AAA),远期的到期,2026-02-11,0,2.329,1,7,7Y
上海清算所城投债收益率曲线(AAA),远期的到期,2026-02-11,0,2.3002,1,6,6Y
上海清算所城投债收益率曲线(AAA),远期的到期,2026-02-11,0,2.1241,1,5,5Y
上海清算所城投债收益率曲线(AAA),远期的到期,2026-02-11,0,2.0119,1,4,4Y
上海清算所城投债收益率曲线(AAA),远期的到期,2026-02-11,0,1.9856,1,3,3Y
上海清算所城投债收益率曲线(AAA),远期的到期,2026-02-11,0,1.9091,1,2,2Y
上海清算所城投债收益率曲线(AAA),远期的到期,2026-02-11,0,1.8596,1,1,1Y
上海清算所城投债收益率曲线(AAA),远期的到期,2026-02-12,0,2.5495,2,13,13Y
上海清算所城投债收益率曲线(AAA),远期的到期,2026-02-12,0,2.5358,2,12,12Y
上海清算所城投债收益率曲线(AAA),远期的到期,2026-02-12,0,2.5222,2,11,11Y
上海清算所城投债收益率曲线(AAA),远期的到期,2026-02-12,0,2.5084,2,10,10Y
上海清算所城投债收益率曲线(AAA),远期的到期,2026-02-12,0,2.4939,2,9,9Y
上海清算所城投债收益率曲线(AAA),远期的到期,2026-02-12,0,2.4783,2,8,8Y
上海清算所城投债收益率曲线(AAA),远期的到期,2026-02-12,0,2.4525,2,7,7Y
上海清算所城投债收益率曲线(AAA),远期的到期,2026-02-12,0,2.409,2,6,6Y
上海清算所城投债收益率曲线(AAA),远期的到期,2026-02-12,0,2.3436,2,5,5Y
上海清算所城投债收益率曲线(AAA),远期的到期,2026-02-12,0,2.1912,2,4,4Y
上海清算所城投债收益率曲线(AAA),远期的到期,2026-02-12,0,2.0896,2,3,3Y
上海清算所城投债收益率曲线(AAA),远期的到期,2026-02-12,0,2.0377,2,2,2Y
上海清算所城投债收益率曲线(AAA),远期的到期,2026-02-12,0,2.0042,2,1,1Y
上海清算所城投债收益率曲线(AAA),远期的到期,2026-02-12,0,2.6028,3,12,12Y
上海清算所城投债收益率曲线(AAA),远期的到期,2026-02-12,0,2.5917,3,11,11Y
上海清算所城投债收益率曲线(AAA),远期的到期,2026-02-12,0,2.5814,3,10,10Y
上海清算所城投债收益率曲线(AAA),远期的到期,2026-02-12,0,2.5716,3,9,9Y
上海清算所城投债收益率曲线(AAA),远期的到期,2026-02-12,0,2.5621,3,8,8Y
上海清算所城投债收益率曲线(AAA),远期的到期,2026-02-12,0,2.5528,3,7,7Y
上海清算所城投债收益率曲线(AAA),远期的到期,2026-02-12,0,2.5336,3,6,6Y
上海清算所城投债收益率曲线(AAA),远期的到期,2026-02-12,0,2.4957,3,5,5Y
上海清算所城投债收益率曲线(AAA),远期的到期,2026-02-12,0,2.4334,3,4,4Y
上海清算所城投债收益率曲线(AAA),远期的到期,2026-02-12,0,2.2563,3,3,3Y
上海清算所城投债收益率曲线(AAA),远期的到期,2026-02-12,0,2.1336,3,2,2Y
上海清算所城投债收益率曲线(AAA),远期的到期,2026-02-12,0,2.0718,3,1,1Y
上海清算所城投债收益率曲线(AAA),远期的到期,2026-02-12,0,2.659,4,11,11Y
上海清算所城投债收益率曲线(AAA),远期的到期,2026-02-12,0,2.6515,4,10,10Y
上海清算所城投债收益率曲线(AAA),远期的到期,2026-02-12,0,2.6457,4,9,9Y
上海清算所城投债收益率曲线(AAA),远期的到期,2026-02-12,0,2.6416,4,8,8Y
上海清算所城投债收益率曲线(AAA),远期的到期,2026-02-12,0,2.6395,4,7,7Y
上海清算所城投债收益率曲线(AAA),远期的到期,2026-02-12,0,2.6403,4,6,6Y
上海清算所城投债收益率曲线(AAA),远期的到期,2026-02-12,0,2.6331,4,5,5Y
上海清算所城投债收益率曲线(AAA),远期的到期,2026-02-12,0,2.6084,4,4,4Y
上海清算所城投债收益率曲线(AAA),远期的到期,2026-02-12,0,2.5598,4,3,3Y
上海清算所城投债收益率曲线(AAA),远期的到期,2026-02-12,0,2.3518,4,2,2Y
上海清算所城投债收益率曲线(AAA),远期的到期,2026-02-12,0,2.1968,4,1,1Y
上海清算所城投债收益率曲线(AAA),远期的到期,2026-02-12,0,2.7124,5,10,10Y
上海清算所城投债收益率曲线(AAA),远期的到期,2026-02-12,0,2.7091,5,9,9Y
上海清算所城投债收益率曲线(AAA),远期的到期,2026-02-12,0,2.7089,5,8,8Y
上海清算所城投债收益率曲线(AAA),远期的到期,2026-02-12,0,2.7123,5,7,7Y
上海清算所城投债收益率曲线(AAA),远期的到期,2026-02-12,0,2.7205,5,6,6Y
上海清算所城投债收益率曲线(AAA),远期的到期,2026-02-12,0,2.7364,5,5,5Y
上海清算所城投债收益率曲线(AAA),远期的到期,2026-02-12,0,2.7498,5,4,4Y
上海清算所城投债收益率曲线(AAA),远期的到期,2026-02-12,0,2.7532,5,3,3Y
上海清算所城投债收益率曲线(AAA),远期的到期,2026-02-12,0,2.7486,5,2,2Y
上海清算所城投债收益率曲线(AAA),远期的到期,2026-02-12,0,2.5106,5,1,1Y
上海清算所城投债收益率曲线(AAA),远期的到期,2026-02-12,0,2.7381,6,9,9Y
上海清算所城投债收益率曲线(AAA),远期的到期,2026-02-12,0,2.7371,6,8,8Y
上海清算所城投债收益率曲线(AAA),远期的到期,2026-02-12,0,2.7404,6,7,7Y
上海清算所城投债收益率曲线(AAA),远期的到期,2026-02-12,0,2.7493,6,6,6Y
上海清算所城投债收益率曲线(AAA),远期的到期,2026-02-12,0,2.7661,6,5,5Y
上海清算所城投债收益率曲线(AAA),远期的到期,2026-02-12,0,2.7969,6,4,4Y
上海清算所城投债收益率曲线(AAA),远期的到期,2026-02-12,0,2.8341,6,3,3Y
上海清算所城投债收益率曲线(AAA),远期的到期,2026-02-12,0,2.8798,6,2,2Y
上海清算所城投债收益率曲线(AAA),远期的到期,2026-02-12,0,2.9938,6,1,1Y
上海清算所城投债收益率曲线(AAA),远期的到期,2026-02-12,0,2.7021,7,8,8Y
上海清算所城投债收益率曲线(AAA),远期的到期,2026-02-12,0,2.6964,7,7,7Y
上海清算所城投债收益率曲线(AAA),远期的到期,2026-02-12,0,2.6941,7,6,6Y
上海清算所城投债收益率曲线(AAA),远期的到期,2026-02-12,0,2.6963,7,5,5Y
上海清算所城投债收益率曲线(AAA),远期的到期,2026-02-12,0,2.7053,7,4,4Y
上海清算所城投债收益率曲线(AAA),远期的到期,2026-02-12,0,2.7277,7,3,3Y
上海清算所城投债收益率曲线(AAA),远期的到期,2026-02-12,0,2.751,7,2,2Y
上海清算所城投债收益率曲线(AAA),远期的到期,2026-02-12,0,2.7626,7,1,1Y
上海清算所城投债收益率曲线(AAA),远期的到期,2026-02-12,0,2.6925,8,7,7Y
上海清算所城投债收益率曲线(AAA),远期的到期,2026-02-12,0,2.6843,8,6,6Y
上海清算所城投债收益率曲线(AAA),远期的到期,2026-02-12,0,2.6793,8,5,5Y
上海清算所城投债收益率曲线(AAA),远期的到期,2026-02-12,0,2.6786,8,4,4Y
上海清算所城投债收益率曲线(AAA),远期的到期,2026-02-12,0,2.6852,8,3,3Y
上海清算所城投债收益率曲线(AAA),远期的到期,2026-02-12,0,2.7095,8,2,2Y
上海清算所城投债收益率曲线(AAA),远期的到期,2026-02-12,0,2.7391,8,1,1Y
上海清算所城投债收益率曲线(AAA),远期的到期,2026-02-12,0,2.684,9,6,6Y
上海清算所城投债收益率曲线(AAA),远期的到期,2026-02-12,0,2.6724,9,5,5Y
上海清算所城投债收益率曲线(AAA),远期的到期,2026-02-12,0,2.6634,9,4,4Y
上海清算所城投债收益率曲线(AAA),远期的到期,2026-02-12,0,2.6574,9,3,3Y
上海清算所城投债收益率曲线(AAA),远期的到期,2026-02-12,0,2.6571,9,2,2Y
上海清算所城投债收益率曲线(AAA),远期的到期,2026-02-12,0,2.6792,9,1,1Y
上海清算所城投债收益率曲线(AAA),远期的到期,2026-02-12,0,2.6851,10,5,5Y
上海清算所城投债收益率曲线(AAA),远期的到期,2026-02-12,0,2.6706,10,4,4Y
上海清算所城投债收益率曲线(AAA),远期的到期,2026-02-12,0,2.6578,10,3,3Y
上海清算所城投债收益率曲线(AAA),远期的到期,2026-02-12,0,2.646,10,2,2Y
上海清算所城投债收益率曲线(AAA),远期的到期,2026-02-12,0,2.6344,10,1,1Y
上海清算所城投债收益率曲线(AAA),远期的到期,2026-02-12,0,2.6986,11,4,4Y
上海清算所城投债收益率曲线(AAA),远期的到期,2026-02-12,0,2.6833,11,3,3Y
上海清算所城投债收益率曲线(AAA),远期的到期,2026-02-12,0,2.67,11,2,2Y
上海清算所城投债收益率曲线(AAA),远期的到期,2026-02-12,0,2.6579,11,1,1Y
上海清算所城投债收益率曲线(AAA),远期的到期,2026-02-12,0,2.7129,12,3,3Y
上海清算所城投债收益率曲线(AAA),远期的到期,2026-02-12,0,2.6965,12,2,2Y
上海清算所城投债收益率曲线(AAA),远期的到期,2026-02-12,0,2.6824,12,1,1Y
上海清算所城投债收益率曲线(AAA),远期的到期,2026-02-12,0,2.7288,13,2,2Y
上海清算所城投债收益率曲线(AAA),远期的到期,2026-02-12,0,2.711,13,1,1Y
上海清算所城投债收益率曲线(AAA),远期的到期,2026-02-12,0,2.7469,14,1,1Y
上海清算所城投债收益率曲线(AAA),远期的到期,2026-02-12,0,2.4914,1,14,14Y
上海清算所城投债收益率曲线(AAA),远期的到期,2026-02-12,0,2.4751,1,13,13Y
上海清算所城投债收益率曲线(AAA),远期的到期,2026-02-12,0,2.4586,1,12,12Y
上海清算所城投债收益率曲线(AAA),远期的到期,2026-02-12,0,2.4413,1,11,11Y
上海清算所城投债收益率曲线(AAA),远期的到期,2026-02-12,0,2.4226,1,10,10Y
上海清算所城投债收益率曲线(AAA),远期的到期,2026-02-12,0,2.4019,1,9,9Y
上海清算所城投债收益率曲线(AAA),远期的到期,2026-02-12,0,2.3711,1,8,8Y
上海清算所城投债收益率曲线(AAA),远期的到期,2026-02-12,0,2.3238,1,7,7Y
上海清算所城投债收益率曲线(AAA),远期的到期,2026-02-12,0,2.257,1,6,6Y
上海清算所城投债收益率曲线(AAA),远期的到期,2026-02-12,0,2.1203,1,5,5Y
上海清算所城投债收益率曲线(AAA),远期的到期,2026-02-12,0,2.0281,1,4,4Y
上海清算所城投债收益率曲线(AAA),远期的到期,2026-02-12,0,1.9741,1,3,3Y
上海清算所城投债收益率曲线(AAA),远期的到期,2026-02-12,0,1.9268,1,2,2Y
上海清算所城投债收益率曲线(AAA),远期的到期,2026-02-12,0,1.8509,1,1,1Y
上海清算所城投债收益率曲线(AAA),远期的到期,2026-02-13,0,2.5301,2,13,13Y
上海清算所城投债收益率曲线(AAA),远期的到期,2026-02-13,0,2.5073,2,12,12Y
上海清算所城投债收益率曲线(AAA),远期的到期,2026-02-13,0,2.4862,2,11,11Y
上海清算所城投债收益率曲线(AAA),远期的到期,2026-02-13,0,2.4677,2,10,10Y
上海清算所城投债收益率曲线(AAA),远期的到期,2026-02-13,0,2.4533,2,9,9Y
上海清算所城投债收益率曲线(AAA),远期的到期,2026-02-13,0,2.4445,2,8,8Y
上海清算所城投债收益率曲线(AAA),远期的到期,2026-02-13,0,2.4454,2,7,7Y
上海清算所城投债收益率曲线(AAA),远期的到期,2026-02-13,0,2.3622,2,6,6Y
上海清算所城投债收益率曲线(AAA),远期的到期,2026-02-13,0,2.3332,2,5,5Y
上海清算所城投债收益率曲线(AAA),远期的到期,2026-02-13,0,2.1826,2,4,4Y
上海清算所城投债收益率曲线(AAA),远期的到期,2026-02-13,0,2.0677,2,3,3Y
上海清算所城投债收益率曲线(AAA),远期的到期,2026-02-13,0,2.0337,2,2,2Y
上海清算所城投债收益率曲线(AAA),远期的到期,2026-02-13,0,1.9543,2,1,1Y
上海清算所城投债收益率曲线(AAA),远期的到期,2026-02-13,0,2.5863,3,12,12Y
上海清算所城投债收益率曲线(AAA),远期的到期,2026-02-13,0,2.5655,3,11,11Y
上海清算所城投债收益率曲线(AAA),远期的到期,2026-02-13,0,2.5469,3,10,10Y
上海清算所城投债收益率曲线(AAA),远期的到期,2026-02-13,0,2.5321,3,9,9Y
上海清算所城投债收益率曲线(AAA),远期的到期,2026-02-13,0,2.5228,3,8,8Y
上海清算所城投债收益率曲线(AAA),远期的到期,2026-02-13,0,2.5215,3,7,7Y
上海清算所城投债收益率曲线(AAA),远期的到期,2026-02-13,0,2.5343,3,6,6Y
上海清算所城投债收益率曲线(AAA),远期的到期,2026-02-13,0,2.4496,3,5,5Y
上海清算所城投债收益率曲线(AAA),远期的到期,2026-02-13,0,2.4334,3,4,4Y
上海清算所城投债收益率曲线(AAA),远期的到期,2026-02-13,0,2.2621,3,3,3Y
上海清算所城投债收益率曲线(AAA),远期的到期,2026-02-13,0,2.1262,3,2,2Y
上海清算所城投债收益率曲线(AAA),远期的到期,2026-02-13,0,2.1149,3,1,1Y
上海清算所城投债收益率曲线(AAA),远期的到期,2026-02-13,0,2.6361,4,11,11Y
上海清算所城投债收益率曲线(AAA),远期的到期,2026-02-13,0,2.6171,4,10,10Y
上海清算所城投债收益率曲线(AAA),远期的到期,2026-02-13,0,2.6013,4,9,9Y
上海清算所城投债收益率曲线(AAA),远期的到期,2026-02-13,0,2.5904,4,8,8Y
上海清算所城投债收益率曲线(AAA),远期的到期,2026-02-13,0,2.5871,4,7,7Y
上海清算所城投债收益率曲线(AAA),远期的到期,2026-02-13,0,2.5954,4,6,6Y
上海清算所城投债收益率曲线(AAA),远期的到期,2026-02-13,0,2.6246,4,5,5Y
上海清算所城投债收益率曲线(AAA),远期的到期,2026-02-13,0,2.5384,4,4,4Y
上海清算所城投债收益率曲线(AAA),远期的到期,2026-02-13,0,2.5447,4,3,3Y
上海清算所城投债收益率曲线(AAA),远期的到期,2026-02-13,0,2.3382,4,2,2Y
上海清算所城投债收益率曲线(AAA),远期的到期,2026-02-13,0,2.1377,4,1,1Y
上海清算所城投债收益率曲线(AAA),远期的到期,2026-02-13,0,2.6935,5,10,10Y
上海清算所城投债收益率曲线(AAA),远期的到期,2026-02-13,0,2.6778,5,9,9Y
上海清算所城投债收益率曲线(AAA),远期的到期,2026-02-13,0,2.6664,5,8,8Y
上海清算所城投债收益率曲线(AAA),远期的到期,2026-02-13,0,2.6622,5,7,7Y
上海清算所城投债收益率曲线(AAA),远期的到期,2026-02-13,0,2.6692,5,6,6Y
上海清算所城投债收益率曲线(AAA),远期的到期,2026-02-13,0,2.6945,5,5,5Y
上海清算所城投债收益率曲线(AAA),远期的到期,2026-02-13,0,2.7546,5,4,4Y
上海清算所城投债收益率曲线(AAA),远期的到期,2026-02-13,0,2.6792,5,3,3Y
上海清算所城投债收益率曲线(AAA),远期的到期,2026-02-13,0,2.7564,5,2,2Y
上海清算所城投债收益率曲线(AAA),远期的到期,2026-02-13,0,2.5437,5,1,1Y
上海清算所城投债收益率曲线(AAA),远期的到期,2026-02-13,0,2.7125,6,9,9Y
上海清算所城投债收益率曲线(AAA),远期的到期,2026-02-13,0,2.6967,6,8,8Y
上海清算所城投债收益率曲线(AAA),远期的到期,2026-02-13,0,2.6859,6,7,7Y
上海清算所城投债收益率曲线(AAA),远期的到期,2026-02-13,0,2.6839,6,6,6Y
上海清算所城投债收益率曲线(AAA),远期的到期,2026-02-13,0,2.6965,6,5,5Y
上海清算所城投债收益率曲线(AAA),远期的到期,2026-02-13,0,2.7348,6,4,4Y
上海清算所城投债收益率曲线(AAA),远期的到期,2026-02-13,0,2.829,6,3,3Y
上海清算所城投债收益率曲线(AAA),远期的到期,2026-02-13,0,2.7499,6,2,2Y
上海清算所城投债收益率曲线(AAA),远期的到期,2026-02-13,0,2.9755,6,1,1Y
上海清算所城投债收益率曲线(AAA),远期的到期,2026-02-13,0,2.6756,7,8,8Y
上海清算所城投债收益率曲线(AAA),远期的到期,2026-02-13,0,2.6525,7,7,7Y
上海清算所城投债收益率曲线(AAA),远期的到期,2026-02-13,0,2.6331,7,6,6Y
上海清算所城投债收益率曲线(AAA),远期的到期,2026-02-13,0,2.6208,7,5,5Y
上海清算所城投债收益率曲线(AAA),远期的到期,2026-02-13,0,2.622,7,4,4Y
上海清算所城投债收益率曲线(AAA),远期的到期,2026-02-13,0,2.6503,7,3,3Y
上海清算所城投债收益率曲线(AAA),远期的到期,2026-02-13,0,2.7527,7,2,2Y
上海清算所城投债收益率曲线(AAA),远期的到期,2026-02-13,0,2.5186,7,1,1Y
上海清算所城投债收益率曲线(AAA),远期的到期,2026-02-13,0,2.7005,8,7,7Y
上海清算所城投债收益率曲线(AAA),远期的到期,2026-02-13,0,2.677,8,6,6Y
上海清算所城投债收益率曲线(AAA),远期的到期,2026-02-13,0,2.6579,8,5,5Y
上海清算所城投债收益率曲线(AAA),远期的到期,2026-02-13,0,2.6482,8,4,4Y
上海清算所城投债收益率曲线(AAA),远期的到期,2026-02-13,0,2.6584,8,3,3Y
上海清算所城投债收益率曲线(AAA),远期的到期,2026-02-13,0,2.7189,8,2,2Y
上海清算所城投债收益率曲线(AAA),远期的到期,2026-02-13,0,2.9939,8,1,1Y
上海清算所城投债收益率曲线(AAA),远期的到期,2026-02-13,0,2.6471,9,6,6Y
上海清算所城投债收益率曲线(AAA),远期的到期,2026-02-13,0,2.6087,9,5,5Y
上海清算所城投债收益率曲线(AAA),远期的到期,2026-02-13,0,2.5685,9,4,4Y
上海清算所城投债收益率曲线(AAA),远期的到期,2026-02-13,0,2.5271,9,3,3Y
上海清算所城投债收益率曲线(AAA),远期的到期,2026-02-13,0,2.4844,9,2,2Y
上海清算所城投债收益率曲线(AAA),远期的到期,2026-02-13,0,2.4372,9,1,1Y
上海清算所城投债收益率曲线(AAA),远期的到期,2026-02-13,0,2.6925,10,5,5Y
上海清算所城投债收益率曲线(AAA),远期的到期,2026-02-13,0,2.6544,10,4,4Y
上海清算所城投债收益率曲线(AAA),远期的到期,2026-02-13,0,2.6145,10,3,3Y
上海清算所城投债收益率曲线(AAA),远期的到期,2026-02-13,0,2.5738,10,2,2Y
上海清算所城投债收益率曲线(AAA),远期的到期,2026-02-13,0,2.5328,10,1,1Y
上海清算所城投债收益率曲线(AAA),远期的到期,2026-02-13,0,2.7351,11,4,4Y
上海清算所城投债收益率曲线(AAA),远期的到期,2026-02-13,0,2.6971,11,3,3Y
上海清算所城投债收益率曲线(AAA),远期的到期,2026-02-13,0,2.657,11,2,2Y
上海清算所城投债收益率曲线(AAA),远期的到期,2026-02-13,0,2.6158,11,1,1Y
上海清算所城投债收益率曲线(AAA),远期的到期,2026-02-13,0,2.7771,12,3,3Y
上海清算所城投债收益率曲线(AAA),远期的到期,2026-02-13,0,2.7394,12,2,2Y
上海清算所城投债收益率曲线(AAA),远期的到期,2026-02-13,0,2.6994,12,1,1Y
上海清算所城投债收益率曲线(AAA),远期的到期,2026-02-13,0,2.8176,13,2,2Y
上海清算所城投债收益率曲线(AAA),远期的到期,2026-02-13,0,2.7806,13,1,1Y
上海清算所城投债收益率曲线(AAA),远期的到期,2026-02-13,0,2.8557,14,1,1Y
上海清算所城投债收益率曲线(AAA),远期的到期,2026-02-13,0,2.4728,1,14,14Y
上海清算所城投债收益率曲线(AAA),远期的到期,2026-02-13,0,2.4484,1,13,13Y
上海清算所城投债收益率曲线(AAA),远期的到期,2026-02-13,0,2.4251,1,12,12Y
上海清算所城投债收益率曲线(AAA),远期的到期,2026-02-13,0,2.4038,1,11,11Y
上海清算所城投债收益率曲线(AAA),远期的到期,2026-02-13,0,2.3854,1,10,10Y
上海清算所城投债收益率曲线(AAA),远期的到期,2026-02-13,0,2.371,1,9,9Y
上海清算所城投债收益率曲线(AAA),远期的到期,2026-02-13,0,2.3636,1,8,8Y
上海清算所城投债收益率曲线(AAA),远期的到期,2026-02-13,0,2.2826,1,7,7Y
上海清算所城投债收益率曲线(AAA),远期的到期,2026-02-13,0,2.2465,1,6,6Y
上海清算所城投债收益率曲线(AAA),远期的到期,2026-02-13,0,2.1113,1,5,5Y
上海清算所城投债收益率曲线(AAA),远期的到期,2026-02-13,0,2.0091,1,4,4Y
上海清算所城投债收益率曲线(AAA),远期的到期,2026-02-13,0,1.968,1,3,3Y
上海清算所城投债收益率曲线(AAA),远期的到期,2026-02-13,0,1.8967,1,2,2Y
上海清算所城投债收益率曲线(AAA),远期的到期,2026-02-13,0,1.8403,1,1,1Y
上海清算所城投债收益率曲线(AAA),远期的到期,2026-02-14,0,2.5277,2,13,13Y
上海清算所城投债收益率曲线(AAA),远期的到期,2026-02-14,0,2.5,2,12,12Y
上海清算所城投债收益率曲线(AAA),远期的到期,2026-02-14,0,2.4739,2,11,11Y
上海清算所城投债收益率曲线(AAA),远期的到期,2026-02-14,0,2.4507,2,10,10Y
上海清算所城投债收益率曲线(AAA),远期的到期,2026-02-14,0,2.4318,2,9,9Y
上海清算所城投债收益率曲线(AAA),远期的到期,2026-02-14,0,2.419,2,8,8Y
上海清算所城投债收益率曲线(AAA),远期的到期,2026-02-14,0,2.4168,2,7,7Y
上海清算所城投债收益率曲线(AAA),远期的到期,2026-02-14,0,2.3487,2,6,6Y
上海清算所城投债收益率曲线(AAA),远期的到期,2026-02-14,0,2.3143,2,5,5Y
上海清算所城投债收益率曲线(AAA),远期的到期,2026-02-14,0,2.1606,2,4,4Y
上海清算所城投债收益率曲线(AAA),远期的到期,2026-02-14,0,2.0494,2,3,3Y
上海清算所城投债收益率曲线(AAA),远期的到期,2026-02-14,0,2.0344,2,2,2Y
上海清算所城投债收益率曲线(AAA),远期的到期,2026-02-14,0,2.0101,2,1,1Y
上海清算所城投债收益率曲线(AAA),远期的到期,2026-02-14,0,2.5782,3,12,12Y
上海清算所城投债收益率曲线(AAA),远期的到期,2026-02-14,0,2.5514,3,11,11Y
上海清算所城投债收益率曲线(AAA),远期的到期,2026-02-14,0,2.5268,3,10,10Y
上海清算所城投债收益率曲线(AAA),远期的到期,2026-02-14,0,2.5058,3,9,9Y
上海清算所城投债收益率曲线(AAA),远期的到期,2026-02-14,0,2.4904,3,8,8Y
上海清算所城投债收益率曲线(AAA),远期的到期,2026-02-14,0,2.4831,3,7,7Y
上海清算所城投债收益率曲线(AAA),远期的到期,2026-02-14,0,2.4903,3,6,6Y
上海清算所城投债收益率曲线(AAA),远期的到期,2026-02-14,0,2.4212,3,5,5Y
上海清算所城投债收益率曲线(AAA),远期的到期,2026-02-14,0,2.3947,3,4,4Y
上海清算所城投债收益率曲线(AAA),远期的到期,2026-02-14,0,2.2129,3,3,3Y
上海清算所城投债收益率曲线(AAA),远期的到期,2026-02-14,0,2.0696,3,2,2Y
上海清算所城投债收益率曲线(AAA),远期的到期,2026-02-14,0,2.0591,3,1,1Y
上海清算所城投债收益率曲线(AAA),远期的到期,2026-02-14,0,2.6329,4,11,11Y
上海清算所城投债收益率曲线(AAA),远期的到期,2026-02-14,0,2.6078,4,10,10Y
上海清算所城投债收益率曲线(AAA),远期的到期,2026-02-14,0,2.5856,4,9,9Y
上海清算所城投债收益率曲线(AAA),远期的到期,2026-02-14,0,2.5682,4,8,8Y
上海清算所城投债收益率曲线(AAA),远期的到期,2026-02-14,0,2.5584,4,7,7Y
上海清算所城投债收益率曲线(AAA),远期的到期,2026-02-14,0,2.5601,4,6,6Y
上海清算所城投债收益率曲线(AAA),远期的到期,2026-02-14,0,2.5831,4,5,5Y
上海清算所城投债收益率曲线(AAA),远期的到期,2026-02-14,0,2.5172,4,4,4Y
上海清算所城投债收益率曲线(AAA),远期的到期,2026-02-14,0,2.5119,4,3,3Y
上海清算所城投债收益率曲线(AAA),远期的到期,2026-02-14,0,2.2924,4,2,2Y
上海清算所城投债收益率曲线(AAA),远期的到期,2026-02-14,0,2.0803,4,1,1Y
上海清算所城投债收益率曲线(AAA),远期的到期,2026-02-14,0,2.6966,5,10,10Y
上海清算所城投债收益率曲线(AAA),远期的到期,2026-02-14,0,2.6745,5,9,9Y
上海清算所城投债收益率曲线(AAA),远期的到期,2026-02-14,0,2.6565,5,8,8Y
上海清算所城投债收益率曲线(AAA),远期的到期,2026-02-14,0,2.6455,5,7,7Y
上海清算所城投债收益率曲线(AAA),远期的到期,2026-02-14,0,2.6457,5,6,6Y
上海清算所城投债收益率曲线(AAA),远期的到期,2026-02-14,0,2.6639,5,5,5Y
上海清算所城投债收益率曲线(AAA),远期的到期,2026-02-14,0,2.7173,5,4,4Y
上海清算所城投债收益率曲线(AAA),远期的到期,2026-02-14,0,2.6707,5,3,3Y
上海清算所城投债收益率曲线(AAA),远期的到期,2026-02-14,0,2.7363,5,2,2Y
上海清算所城投债收益率曲线(AAA),远期的到期,2026-02-14,0,2.5098,5,1,1Y
上海清算所城投债收益率曲线(AAA),远期的到期,2026-02-14,0,2.7203,6,9,9Y
上海清算所城投债收益率曲线(AAA),远期的到期,2026-02-14,0,2.6977,6,8,8Y
上海清算所城投债收益率曲线(AAA),远期的到期,2026-02-14,0,2.6798,6,7,7Y
上海清算所城投债收益率曲线(AAA),远期的到期,2026-02-14,0,2.6703,6,6,6Y
上海清算所城投债收益率曲线(AAA),远期的到期,2026-02-14,0,2.6752,6,5,5Y
上海清算所城投债收益率曲线(AAA),远期的到期,2026-02-14,0,2.7052,6,4,4Y
上海清算所城投债收益率曲线(AAA),远期的到期,2026-02-14,0,2.7904,6,3,3Y
上海清算所城投债收益率曲线(AAA),远期的到期,2026-02-14,0,2.7546,6,2,2Y
上海清算所城投债收益率曲线(AAA),远期的到期,2026-02-14,0,2.9696,6,1,1Y
上海清算所城投债收益率曲线(AAA),远期的到期,2026-02-14,0,2.6853,7,8,8Y
上海清算所城投债收益率曲线(AAA),远期的到期,2026-02-14,0,2.6547,7,7,7Y
上海清算所城投债收益率曲线(AAA),远期的到期,2026-02-14,0,2.627,7,6,6Y
上海清算所城投债收益率曲线(AAA),远期的到期,2026-02-14,0,2.6057,7,5,5Y
上海清算所城投债收益率曲线(AAA),远期的到期,2026-02-14,0,2.5967,7,4,4Y
上海清算所城投债收益率曲线(AAA),远期的到期,2026-02-14,0,2.6124,7,3,3Y
上海清算所城投债收益率曲线(AAA),远期的到期,2026-02-14,0,2.6973,7,2,2Y
上海清算所城投债收益率曲线(AAA),远期的到期,2026-02-14,0,2.5342,7,1,1Y
上海清算所城投债收益率曲线(AAA),远期的到期,2026-02-14,0,2.7093,8,7,7Y
上海清算所城投债收益率曲线(AAA),远期的到期,2026-02-14,0,2.6766,8,6,6Y
上海清算所城投债收益率曲线(AAA),远期的到期,2026-02-14,0,2.647,8,5,5Y
上海清算所城投债收益率曲线(AAA),远期的到期,2026-02-14,0,2.6248,8,4,4Y
上海清算所城投债收益率曲线(AAA),远期的到期,2026-02-14,0,2.6186,8,3,3Y
上海清算所城投债收益率曲线(AAA),远期的到期,2026-02-14,0,2.6531,8,2,2Y
上海清算所城投债收益率曲线(AAA),远期的到期,2026-02-14,0,2.865,8,1,1Y
上海清算所城投债收益率曲线(AAA),远期的到期,2026-02-14,0,2.6809,9,6,6Y
上海清算所城投债收益率曲线(AAA),远期的到期,2026-02-14,0,2.636,9,5,5Y
上海清算所城投债收益率曲线(AAA),远期的到期,2026-02-14,0,2.589,9,4,4Y
上海清算所城投债收益率曲线(AAA),远期的到期,2026-02-14,0,2.5406,9,3,3Y
上海清算所城投债收益率曲线(AAA),远期的到期,2026-02-14,0,2.4908,9,2,2Y
上海清算所城投债收益率曲线(AAA),远期的到期,2026-02-14,0,2.4359,9,1,1Y
上海清算所城投债收益率曲线(AAA),远期的到期,2026-02-14,0,2.7339,10,5,5Y
上海清算所城投债收益率曲线(AAA),远期的到期,2026-02-14,0,2.6894,10,4,4Y
上海清算所城投债收益率曲线(AAA),远期的到期,2026-02-14,0,2.6428,10,3,3Y
上海清算所城投债收益率曲线(AAA),远期的到期,2026-02-14,0,2.595,10,2,2Y
上海清算所城投债收益率曲线(AAA),远期的到期,2026-02-14,0,2.5471,10,1,1Y
上海清算所城投债收益率曲线(AAA),远期的到期,2026-02-14,0,2.7838,11,4,4Y
上海清算所城投债收益率曲线(AAA),远期的到期,2026-02-14,0,2.7394,11,3,3Y
上海清算所城投债收益率曲线(AAA),远期的到期,2026-02-14,0,2.6925,11,2,2Y
上海清算所城投债收益率曲线(AAA),远期的到期,2026-02-14,0,2.6442,11,1,1Y
上海清算所城投债收益率曲线(AAA),远期的到期,2026-02-14,0,2.833,12,3,3Y
上海清算所城投债收益率曲线(AAA),远期的到期,2026-02-14,0,2.7889,12,2,2Y
上海清算所城投债收益率曲线(AAA),远期的到期,2026-02-14,0,2.7421,12,1,1Y
上海清算所城投债收益率曲线(AAA),远期的到期,2026-02-14,0,2.8804,13,2,2Y
上海清算所城投债收益率曲线(AAA),远期的到期,2026-02-14,0,2.8371,13,1,1Y
上海清算所城投债收益率曲线(AAA),远期的到期,2026-02-14,0,2.9249,14,1,1Y
上海清算所城投债收益率曲线(AAA),远期的到期,2026-02-14,0,2.4718,1,14,14Y
上海清算所城投债收益率曲线(AAA),远期的到期,2026-02-14,0,2.4429,1,13,13Y
上海清算所城投债收益率曲线(AAA),远期的到期,2026-02-14,0,2.4153,1,12,12Y
上海清算所城投债收益率曲线(AAA),远期的到期,2026-02-14,0,2.3899,1,11,11Y
上海清算所城投债收益率曲线(AAA),远期的到期,2026-02-14,0,2.3678,1,10,10Y
上海清算所城投债收益率曲线(AAA),远期的到期,2026-02-14,0,2.3503,1,9,9Y
上海清算所城投债收益率曲线(AAA),远期的到期,2026-02-14,0,2.3408,1,8,8Y
上海清算所城投债收益率曲线(AAA),远期的到期,2026-02-14,0,2.2732,1,7,7Y
上海清算所城投债收益率曲线(AAA),远期的到期,2026-02-14,0,2.2334,1,6,6Y
上海清算所城投债收益率曲线(AAA),远期的到期,2026-02-14,0,2.0966,1,5,5Y
上海清算所城投债收益率曲线(AAA),远期的到期,2026-02-14,0,1.9989,1,4,4Y
上海清算所城投债收益率曲线(AAA),远期的到期,2026-02-14,0,1.9729,1,3,3Y
上海清算所城投债收益率曲线(AAA),远期的到期,2026-02-14,0,1.9311,1,2,2Y
上海清算所城投债收益率曲线(AAA),远期的到期,2026-02-14,0,1.8536,1,1,1Y
上海清算所城投债收益率曲线(AAA),远期的到期,2026-02-24,0,2.5365,2,13,13Y
上海清算所城投债收益率曲线(AAA),远期的到期,2026-02-24,0,2.496,2,12,12Y
上海清算所城投债收益率曲线(AAA),远期的到期,2026-02-24,0,2.4678,2,11,11Y
上海清算所城投债收益率曲线(AAA),远期的到期,2026-02-24,0,2.4404,2,10,10Y
上海清算所城投债收益率曲线(AAA),远期的到期,2026-02-24,0,2.4139,2,9,9Y
上海清算所城投债收益率曲线(AAA),远期的到期,2026-02-24,0,2.4144,2,8,8Y
上海清算所城投债收益率曲线(AAA),远期的到期,2026-02-24,0,2.4313,2,7,7Y
上海清算所城投债收益率曲线(AAA),远期的到期,2026-02-24,0,2.3449,2,6,6Y
上海清算所城投债收益率曲线(AAA),远期的到期,2026-02-24,0,2.3147,2,5,5Y
上海清算所城投债收益率曲线(AAA),远期的到期,2026-02-24,0,2.1678,2,4,4Y
上海清算所城投债收益率曲线(AAA),远期的到期,2026-02-24,0,2.0738,2,3,3Y
上海清算所城投债收益率曲线(AAA),远期的到期,2026-02-24,0,1.9788,2,2,2Y
上海清算所城投债收益率曲线(AAA),远期的到期,2026-02-24,0,1.9069,2,1,1Y
上海清算所城投债收益率曲线(AAA),远期的到期,2026-02-24,0,2.5979,3,12,12Y
上海清算所城投债收益率曲线(AAA),远期的到期,2026-02-24,0,2.5578,3,11,11Y
上海清算所城投债收益率曲线(AAA),远期的到期,2026-02-24,0,2.5318,3,10,10Y
上海清算所城投债收益率曲线(AAA),远期的到期,2026-02-24,0,2.5071,3,9,9Y
上海清算所城投债收益率曲线(AAA),远期的到期,2026-02-24,0,2.4845,3,8,8Y
上海清算所城投债收益率曲线(AAA),远期的到期,2026-02-24,0,2.4941,3,7,7Y
上海清算所城投债收益率曲线(AAA),远期的到期,2026-02-24,0,2.5262,3,6,6Y
上海清算所城投债收益率曲线(AAA),远期的到期,2026-02-24,0,2.4388,3,5,5Y
上海清算所城投债收益率曲线(AAA),远期的到期,2026-02-24,0,2.4226,3,4,4Y
上海清算所城投债收益率曲线(AAA),远期的到期,2026-02-24,0,2.2587,3,3,3Y
上海清算所城投债收益率曲线(AAA),远期的到期,2026-02-24,0,2.16,3,2,2Y
上海清算所城投债收益率曲线(AAA),远期的到期,2026-02-24,0,2.0522,3,1,1Y
上海清算所城投债收益率曲线(AAA),远期的到期,2026-02-24,0,2.6555,4,11,11Y
上海清算所城投债收益率曲线(AAA),远期的到期,2026-02-24,0,2.6158,4,10,10Y
上海清算所城投债收益率曲线(AAA),远期的到期,2026-02-24,0,2.5921,4,9,9Y
上海清算所城投债收益率曲线(AAA),远期的到期,2026-02-24,0,2.5707,4,8,8Y
上海清算所城投债收益率曲线(AAA),远期的到期,2026-02-24,0,2.5527,4,7,7Y
上海清算所城投债收益率曲线(AAA),远期的到期,2026-02-24,0,2.5744,4,6,6Y
上海清算所城投债收益率曲线(AAA),远期的到期,2026-02-24,0,2.6283,4,5,5Y
上海清算所城投债收益率曲线(AAA),远期的到期,2026-02-24,0,2.5415,4,4,4Y
上海清算所城投债收益率曲线(AAA),远期的到期,2026-02-24,0,2.5521,4,3,3Y
上海清算所城投债收益率曲线(AAA),远期的到期,2026-02-24,0,2.3655,4,2,2Y
上海清算所城投债收益率曲线(AAA),远期的到期,2026-02-24,0,2.2702,4,1,1Y
上海清算所城投债收益率曲线(AAA),远期的到期,2026-02-24,0,2.6999,5,10,10Y
上海清算所城投债收益率曲线(AAA),远期的到期,2026-02-24,0,2.6594,5,9,9Y
上海清算所城投债收益率曲线(AAA),远期的到期,2026-02-24,0,2.6373,5,8,8Y
上海清算所城投债收益率曲线(AAA),远期的到期,2026-02-24,0,2.6183,5,7,7Y
上海清算所城投债收益率曲线(AAA),远期的到期,2026-02-24,0,2.6042,5,6,6Y
上海清算所城投债收益率曲线(AAA),远期的到期,2026-02-24,0,2.6402,5,5,5Y
上海清算所城投债收益率曲线(AAA),远期的到期,2026-02-24,0,2.7239,5,4,4Y
上海清算所城投债收益率曲线(AAA),远期的到期,2026-02-24,0,2.6368,5,3,3Y
上海清算所城投债收益率曲线(AAA),远期的到期,2026-02-24,0,2.6986,5,2,2Y
上海清算所城投债收益率曲线(AAA),远期的到期,2026-02-24,0,2.4632,5,1,1Y
上海清算所城投债收益率曲线(AAA),远期的到期,2026-02-24,0,2.7299,6,9,9Y
上海清算所城投债收益率曲线(AAA),远期的到期,2026-02-24,0,2.687,6,8,8Y
上海清算所城投债收益率曲线(AAA),远期的到期,2026-02-24,0,2.6649,6,7,7Y
上海清算所城投债收益率曲线(AAA),远期的到期,2026-02-24,0,2.6467,6,6,6Y
上海清算所城投债收益率曲线(AAA),远期的到期,2026-02-24,0,2.6347,6,5,5Y
上海清算所城投债收益率曲线(AAA),远期的到期,2026-02-24,0,2.6876,6,4,4Y
上海清算所城投债收益率曲线(AAA),远期的到期,2026-02-24,0,2.8158,6,3,3Y
上海清算所城投债收益率曲线(AAA),远期的到期,2026-02-24,0,2.7272,6,2,2Y
上海清算所城投债收益率曲线(AAA),远期的到期,2026-02-24,0,2.941,6,1,1Y
上海清算所城投债收益率曲线(AAA),远期的到期,2026-02-24,0,2.7003,7,8,8Y
上海清算所城投债收益率曲线(AAA),远期的到期,2026-02-24,0,2.6469,7,7,7Y
上海清算所城投债收益率曲线(AAA),远期的到期,2026-02-24,0,2.6146,7,6,6Y
上海清算所城投债收益率曲线(AAA),远期的到期,2026-02-24,0,2.5831,7,5,5Y
上海清算所城投债收益率曲线(AAA),远期的到期,2026-02-24,0,2.5531,7,4,4Y
上海清算所城投债收益率曲线(AAA),远期的到期,2026-02-24,0,2.5986,7,3,3Y
上海清算所城投债收益率曲线(AAA),远期的到期,2026-02-24,0,2.7506,7,2,2Y
上海清算所城投债收益率曲线(AAA),远期的到期,2026-02-24,0,2.5081,7,1,1Y
上海清算所城投债收益率曲线(AAA),远期的到期,2026-02-24,0,2.7308,8,7,7Y
上海清算所城投债收益率曲线(AAA),远期的到期,2026-02-24,0,2.6722,8,6,6Y
上海清算所城投债收益率曲线(AAA),远期的到期,2026-02-24,0,2.6376,8,5,5Y
上海清算所城投债收益率曲线(AAA),远期的到期,2026-02-24,0,2.6032,8,4,4Y
上海清算所城投债收益率曲线(AAA),远期的到期,2026-02-24,0,2.5689,8,3,3Y
上海清算所城投债收益率曲线(AAA),远期的到期,2026-02-24,0,2.6458,8,2,2Y
上海清算所城投债收益率曲线(AAA),远期的到期,2026-02-24,0,3.0005,8,1,1Y
上海清算所城投债收益率曲线(AAA),远期的到期,2026-02-24,0,2.6817,9,6,6Y
上海清算所城投债收益率曲线(AAA),远期的到期,2026-02-24,0,2.6015,9,5,5Y
上海清算所城投债收益率曲线(AAA),远期的到期,2026-02-24,0,2.5412,9,4,4Y
上海清算所城投债收益率曲线(AAA),远期的到期,2026-02-24,0,2.4643,9,3,3Y
上海清算所城投债收益率曲线(AAA),远期的到期,2026-02-24,0,2.3456,9,2,2Y
上海清算所城投债收益率曲线(AAA),远期的到期,2026-02-24,0,2.2831,9,1,1Y
上海清算所城投债收益率曲线(AAA),远期的到期,2026-02-24,0,2.7679,10,5,5Y
上海清算所城投债收益率曲线(AAA),远期的到期,2026-02-24,0,2.6864,10,4,4Y
上海清算所城投债收益率曲线(AAA),远期的到期,2026-02-24,0,2.6318,10,3,3Y
上海清算所城投债收益率曲线(AAA),远期的到期,2026-02-24,0,2.5584,10,2,2Y
上海清算所城投债收益率曲线(AAA),远期的到期,2026-02-24,0,2.4096,10,1,1Y
上海清算所城投债收益率曲线(AAA),远期的到期,2026-02-24,0,2.8639,11,4,4Y
上海清算所城投债收益率曲线(AAA),远期的到期,2026-02-24,0,2.7838,11,3,3Y
上海清算所城投债收益率曲线(AAA),远期的到期,2026-02-24,0,2.7474,11,2,2Y
上海清算所城投债收益率曲线(AAA),远期的到期,2026-02-24,0,2.7112,11,1,1Y
上海清算所城投债收益率曲线(AAA),远期的到期,2026-02-24,0,2.9177,12,3,3Y
上海清算所城投债收益率曲线(AAA),远期的到期,2026-02-24,0,2.8216,12,2,2Y
上海清算所城投债收益率曲线(AAA),远期的到期,2026-02-24,0,2.7846,12,1,1Y
上海清算所城投债收益率曲线(AAA),远期的到期,2026-02-24,0,2.9872,13,2,2Y
上海清算所城投债收益率曲线(AAA),远期的到期,2026-02-24,0,2.8596,13,1,1Y
上海清算所城投债收益率曲线(AAA),远期的到期,2026-02-24,0,3.1187,14,1,1Y
上海清算所城投债收益率曲线(AAA),远期的到期,2026-02-24,0,2.4797,1,14,14Y
上海清算所城投债收益率曲线(AAA),远期的到期,2026-02-24,0,2.4391,1,13,13Y
上海清算所城投债收益率曲线(AAA),远期的到期,2026-02-24,0,2.4096,1,12,12Y
上海清算所城投债收益率曲线(AAA),远期的到期,2026-02-24,0,2.3805,1,11,11Y
上海清算所城投债收益率曲线(AAA),远期的到期,2026-02-24,0,2.3518,1,10,10Y
上海清算所城投债收益率曲线(AAA),远期的到期,2026-02-24,0,2.3461,1,9,9Y
上海清算所城投债收益率曲线(AAA),远期的到期,2026-02-24,0,2.3531,1,8,8Y
上海清算所城投债收益率曲线(AAA),远期的到期,2026-02-24,0,2.2698,1,7,7Y
上海清算所城投债收益率曲线(AAA),远期的到期,2026-02-24,0,2.2335,1,6,6Y
上海清算所城投债收益率曲线(AAA),远期的到期,2026-02-24,0,2.1021,1,5,5Y
上海清算所城投债收益率曲线(AAA),远期的到期,2026-02-24,0,2.0167,1,4,4Y
上海清算所城投债收益率曲线(AAA),远期的到期,2026-02-24,0,1.9358,1,3,3Y
上海清算所城投债收益率曲线(AAA),远期的到期,2026-02-24,0,1.8793,1,2,2Y
上海清算所城投债收益率曲线(AAA),远期的到期,2026-02-24,0,1.8522,1,1,1Y
上海清算所城投债收益率曲线(AAA),远期的到期,2026-02-25,0,2.5266,2,13,13Y
上海清算所城投债收益率曲线(AAA),远期的到期,2026-02-25,0,2.5032,2,12,12Y
上海清算所城投债收益率曲线(AAA),远期的到期,2026-02-25,0,2.4763,2,11,11Y
上海清算所城投债收益率曲线(AAA),远期的到期,2026-02-25,0,2.4501,2,10,10Y
上海清算所城投债收益率曲线(AAA),远期的到期,2026-02-25,0,2.4321,2,9,9Y
上海清算所城投债收益率曲线(AAA),远期的到期,2026-02-25,0,2.4402,2,8,8Y
上海清算所城投债收益率曲线(AAA),远期的到期,2026-02-25,0,2.4463,2,7,7Y
上海清算所城投债收益率曲线(AAA),远期的到期,2026-02-25,0,2.3538,2,6,6Y
上海清算所城投债收益率曲线(AAA),远期的到期,2026-02-25,0,2.3295,2,5,5Y
上海清算所城投债收益率曲线(AAA),远期的到期,2026-02-25,0,2.1868,2,4,4Y
上海清算所城投债收益率曲线(AAA),远期的到期,2026-02-25,0,2.0675,2,3,3Y
上海清算所城投债收益率曲线(AAA),远期的到期,2026-02-25,0,2.051,2,2,2Y
上海清算所城投债收益率曲线(AAA),远期的到期,2026-02-25,0,1.9739,2,1,1Y
上海清算所城投债收益率曲线(AAA),远期的到期,2026-02-25,0,2.5805,3,12,12Y
上海清算所城投债收益率曲线(AAA),远期的到期,2026-02-25,0,2.5588,3,11,11Y
上海清算所城投债收益率曲线(AAA),远期的到期,2026-02-25,0,2.5336,3,10,10Y
上海清算所城投债收益率曲线(AAA),远期的到期,2026-02-25,0,2.5097,3,9,9Y
上海清算所城投债收益率曲线(AAA),远期的到期,2026-02-25,0,2.4958,3,8,8Y
上海清算所城投债收益率曲线(AAA),远期的到期,2026-02-25,0,2.5134,3,7,7Y
上海清算所城投债收益率曲线(AAA),远期的到期,2026-02-25,0,2.5318,3,6,6Y
上海清算所城投债收益率曲线(AAA),远期的到期,2026-02-25,0,2.4351,3,5,5Y
上海清算所城投债收益率曲线(AAA),远期的到期,2026-02-25,0,2.4235,3,4,4Y
上海清算所城投债收益率曲线(AAA),远期的到期,2026-02-25,0,2.2609,3,3,3Y
上海清算所城投债收益率曲线(AAA),远期的到期,2026-02-25,0,2.1157,3,2,2Y
上海清算所城投债收益率曲线(AAA),远期的到期,2026-02-25,0,2.1297,3,1,1Y
上海清算所城投债收益率曲线(AAA),远期的到期,2026-02-25,0,2.6281,4,11,11Y
上海清算所城投债收益率曲线(AAA),远期的到期,2026-02-25,0,2.608,4,10,10Y
上海清算所城投债收益率曲线(AAA),远期的到期,2026-02-25,0,2.5844,4,9,9Y
上海清算所城投债收益率曲线(AAA),远期的到期,2026-02-25,0,2.5628,4,8,8Y
上海清算所城投债收益率曲线(AAA),远期的到期,2026-02-25,0,2.5536,4,7,7Y
上海清算所城投债收益率曲线(AAA),远期的到期,2026-02-25,0,2.5831,4,6,6Y
上海清算所城投债收益率曲线(AAA),远期的到期,2026-02-25,0,2.6183,4,5,5Y
上海清算所城投债收益率曲线(AAA),远期的到期,2026-02-25,0,2.5162,4,4,4Y
上海清算所城投债收益率曲线(AAA),远期的到期,2026-02-25,0,2.5262,4,3,3Y
上海清算所城投债收益率曲线(AAA),远期的到期,2026-02-25,0,2.3288,4,2,2Y
上海清算所城投债收益率曲线(AAA),远期的到期,2026-02-25,0,2.1015,4,1,1Y
上海清算所城投债收益率曲线(AAA),远期的到期,2026-02-25,0,2.6887,5,10,10Y
上海清算所城投债收益率曲线(AAA),远期的到期,2026-02-25,0,2.672,5,9,9Y
上海清算所城投债收益率曲线(AAA),远期的到期,2026-02-25,0,2.6522,5,8,8Y
上海清算所城投债收益率曲线(AAA),远期的到期,2026-02-25,0,2.636,5,7,7Y
上海清算所城投债收益率曲线(AAA),远期的到期,2026-02-25,0,2.6361,5,6,6Y
上海清算所城投债收益率曲线(AAA),远期的到期,2026-02-25,0,2.6874,5,5,5Y
上海清算所城投债收益率曲线(AAA),远期的到期,2026-02-25,0,2.7564,5,4,4Y
上海清算所城投债收益率曲线(AAA),远期的到期,2026-02-25,0,2.6619,5,3,3Y
上海清算所城投债收益率曲线(AAA),远期的到期,2026-02-25,0,2.7472,5,2,2Y
上海清算所城投债收益率曲线(AAA),远期的到期,2026-02-25,0,2.5619,5,1,1Y
上海清算所城投债收益率曲线(AAA),远期的到期,2026-02-25,0,2.7048,6,9,9Y
上海清算所城投债收益率曲线(AAA),远期的到期,2026-02-25,0,2.6875,6,8,8Y
上海清算所城投债收益率曲线(AAA),远期的到期,2026-02-25,0,2.6665,6,7,7Y
上海清算所城投债收益率曲线(AAA),远期的到期,2026-02-25,0,2.6495,6,6,6Y
上海清算所城投债收益率曲线(AAA),远期的到期,2026-02-25,0,2.6522,6,5,5Y
上海清算所城投债收益率曲线(AAA),远期的到期,2026-02-25,0,2.721,6,4,4Y
上海清算所城投债收益率曲线(AAA),远期的到期,2026-02-25,0,2.8249,6,3,3Y
上海清算所城投债收益率曲线(AAA),远期的到期,2026-02-25,0,2.714,6,2,2Y
上海清算所城投债收益率曲线(AAA),远期的到期,2026-02-25,0,2.9379,6,1,1Y
上海清算所城投债收益率曲线(AAA),远期的到期,2026-02-25,0,2.6721,7,8,8Y
上海清算所城投债收益率曲线(AAA),远期的到期,2026-02-25,0,2.6478,7,7,7Y
上海清算所城投债收益率曲线(AAA),远期的到期,2026-02-25,0,2.6171,7,6,6Y
上海清算所城投债收益率曲线(AAA),远期的到期,2026-02-25,0,2.5872,7,5,5Y
上海清算所城投债收益率曲线(AAA),远期的到期,2026-02-25,0,2.5761,7,4,4Y
上海清算所城投债收益率曲线(AAA),远期的到期,2026-02-25,0,2.6448,7,3,3Y
上海清算所城投债收益率曲线(AAA),远期的到期,2026-02-25,0,2.7661,7,2,2Y
上海清算所城投债收益率曲线(AAA),远期的到期,2026-02-25,0,2.4845,7,1,1Y
上海清算所城投债收益率曲线(AAA),远期的到期,2026-02-25,0,2.7019,8,7,7Y
上海清算所城投债收益率曲线(AAA),远期的到期,2026-02-25,0,2.6777,8,6,6Y
上海清算所城投债收益率曲线(AAA),远期的到期,2026-02-25,0,2.6458,8,5,5Y
上海清算所城投债收益率曲线(AAA),远期的到期,2026-02-25,0,2.6147,8,4,4Y
上海清算所城投债收益率曲线(AAA),远期的到期,2026-02-25,0,2.6082,8,3,3Y
上海清算所城投债收益率曲线(AAA),远期的到期,2026-02-25,0,2.7284,8,2,2Y
上海清算所城投债收益率曲线(AAA),远期的到期,2026-02-25,0,3.0563,8,1,1Y
上海清算所城投债收益率曲线(AAA),远期的到期,2026-02-25,0,2.6374,9,6,6Y
上海清算所城投债收益率曲线(AAA),远期的到期,2026-02-25,0,2.5961,9,5,5Y
上海清算所城投债收益率曲线(AAA),远期的到期,2026-02-25,0,2.5367,9,4,4Y
上海清算所城投债收益率曲线(AAA),远期的到期,2026-02-25,0,2.4602,9,3,3Y
上海清算所城投债收益率曲线(AAA),远期的到期,2026-02-25,0,2.3762,9,2,2Y
上海清算所城投债收益率曲线(AAA),远期的到期,2026-02-25,0,2.3926,9,1,1Y
上海清算所城投债收益率曲线(AAA),远期的到期,2026-02-25,0,2.6903,10,5,5Y
上海清算所城投债收益率曲线(AAA),远期的到期,2026-02-25,0,2.6503,10,4,4Y
上海清算所城投债收益率曲线(AAA),远期的到期,2026-02-25,0,2.5872,10,3,3Y
上海清算所城投债收益率曲线(AAA),远期的到期,2026-02-25,0,2.4953,10,2,2Y
上海清算所城投债收益率曲线(AAA),远期的到期,2026-02-25,0,2.3593,10,1,1Y
上海清算所城投债收益率曲线(AAA),远期的到期,2026-02-25,0,2.7787,11,4,4Y
上海清算所城投债收益率曲线(AAA),远期的到期,2026-02-25,0,2.7526,11,3,3Y
上海清算所城投债收益率曲线(AAA),远期的到期,2026-02-25,0,2.7058,11,2,2Y
上海清算所城投债收益率曲线(AAA),远期的到期,2026-02-25,0,2.6349,11,1,1Y
上海清算所城投债收益率曲线(AAA),远期的到期,2026-02-25,0,2.8294,12,3,3Y
上海清算所城投债收益率曲线(AAA),远期的到期,2026-02-25,0,2.814,12,2,2Y
上海清算所城投债收益率曲线(AAA),远期的到期,2026-02-25,0,2.7786,12,1,1Y
上海清算所城投债收益率曲线(AAA),远期的到期,2026-02-25,0,2.8559,13,2,2Y
上海清算所城投债收益率曲线(AAA),远期的到期,2026-02-25,0,2.8504,13,1,1Y
上海清算所城投债收益率曲线(AAA),远期的到期,2026-02-25,0,2.8616,14,1,1Y
上海清算所城投债收益率曲线(AAA),远期的到期,2026-02-25,0,2.4666,1,14,14Y
上海清算所城投债收益率曲线(AAA),远期的到期,2026-02-25,0,2.4414,1,13,13Y
上海清算所城投债收益率曲线(AAA),远期的到期,2026-02-25,0,2.4127,1,12,12Y
上海清算所城投债收益率曲线(AAA),远期的到期,2026-02-25,0,2.3843,1,11,11Y
上海清算所城投债收益率曲线(AAA),远期的到期,2026-02-25,0,2.3625,1,10,10Y
上海清算所城投债收益率曲线(AAA),远期的到期,2026-02-25,0,2.3629,1,9,9Y
上海清算所城投债收益率曲线(AAA),远期的到期,2026-02-25,0,2.3595,1,8,8Y
上海清算所城投债收益率曲线(AAA),远期的到期,2026-02-25,0,2.2699,1,7,7Y
上海清算所城投债收益率曲线(AAA),远期的到期,2026-02-25,0,2.2372,1,6,6Y
上海清算所城投债收益率曲线(AAA),远期的到期,2026-02-25,0,2.1071,1,5,5Y
上海清算所城投债收益率曲线(AAA),远期的到期,2026-02-25,0,1.9996,1,4,4Y
上海清算所城投债收益率曲线(AAA),远期的到期,2026-02-25,0,1.967,1,3,3Y
上海清算所城投债收益率曲线(AAA),远期的到期,2026-02-25,0,1.8882,1,2,2Y
上海清算所城投债收益率曲线(AAA),远期的到期,2026-02-25,0,1.8041,1,1,1Y
上海清算所城投债收益率曲线(AAA),远期的到期,2026-02-26,0,2.5432,2,13,13Y
上海清算所城投债收益率曲线(AAA),远期的到期,2026-02-26,0,2.5183,2,12,12Y
上海清算所城投债收益率曲线(AAA),远期的到期,2026-02-26,0,2.4892,2,11,11Y
上海清算所城投债收益率曲线(AAA),远期的到期,2026-02-26,0,2.4611,2,10,10Y
上海清算所城投债收益率曲线(AAA),远期的到期,2026-02-26,0,2.442,2,9,9Y
上海清算所城投债收益率曲线(AAA),远期的到期,2026-02-26,0,2.451,2,8,8Y
上海清算所城投债收益率曲线(AAA),远期的到期,2026-02-26,0,2.4614,2,7,7Y
上海清算所城投债收益率曲线(AAA),远期的到期,2026-02-26,0,2.3748,2,6,6Y
上海清算所城投债收益率曲线(AAA),远期的到期,2026-02-26,0,2.3542,2,5,5Y
上海清算所城投债收益率曲线(AAA),远期的到期,2026-02-26,0,2.2077,2,4,4Y
上海清算所城投债收益率曲线(AAA),远期的到期,2026-02-26,0,2.0812,2,3,3Y
上海清算所城投债收益率曲线(AAA),远期的到期,2026-02-26,0,2.0633,2,2,2Y
上海清算所城投债收益率曲线(AAA),远期的到期,2026-02-26,0,1.9854,2,1,1Y
上海清算所城投债收益率曲线(AAA),远期的到期,2026-02-26,0,2.5977,3,12,12Y
上海清算所城投债收益率曲线(AAA),远期的到期,2026-02-26,0,2.5743,3,11,11Y
上海清算所城投债收益率曲线(AAA),远期的到期,2026-02-26,0,2.5467,3,10,10Y
上海清算所城投债收益率曲线(AAA),远期的到期,2026-02-26,0,2.5207,3,9,9Y
上海清算所城投债收益率曲线(AAA),远期的到期,2026-02-26,0,2.5056,3,8,8Y
上海清算所城投债收益率曲线(AAA),远期的到期,2026-02-26,0,2.5242,3,7,7Y
上海清算所城投债收益率曲线(AAA),远期的到期,2026-02-26,0,2.5476,3,6,6Y
上海清算所城投债收益率曲线(AAA),远期的到期,2026-02-26,0,2.4583,3,5,5Y
上海清算所城投债收益率曲线(AAA),远期的到期,2026-02-26,0,2.4518,3,4,4Y
上海清算所城投债收益率曲线(AAA),远期的到期,2026-02-26,0,2.2851,3,3,3Y
上海清算所城投债收益率曲线(AAA),远期的到期,2026-02-26,0,2.1307,3,2,2Y
上海清算所城投债收益率曲线(AAA),远期的到期,2026-02-26,0,2.1428,3,1,1Y
上海清算所城投债收益率曲线(AAA),远期的到期,2026-02-26,0,2.6457,4,11,11Y
上海清算所城投债收益率曲线(AAA),远期的到期,2026-02-26,0,2.6238,4,10,10Y
上海清算所城投债收益率曲线(AAA),远期的到期,2026-02-26,0,2.5976,4,9,9Y
上海清算所城投债收益率曲线(AAA),远期的到期,2026-02-26,0,2.5735,4,8,8Y
上海清算所城投债收益率曲线(AAA),远期的到期,2026-02-26,0,2.5628,4,7,7Y
上海清算所城投债收益率曲线(AAA),远期的到期,2026-02-26,0,2.5935,4,6,6Y
上海清算所城投债收益率曲线(AAA),远期的到期,2026-02-26,0,2.6348,4,5,5Y
上海清算所城投债收益率曲线(AAA),远期的到期,2026-02-26,0,2.5421,4,4,4Y
上海清算所城投债收益率曲线(AAA),远期的到期,2026-02-26,0,2.5598,4,3,3Y
上海清算所城投债收益率曲线(AAA),远期的到期,2026-02-26,0,2.3587,4,2,2Y
上海清算所城投债收益率曲线(AAA),远期的到期,2026-02-26,0,2.1183,4,1,1Y
上海清算所城投债收益率曲线(AAA),远期的到期,2026-02-26,0,2.7066,5,10,10Y
上海清算所城投债收益率曲线(AAA),远期的到期,2026-02-26,0,2.6877,5,9,9Y
上海清算所城投债收益率曲线(AAA),远期的到期,2026-02-26,0,2.6649,5,8,8Y
上海清算所城投债收益率曲线(AAA),远期的到期,2026-02-26,0,2.6457,5,7,7Y
上海清算所城投债收益率曲线(AAA),远期的到期,2026-02-26,0,2.6441,5,6,6Y
上海清算所城投债收益率曲线(AAA),远期的到期,2026-02-26,0,2.6965,5,5,5Y
上海清算所城投债收益率曲线(AAA),远期的到期,2026-02-26,0,2.7728,5,4,4Y
上海清算所城投债收益率曲线(AAA),远期的到期,2026-02-26,0,2.691,5,3,3Y
上海清算所城投债收益率曲线(AAA),远期的到期,2026-02-26,0,2.7896,5,2,2Y
上海清算所城投债收益率曲线(AAA),远期的到期,2026-02-26,0,2.6053,5,1,1Y
上海清算所城投债收益率曲线(AAA),远期的到期,2026-02-26,0,2.7194,6,9,9Y
上海清算所城投债收益率曲线(AAA),远期的到期,2026-02-26,0,2.6993,6,8,8Y
上海清算所城投债收益率曲线(AAA),远期的到期,2026-02-26,0,2.6744,6,7,7Y
上海清算所城投债收益率曲线(AAA),远期的到期,2026-02-26,0,2.6531,6,6,6Y
上海清算所城投债收益率曲线(AAA),远期的到期,2026-02-26,0,2.6525,6,5,5Y
上海清算所城投债收益率曲线(AAA),远期的到期,2026-02-26,0,2.7209,6,4,4Y
上海清算所城投债收益率曲线(AAA),远期的到期,2026-02-26,0,2.8318,6,3,3Y
上海清算所城投债收益率曲线(AAA),远期的到期,2026-02-26,0,2.7357,6,2,2Y
上海清算所城投债收益率曲线(AAA),远期的到期,2026-02-26,0,2.9795,6,1,1Y
上海清算所城投债收益率曲线(AAA),远期的到期,2026-02-26,0,2.6829,7,8,8Y
上海清算所城投债收益率曲线(AAA),远期的到期,2026-02-26,0,2.655,7,7,7Y
上海清算所城投债收益率曲线(AAA),远期的到期,2026-02-26,0,2.6188,7,6,6Y
上海清算所城投债收益率曲线(AAA),远期的到期,2026-02-26,0,2.5826,7,5,5Y
上海清算所城投债收益率曲线(AAA),远期的到期,2026-02-26,0,2.5653,7,4,4Y
上海清算所城投债收益率曲线(AAA),远期的到期,2026-02-26,0,2.6301,7,3,3Y
上海清算所城投债收益率曲线(AAA),远期的到期,2026-02-26,0,2.7551,7,2,2Y
上海清算所城投债收益率曲线(AAA),远期的到期,2026-02-26,0,2.4859,7,1,1Y
上海清算所城投债收益率曲线(AAA),远期的到期,2026-02-26,0,2.7142,8,7,7Y
上海清算所城投债收益率曲线(AAA),远期的到期,2026-02-26,0,2.6859,8,6,6Y
上海清算所城投债收益率曲线(AAA),远期的到期,2026-02-26,0,2.6475,8,5,5Y
上海清算所城投债收益率曲线(AAA),远期的到期,2026-02-26,0,2.6084,8,4,4Y
上海清算所城投债收益率曲线(AAA),远期的到期,2026-02-26,0,2.5933,8,3,3Y
上海清算所城投债收益率曲线(AAA),远期的到期,2026-02-26,0,2.7053,8,2,2Y
上海清算所城投债收益率曲线(AAA),远期的到期,2026-02-26,0,3.0324,8,1,1Y
上海清算所城投债收益率曲线(AAA),远期的到期,2026-02-26,0,2.6563,9,6,6Y
上海清算所城投债收益率曲线(AAA),远期的到期,2026-02-26,0,2.6113,9,5,5Y
上海清算所城投债收益率曲线(AAA),远期的到期,2026-02-26,0,2.5453,9,4,4Y
上海清算所城投债收益率曲线(AAA),远期的到期,2026-02-26,0,2.4602,9,3,3Y
上海清算所城投债收益率曲线(AAA),远期的到期,2026-02-26,0,2.3659,9,2,2Y
上海清算所城投债收益率曲线(AAA),远期的到期,2026-02-26,0,2.3704,9,1,1Y
上海清算所城投债收益率曲线(AAA),远期的到期,2026-02-26,0,2.7181,10,5,5Y
上海清算所城投债收益率曲线(AAA),远期的到期,2026-02-26,0,2.6755,10,4,4Y
上海清算所城投债收益率曲线(AAA),远期的到期,2026-02-26,0,2.6066,10,3,3Y
上海清算所城投债收益率曲线(AAA),远期的到期,2026-02-26,0,2.5068,10,2,2Y
上海清算所城投债收益率曲线(AAA),远期的到期,2026-02-26,0,2.3612,10,1,1Y
上海清算所城投债收益率曲线(AAA),远期的到期,2026-02-26,0,2.8135,11,4,4Y
上海清算所城投债收益率曲线(AAA),远期的到期,2026-02-26,0,2.786,11,3,3Y
上海清算所城投债收益率曲线(AAA),远期的到期,2026-02-26,0,2.7343,11,2,2Y
上海清算所城投债收益率曲线(AAA),远期的到期,2026-02-26,0,2.6562,11,1,1Y
上海清算所城投债收益率曲线(AAA),远期的到期,2026-02-26,0,2.869,12,3,3Y
上海清算所城投债收益率曲线(AAA),远期的到期,2026-02-26,0,2.8537,12,2,2Y
上海清算所城投债收益率曲线(AAA),远期的到期,2026-02-26,0,2.8145,12,1,1Y
上海清算所城投债收益率曲线(AAA),远期的到期,2026-02-26,0,2.8974,13,2,2Y
上海清算所城投债收益率曲线(AAA),远期的到期,2026-02-26,0,2.894,13,1,1Y
上海清算所城投债收益率曲线(AAA),远期的到期,2026-02-26,0,2.9009,14,1,1Y
上海清算所城投债收益率曲线(AAA),远期的到期,2026-02-26,0,2.4819,1,14,14Y
上海清算所城投债收益率曲线(AAA),远期的到期,2026-02-26,0,2.4552,1,13,13Y
上海清算所城投债收益率曲线(AAA),远期的到期,2026-02-26,0,2.4245,1,12,12Y
上海清算所城投债收益率曲线(AAA),远期的到期,2026-02-26,0,2.3942,1,11,11Y
上海清算所城投债收益率曲线(AAA),远期的到期,2026-02-26,0,2.3715,1,10,10Y
上海清算所城投债收益率曲线(AAA),远期的到期,2026-02-26,0,2.3725,1,9,9Y
上海清算所城投债收益率曲线(AAA),远期的到期,2026-02-26,0,2.3727,1,8,8Y
上海清算所城投债收益率曲线(AAA),远期的到期,2026-02-26,0,2.2879,1,7,7Y
上海清算所城投债收益率曲线(AAA),远期的到期,2026-02-26,0,2.2577,1,6,6Y
上海清算所城投债收益率曲线(AAA),远期的到期,2026-02-26,0,2.1238,1,5,5Y
上海清算所城投债收益率曲线(AAA),远期的到期,2026-02-26,0,2.0101,1,4,4Y
上海清算所城投债收益率曲线(AAA),远期的到期,2026-02-26,0,1.9756,1,3,3Y
上海清算所城投债收益率曲线(AAA),远期的到期,2026-02-26,0,1.8945,1,2,2Y
上海清算所城投债收益率曲线(AAA),远期的到期,2026-02-26,0,1.8054,1,1,1Y
上海清算所城投债收益率曲线(AAA),远期的到期,2026-02-27,0,2.5624,2,13,13Y
上海清算所城投债收益率曲线(AAA),远期的到期,2026-02-27,0,2.5336,2,12,12Y
上海清算所城投债收益率曲线(AAA),远期的到期,2026-02-27,0,2.5113,2,11,11Y
上海清算所城投债收益率曲线(AAA),远期的到期,2026-02-27,0,2.486,2,10,10Y
上海清算所城投债收益率曲线(AAA),远期的到期,2026-02-27,0,2.4793,2,9,9Y
上海清算所城投债收益率曲线(AAA),远期的到期,2026-02-27,0,2.4494,2,8,8Y
上海清算所城投债收益率曲线(AAA),远期的到期,2026-02-27,0,2.4477,2,7,7Y
上海清算所城投债收益率曲线(AAA),远期的到期,2026-02-27,0,2.395,2,6,6Y
上海清算所城投债收益率曲线(AAA),远期的到期,2026-02-27,0,2.3571,2,5,5Y
上海清算所城投债收益率曲线(AAA),远期的到期,2026-02-27,0,2.1675,2,4,4Y
上海清算所城投债收益率曲线(AAA),远期的到期,2026-02-27,0,2.0776,2,3,3Y
上海清算所城投债收益率曲线(AAA),远期的到期,2026-02-27,0,2.0793,2,2,2Y
上海清算所城投债收益率曲线(AAA),远期的到期,2026-02-27,0,1.9693,2,1,1Y
上海清算所城投债收益率曲线(AAA),远期的到期,2026-02-27,0,2.6204,3,12,12Y
上海清算所城投债收益率曲线(AAA),远期的到期,2026-02-27,0,2.5929,3,11,11Y
上海清算所城投债收益率曲线(AAA),远期的到期,2026-02-27,0,2.5732,3,10,10Y
上海清算所城投债收益率曲线(AAA),远期的到期,2026-02-27,0,2.5508,3,9,9Y
上海清算所城投债收益率曲线(AAA),远期的到期,2026-02-27,0,2.5503,3,8,8Y
上海清算所城投债收益率曲线(AAA),远期的到期,2026-02-27,0,2.5249,3,7,7Y
上海清算所城投债收益率曲线(AAA),远期的到期,2026-02-27,0,2.5343,3,6,6Y
上海清算所城投债收益率曲线(AAA),远期的到期,2026-02-27,0,2.4862,3,5,5Y
上海清算所城投债收益率曲线(AAA),远期的到期,2026-02-27,0,2.4597,3,4,4Y
上海清算所城投债收益率曲线(AAA),远期的到期,2026-02-27,0,2.2364,3,3,3Y
上海清算所城投债收益率曲线(AAA),远期的到期,2026-02-27,0,2.1335,3,2,2Y
上海清算所城投债收益率曲线(AAA),远期的到期,2026-02-27,0,2.1917,3,1,1Y
上海清算所城投债收益率曲线(AAA),远期的到期,2026-02-27,0,2.6657,4,11,11Y
上海清算所城投债收益率曲线(AAA),远期的到期,2026-02-27,0,2.639,4,10,10Y
上海清算所城投债收益率曲线(AAA),远期的到期,2026-02-27,0,2.6212,4,9,9Y
上海清算所城投债收益率曲线(AAA),远期的到期,2026-02-27,0,2.601,4,8,8Y
上海清算所城投债收益率曲线(AAA),远期的到期,2026-02-27,0,2.6069,4,7,7Y
上海清算所城投债收益率曲线(AAA),远期的到期,2026-02-27,0,2.5854,4,6,6Y
上海清算所城投债收益率曲线(AAA),远期的到期,2026-02-27,0,2.6081,4,5,5Y
上海清算所城投债收益率曲线(AAA),远期的到期,2026-02-27,0,2.5644,4,4,4Y
上海清算所城投债收益率曲线(AAA),远期的到期,2026-02-27,0,2.5534,4,3,3Y
上海清算所城投债收益率曲线(AAA),远期的到期,2026-02-27,0,2.2595,4,2,2Y
上海清算所城投债收益率曲线(AAA),远期的到期,2026-02-27,0,2.0741,4,1,1Y
上海清算所城投债收益率曲线(AAA),远期的到期,2026-02-27,0,2.734,5,10,10Y
上海清算所城投债收益率曲线(AAA),远期的到期,2026-02-27,0,2.7105,5,9,9Y
上海清算所城投债收益率曲线(AAA),远期的到期,2026-02-27,0,2.6982,5,8,8Y
上海清算所城投债收益率曲线(AAA),远期的到期,2026-02-27,0,2.6846,5,7,7Y
上海清算所城投债收益率曲线(AAA),远期的到期,2026-02-27,0,2.7043,5,6,6Y
上海清算所城投债收益率曲线(AAA),远期的到期,2026-02-27,0,2.6961,5,5,5Y
上海清算所城投债收益率曲线(AAA),远期的到期,2026-02-27,0,2.7508,5,4,4Y
上海清算所城投债收益率曲线(AAA),远期的到期,2026-02-27,0,2.7368,5,3,3Y
上海清算所城投债收益率曲线(AAA),远期的到期,2026-02-27,0,2.8027,5,2,2Y
上海清算所城投债收益率曲线(AAA),远期的到期,2026-02-27,0,2.4495,5,1,1Y
上海清算所城投债收益率曲线(AAA),远期的到期,2026-02-27,0,2.7702,6,9,9Y
上海清算所城投债收益率曲线(AAA),远期的到期,2026-02-27,0,2.7473,6,8,8Y
上海清算所城投债收益率曲线(AAA),远期的到期,2026-02-27,0,2.7377,6,7,7Y
上海清算所城投债收益率曲线(AAA),远期的到期,2026-02-27,0,2.7278,6,6,6Y
上海清算所城投债收益率曲线(AAA),远期的到期,2026-02-27,0,2.7596,6,5,5Y
上海清算所城投债收益率曲线(AAA),远期的到期,2026-02-27,0,2.7623,6,4,4Y
上海清算所城投债收益率曲线(AAA),远期的到期,2026-02-27,0,2.8572,6,3,3Y
上海清算所城投债收益率曲线(AAA),远期的到期,2026-02-27,0,2.887,6,2,2Y
上海清算所城投债收益率曲线(AAA),远期的到期,2026-02-27,0,3.1671,6,1,1Y
上海清算所城投债收益率曲线(AAA),远期的到期,2026-02-27,0,2.7144,7,8,8Y
上海清算所城投债收益率曲线(AAA),远期的到期,2026-02-27,0,2.6808,7,7,7Y
上海清算所城投债收益率曲线(AAA),远期的到期,2026-02-27,0,2.6594,7,6,6Y
上海清算所城投债收益率曲线(AAA),远期的到期,2026-02-27,0,2.6328,7,5,5Y
上海清算所城投债收益率曲线(AAA),远期的到期,2026-02-27,0,2.6509,7,4,4Y
上海清算所城投债收益率曲线(AAA),远期的到期,2026-02-27,0,2.6201,7,3,3Y
上海清算所城投债收益率曲线(AAA),远期的到期,2026-02-27,0,2.696,7,2,2Y
上海清算所城投债收益率曲线(AAA),远期的到期,2026-02-27,0,2.5996,7,1,1Y
上海清算所城投债收益率曲线(AAA),远期的到期,2026-02-27,0,2.7326,8,7,7Y
上海清算所城投债收益率曲线(AAA),远期的到期,2026-02-27,0,2.6957,8,6,6Y
上海清算所城投债收益率曲线(AAA),远期的到期,2026-02-27,0,2.6724,8,5,5Y
上海清算所城投债收益率曲线(AAA),远期的到期,2026-02-27,0,2.6417,8,4,4Y
上海清算所城投债收益率曲线(AAA),远期的到期,2026-02-27,0,2.669,8,3,3Y
上海清算所城投债收益率曲线(AAA),远期的到期,2026-02-27,0,2.6308,8,2,2Y
上海清算所城投债收益率曲线(AAA),远期的到期,2026-02-27,0,2.7951,8,1,1Y
上海清算所城投债收益率曲线(AAA),远期的到期,2026-02-27,0,2.7212,9,6,6Y
上海清算所城投债收益率曲线(AAA),远期的到期,2026-02-27,0,2.6742,9,5,5Y
上海清算所城投债收益率曲线(AAA),远期的到期,2026-02-27,0,2.6397,9,4,4Y
上海清算所城投债收益率曲线(AAA),远期的到期,2026-02-27,0,2.5879,9,3,3Y
上海清算所城投债收益率曲线(AAA),远期的到期,2026-02-27,0,2.6035,9,2,2Y
上海清算所城投债收益率曲线(AAA),远期的到期,2026-02-27,0,2.4625,9,1,1Y
上海清算所城投债收益率曲线(AAA),远期的到期,2026-02-27,0,2.7773,10,5,5Y
上海清算所城投债收益率曲线(AAA),远期的到期,2026-02-27,0,2.7308,10,4,4Y
上海清算所城投债收益率曲线(AAA),远期的到期,2026-02-27,0,2.7019,10,3,3Y
上海清算所城投债收益率曲线(AAA),远期的到期,2026-02-27,0,2.6531,10,2,2Y
上海清算所城投债收益率曲线(AAA),远期的到期,2026-02-27,0,2.7483,10,1,1Y
上海清算所城投债收益率曲线(AAA),远期的到期,2026-02-27,0,2.785,11,4,4Y
上海清算所城投债收益率曲线(AAA),远期的到期,2026-02-27,0,2.7246,11,3,3Y
上海清算所城投债收益率曲线(AAA),远期的到期,2026-02-27,0,2.6778,11,2,2Y
上海清算所城投债收益率曲线(AAA),远期的到期,2026-02-27,0,2.5555,11,1,1Y
上海清算所城投债收益率曲线(AAA),远期的到期,2026-02-27,0,2.8659,12,3,3Y
上海清算所城投债收益率曲线(AAA),远期的到期,2026-02-27,0,2.8127,12,2,2Y
上海清算所城投债收益率曲线(AAA),远期的到期,2026-02-27,0,2.8036,12,1,1Y
上海清算所城投债收益率曲线(AAA),远期的到期,2026-02-27,0,2.8985,13,2,2Y
上海清算所城投债收益率曲线(AAA),远期的到期,2026-02-27,0,2.8221,13,1,1Y
上海清算所城投债收益率曲线(AAA),远期的到期,2026-02-27,0,2.9771,14,1,1Y
上海清算所城投债收益率曲线(AAA),远期的到期,2026-02-27,0,2.5023,1,14,14Y
上海清算所城投债收益率曲线(AAA),远期的到期,2026-02-27,0,2.4722,1,13,13Y
上海清算所城投债收益率曲线(AAA),远期的到期,2026-02-27,0,2.4477,1,12,12Y
上海清算所城投债收益率曲线(AAA),远期的到期,2026-02-27,0,2.4201,1,11,11Y
上海清算所城投债收益率曲线(AAA),远期的到期,2026-02-27,0,2.4084,1,10,10Y
上海清算所城投债收益率曲线(AAA),远期的到期,2026-02-27,0,2.3753,1,9,9Y
上海清算所城投债收益率曲线(AAA),远期的到期,2026-02-27,0,2.3656,1,8,8Y
上海清算所城投债收益率曲线(AAA),远期的到期,2026-02-27,0,2.3103,1,7,7Y
上海清算所城投债收益率曲线(AAA),远期的到期,2026-02-27,0,2.2662,1,6,6Y
上海清算所城投债收益率曲线(AAA),远期的到期,2026-02-27,0,2.0992,1,5,5Y
上海清算所城投债收益率曲线(AAA),远期的到期,2026-02-27,0,2.0164,1,4,4Y
上海清算所城投债收益率曲线(AAA),远期的到期,2026-02-27,0,1.9979,1,3,3Y
上海清算所城投债收益率曲线(AAA),远期的到期,2026-02-27,0,1.9041,1,2,2Y
上海清算所城投债收益率曲线(AAA),远期的到期,2026-02-27,0,1.8401,1,1,1Y
上海清算所城投债收益率曲线(AAA),远期的到期,2026-02-28,0,2.5464,2,13,13Y
上海清算所城投债收益率曲线(AAA),远期的到期,2026-02-28,0,2.5153,2,12,12Y
上海清算所城投债收益率曲线(AAA),远期的到期,2026-02-28,0,2.4922,2,11,11Y
上海清算所城投债收益率曲线(AAA),远期的到期,2026-02-28,0,2.4673,2,10,10Y
上海清算所城投债收益率曲线(AAA),远期的到期,2026-02-28,0,2.4618,2,9,9Y
上海清算所城投债收益率曲线(AAA),远期的到期,2026-02-28,0,2.4339,2,8,8Y
上海清算所城投债收益率曲线(AAA),远期的到期,2026-02-28,0,2.435,2,7,7Y
上海清算所城投债收益率曲线(AAA),远期的到期,2026-02-28,0,2.3855,2,6,6Y
上海清算所城投债收益率曲线(AAA),远期的到期,2026-02-28,0,2.3502,2,5,5Y
上海清算所城投债收益率曲线(AAA),远期的到期,2026-02-28,0,2.1584,2,4,4Y
上海清算所城投债收益率曲线(AAA),远期的到期,2026-02-28,0,2.065,2,3,3Y
上海清算所城投债收益率曲线(AAA),远期的到期,2026-02-28,0,2.0694,2,2,2Y
上海清算所城投债收益率曲线(AAA),远期的到期,2026-02-28,0,1.9647,2,1,1Y
上海清算所城投债收益率曲线(AAA),远期的到期,2026-02-28,0,2.6031,3,12,12Y
上海清算所城投债收益率曲线(AAA),远期的到期,2026-02-28,0,2.5732,3,11,11Y
上海清算所城投债收益率曲线(AAA),远期的到期,2026-02-28,0,2.5524,3,10,10Y
上海清算所城投债收益率曲线(AAA),远期的到期,2026-02-28,0,2.5303,3,9,9Y
上海清算所城投债收益率曲线(AAA),远期的到期,2026-02-28,0,2.531,3,8,8Y
上海清算所城投债收益率曲线(AAA),远期的到期,2026-02-28,0,2.5076,3,7,7Y
上海清算所城投债收益率曲线(AAA),远期的到期,2026-02-28,0,2.5201,3,6,6Y
上海清算所城投债收益率曲线(AAA),远期的到期,2026-02-28,0,2.4757,3,5,5Y
上海清算所城投债收益率曲线(AAA),远期的到期,2026-02-28,0,2.4521,3,4,4Y
上海清算所城投债收益率曲线(AAA),远期的到期,2026-02-28,0,2.2258,3,3,3Y
上海清算所城投债收益率曲线(AAA),远期的到期,2026-02-28,0,2.1168,3,2,2Y
上海清算所城投债收益率曲线(AAA),远期的到期,2026-02-28,0,2.1764,3,1,1Y
上海清算所城投债收益率曲线(AAA),远期的到期,2026-02-28,0,2.6482,4,11,11Y
上海清算所城投债收益率曲线(AAA),远期的到期,2026-02-28,0,2.6187,4,10,10Y
上海清算所城投债收益率曲线(AAA),远期的到期,2026-02-28,0,2.5997,4,9,9Y
上海清算所城投债收益率曲线(AAA),远期的到期,2026-02-28,0,2.5798,4,8,8Y
上海清算所城投债收益率曲线(AAA),远期的到期,2026-02-28,0,2.5869,4,7,7Y
上海清算所城投债收益率曲线(AAA),远期的到期,2026-02-28,0,2.5677,4,6,6Y
上海清算所城投债收益率曲线(AAA),远期的到期,2026-02-28,0,2.594,4,5,5Y
上海清算所城投债收益率曲线(AAA),远期的到期,2026-02-28,0,2.5552,4,4,4Y
上海清算所城投债收益率曲线(AAA),远期的到期,2026-02-28,0,2.5484,4,3,3Y
上海清算所城投债收益率曲线(AAA),远期的到期,2026-02-28,0,2.2514,4,2,2Y
上海清算所城投债收益率曲线(AAA),远期的到期,2026-02-28,0,2.0559,4,1,1Y
上海清算所城投债收益率曲线(AAA),远期的到期,2026-02-28,0,2.7165,5,10,10Y
上海清算所城投债收益率曲线(AAA),远期的到期,2026-02-28,0,2.6899,5,9,9Y
上海清算所城投债收益率曲线(AAA),远期的到期,2026-02-28,0,2.6762,5,8,8Y
上海清算所城投债收益率曲线(AAA),远期的到期,2026-02-28,0,2.6629,5,7,7Y
上海清算所城投债收益率曲线(AAA),远期的到期,2026-02-28,0,2.6839,5,6,6Y
上海清算所城投债收益率曲线(AAA),远期的到期,2026-02-28,0,2.6786,5,5,5Y
上海清算所城投债收益率曲线(AAA),远期的到期,2026-02-28,0,2.7378,5,4,4Y
上海清算所城投债收益率曲线(AAA),远期的到期,2026-02-28,0,2.7307,5,3,3Y
上海清算所城投债收益率曲线(AAA),远期的到期,2026-02-28,0,2.8046,5,2,2Y
上海清算所城投债收益率曲线(AAA),远期的到期,2026-02-28,0,2.4516,5,1,1Y
上海清算所城投债收益率曲线(AAA),远期的到期,2026-02-28,0,2.7502,6,9,9Y
上海清算所城投债收益率曲线(AAA),远期的到期,2026-02-28,0,2.7235,6,8,8Y
上海清算所城投债收益率曲线(AAA),远期的到期,2026-02-28,0,2.7119,6,7,7Y
上海清算所城投债收益率曲线(AAA),远期的到期,2026-02-28,0,2.7016,6,6,6Y
上海清算所城投债收益率曲线(AAA),远期的到期,2026-02-28,0,2.7344,6,5,5Y
上海清算所城投债收益率曲线(AAA),远期的到期,2026-02-28,0,2.7394,6,4,4Y
上海清算所城投债收益率曲线(AAA),远期的到期,2026-02-28,0,2.8389,6,3,3Y
上海清算所城投债收益率曲线(AAA),远期的到期,2026-02-28,0,2.8765,6,2,2Y
上海清算所城投债收益率曲线(AAA),远期的到期,2026-02-28,0,3.1688,6,1,1Y
上海清算所城投债收益率曲线(AAA),远期的到期,2026-02-28,0,2.6915,7,8,8Y
上海清算所城投债收益率曲线(AAA),远期的到期,2026-02-28,0,2.653,7,7,7Y
上海清算所城投债收益率曲线(AAA),远期的到期,2026-02-28,0,2.6286,7,6,6Y
上海清算所城投债收益率曲线(AAA),远期的到期,2026-02-28,0,2.6007,7,5,5Y
上海清算所城投债收益率曲线(AAA),远期的到期,2026-02-28,0,2.6186,7,4,4Y
上海清算所城投债收益率曲线(AAA),远期的到期,2026-02-28,0,2.5887,7,3,3Y
上海清算所城投债收益率曲线(AAA),远期的到期,2026-02-28,0,2.6674,7,2,2Y
上海清算所城投债收益率曲线(AAA),远期的到期,2026-02-28,0,2.5767,7,1,1Y
上海清算所城投债收益率曲线(AAA),远期的到期,2026-02-28,0,2.7096,8,7,7Y
上海清算所城投债收益率曲线(AAA),远期的到期,2026-02-28,0,2.667,8,6,6Y
上海清算所城投债收益率曲线(AAA),远期的到期,2026-02-28,0,2.6399,8,5,5Y
上海清算所城投债收益率曲线(AAA),远期的到期,2026-02-28,0,2.6071,8,4,4Y
上海清算所城投债收益率曲线(AAA),远期的到期,2026-02-28,0,2.6333,8,3,3Y
上海清算所城投债收益率曲线(AAA),远期的到期,2026-02-28,0,2.595,8,2,2Y
上海清算所城投债收益率曲线(AAA),远期的到期,2026-02-28,0,2.7605,8,1,1Y
上海清算所城投债收益率曲线(AAA),远期的到期,2026-02-28,0,2.7004,9,6,6Y
上海清算所城投债收益率曲线(AAA),远期的到期,2026-02-28,0,2.6468,9,5,5Y
上海清算所城投债收益率曲线(AAA),远期的到期,2026-02-28,0,2.6077,9,4,4Y
上海清算所城投债收益率曲线(AAA),远期的到期,2026-02-28,0,2.5533,9,3,3Y
上海清算所城投债收益率曲线(AAA),远期的到期,2026-02-28,0,2.5672,9,2,2Y
上海清算所城投债收益率曲线(AAA),远期的到期,2026-02-28,0,2.4254,9,1,1Y
上海清算所城投债收益率曲线(AAA),远期的到期,2026-02-28,0,2.7599,10,5,5Y
上海清算所城投债收益率曲线(AAA),远期的到期,2026-02-28,0,2.7059,10,4,4Y
上海清算所城投债收益率曲线(AAA),远期的到期,2026-02-28,0,2.6718,10,3,3Y
上海清算所城投债收益率曲线(AAA),远期的到期,2026-02-28,0,2.6198,10,2,2Y
上海清算所城投债收益率曲线(AAA),远期的到期,2026-02-28,0,2.7129,10,1,1Y
上海清算所城投债收益率曲线(AAA),远期的到期,2026-02-28,0,2.7725,11,4,4Y
上海清算所城投债收益率曲线(AAA),远期的到期,2026-02-28,0,2.7034,11,3,3Y
上海清算所城投债收益率曲线(AAA),远期的到期,2026-02-28,0,2.6504,11,2,2Y
上海清算所城投债收益率曲线(AAA),远期的到期,2026-02-28,0,2.5244,11,1,1Y
上海清算所城投债收益率曲线(AAA),远期的到期,2026-02-28,0,2.8599,12,3,3Y
上海清算所城投债收益率曲线(AAA),远期的到期,2026-02-28,0,2.7967,12,2,2Y
上海清算所城投债收益率曲线(AAA),远期的到期,2026-02-28,0,2.7799,12,1,1Y
上海清算所城投债收益率曲线(AAA),远期的到期,2026-02-28,0,2.9016,13,2,2Y
上海清算所城投债收益率曲线(AAA),远期的到期,2026-02-28,0,2.8139,13,1,1Y
上海清算所城投债收益率曲线(AAA),远期的到期,2026-02-28,0,2.9918,14,1,1Y
上海清算所城投债收益率曲线(AAA),远期的到期,2026-02-28,0,2.4874,1,14,14Y
上海清算所城投债收益率曲线(AAA),远期的到期,2026-02-28,0,2.4553,1,13,13Y
上海清算所城投债收益率曲线(AAA),远期的到期,2026-02-28,0,2.4302,1,12,12Y
上海清算所城投债收益率曲线(AAA),远期的到期,2026-02-28,0,2.4031,1,11,11Y
上海清算所城投债收益率曲线(AAA),远期的到期,2026-02-28,0,2.3925,1,10,10Y
上海清算所城投债收益率曲线(AAA),远期的到期,2026-02-28,0,2.3613,1,9,9Y
上海清算所城投债收益率曲线(AAA),远期的到期,2026-02-28,0,2.3542,1,8,8Y
上海清算所城投债收益率曲线(AAA),远期的到期,2026-02-28,0,2.3018,1,7,7Y
上海清算所城投债收益率曲线(AAA),远期的到期,2026-02-28,0,2.2599,1,6,6Y
上海清算所城投债收益率曲线(AAA),远期的到期,2026-02-28,0,2.0914,1,5,5Y
上海清算所城投债收益率曲线(AAA),远期的到期,2026-02-28,0,2.0062,1,4,4Y
上海清算所城投债收益率曲线(AAA),远期的到期,2026-02-28,0,1.9903,1,3,3Y
上海清算所城投债收益率曲线(AAA),远期的到期,2026-02-28,0,1.9002,1,2,2Y
上海清算所城投债收益率曲线(AAA),远期的到期,2026-02-28,0,1.8368,1,1,1Y
上海清算所城投债收益率曲线(AAA),远期的到期,2026-03-02,0,2.5496,2,13,13Y
上海清算所城投债收益率曲线(AAA),远期的到期,2026-03-02,0,2.5327,2,12,12Y
上海清算所城投债收益率曲线(AAA),远期的到期,2026-03-02,0,2.5158,2,11,11Y
上海清算所城投债收益率曲线(AAA),远期的到期,2026-03-02,0,2.4982,2,10,10Y
上海清算所城投债收益率曲线(AAA),远期的到期,2026-03-02,0,2.4792,2,9,9Y
上海清算所城投债收益率曲线(AAA),远期的到期,2026-03-02,0,2.4581,2,8,8Y
上海清算所城投债收益率曲线(AAA),远期的到期,2026-03-02,0,2.4226,2,7,7Y
上海清算所城投债收益率曲线(AAA),远期的到期,2026-03-02,0,2.382,2,6,6Y
上海清算所城投债收益率曲线(AAA),远期的到期,2026-03-02,0,2.366,2,5,5Y
上海清算所城投债收益率曲线(AAA),远期的到期,2026-03-02,0,2.1554,2,4,4Y
上海清算所城投债收益率曲线(AAA),远期的到期,2026-03-02,0,2.0827,2,3,3Y
上海清算所城投债收益率曲线(AAA),远期的到期,2026-03-02,0,2.0832,2,2,2Y
上海清算所城投债收益率曲线(AAA),远期的到期,2026-03-02,0,1.9262,2,1,1Y
上海清算所城投债收益率曲线(AAA),远期的到期,2026-03-02,0,2.6105,3,12,12Y
上海清算所城投债收益率曲线(AAA),远期的到期,2026-03-02,0,2.5965,3,11,11Y
上海清算所城投债收益率曲线(AAA),远期的到期,2026-03-02,0,2.5832,3,10,10Y
上海清算所城投债收益率曲线(AAA),远期的到期,2026-03-02,0,2.57,3,9,9Y
上海清算所城投债收益率曲线(AAA),远期的到期,2026-03-02,0,2.5562,3,8,8Y
上海清算所城投债收益率曲线(AAA),远期的到期,2026-03-02,0,2.5417,3,7,7Y
上海清算所城投债收益率曲线(AAA),远期的到期,2026-03-02,0,2.5125,3,6,6Y
上海清算所城投债收益率曲线(AAA),远期的到期,2026-03-02,0,2.4797,3,5,5Y
上海清算所城投债收益率曲线(AAA),远期的到期,2026-03-02,0,2.4824,3,4,4Y
上海清算所城投债收益率曲线(AAA),远期的到期,2026-03-02,0,2.2352,3,3,3Y
上海清算所城投债收益率曲线(AAA),远期的到期,2026-03-02,0,2.1636,3,2,2Y
上海清算所城投债收益率曲线(AAA),远期的到期,2026-03-02,0,2.2438,3,1,1Y
上海清算所城投债收益率曲线(AAA),远期的到期,2026-03-02,0,2.6492,4,11,11Y
上海清算所城投债收益率曲线(AAA),远期的到期,2026-03-02,0,2.637,4,10,10Y
上海清算所城投债收益率曲线(AAA),远期的到期,2026-03-02,0,2.626,4,9,9Y
上海清算所城投债收益率曲线(AAA),远期的到期,2026-03-02,0,2.6156,4,8,8Y
上海清算所城投债收益率曲线(AAA),远期的到期,2026-03-02,0,2.6055,4,7,7Y
上海清算所城投债收益率曲线(AAA),远期的到期,2026-03-02,0,2.5958,4,6,6Y
上海清算所城投债收益率曲线(AAA),远期的到期,2026-03-02,0,2.5703,4,5,5Y
上海清算所城投债收益率曲线(AAA),远期的到期,2026-03-02,0,2.5424,4,4,4Y
上海清算所城投债收益率曲线(AAA),远期的到期,2026-03-02,0,2.5657,4,3,3Y
上海清算所城投债收益率曲线(AAA),远期的到期,2026-03-02,0,2.2308,4,2,2Y
上海清算所城投债收益率曲线(AAA),远期的到期,2026-03-02,0,2.0818,4,1,1Y
上海清算所城投债收益率曲线(AAA),远期的到期,2026-03-02,0,2.7147,5,10,10Y
上海清算所城投债收益率曲线(AAA),远期的到期,2026-03-02,0,2.7074,5,9,9Y
上海清算所城投债收益率曲线(AAA),远期的到期,2026-03-02,0,2.7025,5,8,8Y
上海清算所城投债收益率曲线(AAA),远期的到期,2026-03-02,0,2.7003,5,7,7Y
上海清算所城投债收益率曲线(AAA),远期的到期,2026-03-02,0,2.7012,5,6,6Y
上海清算所城投债收益率曲线(AAA),远期的到期,2026-03-02,0,2.7071,5,5,5Y
上海清算所城投债收益率曲线(AAA),远期的到期,2026-03-02,0,2.7008,5,4,4Y
上海清算所城投债收益率曲线(AAA),远期的到期,2026-03-02,0,2.7042,5,3,3Y
上海清算所城投债收益率曲线(AAA),远期的到期,2026-03-02,0,2.8174,5,2,2Y
上海清算所城投债收益率曲线(AAA),远期的到期,2026-03-02,0,2.3833,5,1,1Y
上海清算所城投债收益率曲线(AAA),远期的到期,2026-03-02,0,2.7569,6,9,9Y
上海清算所城投债收益率曲线(AAA),远期的到期,2026-03-02,0,2.7531,6,8,8Y
上海清算所城投债收益率曲线(AAA),远期的到期,2026-03-02,0,2.7534,6,7,7Y
上海清算所城投债收益率曲线(AAA),远期的到期,2026-03-02,0,2.7584,6,6,6Y
上海清算所城投债收益率曲线(AAA),远期的到期,2026-03-02,0,2.7703,6,5,5Y
上海清算所城投债收益率曲线(AAA),远期的到期,2026-03-02,0,2.794,6,4,4Y
上海清算所城投债收益率曲线(AAA),远期的到期,2026-03-02,0,2.8128,6,3,3Y
上海清算所城投债收益率曲线(AAA),远期的到期,2026-03-02,0,2.872,6,2,2Y
上海清算所城投债收益率曲线(AAA),远期的到期,2026-03-02,0,3.2657,6,1,1Y
上海清算所城投债收益率曲线(AAA),远期的到期,2026-03-02,0,2.6854,7,8,8Y
上海清算所城投债收益率曲线(AAA),远期的到期,2026-03-02,0,2.6719,7,7,7Y
上海清算所城投债收益率曲线(AAA),远期的到期,2026-03-02,0,2.6599,7,6,6Y
上海清算所城投债收益率曲线(AAA),远期的到期,2026-03-02,0,2.6489,7,5,5Y
上海清算所城投债收益率曲线(AAA),远期的到期,2026-03-02,0,2.6383,7,4,4Y
上海清算所城投债收益率曲线(AAA),远期的到期,2026-03-02,0,2.6285,7,3,3Y
上海清算所城投债收益率曲线(AAA),远期的到期,2026-03-02,0,2.5777,7,2,2Y
上海清算所城投债收益率曲线(AAA),远期的到期,2026-03-02,0,2.4685,7,1,1Y
上海清算所城投债收益率曲线(AAA),远期的到期,2026-03-02,0,2.7199,8,7,7Y
上海清算所城投债收益率曲线(AAA),远期的到期,2026-03-02,0,2.7091,8,6,6Y
上海清算所城投债收益率曲线(AAA),远期的到期,2026-03-02,0,2.7014,8,5,5Y
上海清算所城投债收益率曲线(AAA),远期的到期,2026-03-02,0,2.697,8,4,4Y
上海清算所城投债收益率曲线(AAA),远期的到期,2026-03-02,0,2.698,8,3,3Y
上海清算所城投债收益率曲线(AAA),远期的到期,2026-03-02,0,2.7118,8,2,2Y
上海清算所城投债收益率曲线(AAA),远期的到期,2026-03-02,0,2.6899,8,1,1Y
上海清算所城投债收益率曲线(AAA),远期的到期,2026-03-02,0,2.7254,9,6,6Y
上海清算所城投债收益率曲线(AAA),远期的到期,2026-03-02,0,2.7133,9,5,5Y
上海清算所城投债收益率曲线(AAA),远期的到期,2026-03-02,0,2.7044,9,4,4Y
上海清算所城投债收益率曲线(AAA),远期的到期,2026-03-02,0,2.6995,9,3,3Y
上海清算所城投债收益率曲线(AAA),远期的到期,2026-03-02,0,2.7022,9,2,2Y
上海清算所城投债收益率曲线(AAA),远期的到期,2026-03-02,0,2.7342,9,1,1Y
上海清算所城投债收益率曲线(AAA),远期的到期,2026-03-02,0,2.7234,10,5,5Y
上海清算所城投债收益率曲线(AAA),远期的到期,2026-03-02,0,2.7077,10,4,4Y
上海清算所城投债收益率曲线(AAA),远期的到期,2026-03-02,0,2.694,10,3,3Y
上海清算所城投债收益率曲线(AAA),远期的到期,2026-03-02,0,2.6815,10,2,2Y
上海清算所城投债收益率曲线(AAA),远期的到期,2026-03-02,0,2.6693,10,1,1Y
上海清算所城投债收益率曲线(AAA),远期的到期,2026-03-02,0,2.7379,11,4,4Y
上海清算所城投债收益率曲线(AAA),远期的到期,2026-03-02,0,2.7211,11,3,3Y
上海清算所城投债收益率曲线(AAA),远期的到期,2026-03-02,0,2.7068,11,2,2Y
上海清算所城投债收益率曲线(AAA),远期的到期,2026-03-02,0,2.694,11,1,1Y
上海清算所城投债收益率曲线(AAA),远期的到期,2026-03-02,0,2.7533,12,3,3Y
上海清算所城投债收益率曲线(AAA),远期的到期,2026-03-02,0,2.7353,12,2,2Y
上海清算所城投债收益率曲线(AAA),远期的到期,2026-03-02,0,2.72,12,1,1Y
上海清算所城投债收益率曲线(AAA),远期的到期,2026-03-02,0,2.7707,13,2,2Y
上海清算所城投债收益率曲线(AAA),远期的到期,2026-03-02,0,2.751,13,1,1Y
上海清算所城投债收益率曲线(AAA),远期的到期,2026-03-02,0,2.791,14,1,1Y
上海清算所城投债收益率曲线(AAA),远期的到期,2026-03-02,0,2.492,1,14,14Y
上海清算所城投债收益率曲线(AAA),远期的到期,2026-03-02,0,2.473,1,13,13Y
上海清算所城投债收益率曲线(AAA),远期的到期,2026-03-02,0,2.4535,1,12,12Y
上海清算所城投债收益率曲线(AAA),远期的到期,2026-03-02,0,2.4329,1,11,11Y
上海清算所城投债收益率曲线(AAA),远期的到期,2026-03-02,0,2.4103,1,10,10Y
上海清算所城投债收益率曲线(AAA),远期的到期,2026-03-02,0,2.3851,1,9,9Y
上海清算所城投债收益率曲线(AAA),远期的到期,2026-03-02,0,2.3463,1,8,8Y
上海清算所城投债收益率曲线(AAA),远期的到期,2026-03-02,0,2.302,1,7,7Y
上海清算所城投债收益率曲线(AAA),远期的到期,2026-03-02,0,2.2766,1,6,6Y
上海清算所城投债收益率曲线(AAA),远期的到期,2026-03-02,0,2.0933,1,5,5Y
上海清算所城投债收益率曲线(AAA),远期的到期,2026-03-02,0,2.0247,1,4,4Y
上海清算所城投债收益率曲线(AAA),远期的到期,2026-03-02,0,2.0064,1,3,3Y
上海清算所城投债收益率曲线(AAA),远期的到期,2026-03-02,0,1.8915,1,2,2Y
上海清算所城投债收益率曲线(AAA),远期的到期,2026-03-02,0,1.8574,1,1,1Y
上海清算所城投债收益率曲线(AAA),远期的到期,2026-03-03,0,2.5392,2,13,13Y
上海清算所城投债收益率曲线(AAA),远期的到期,2026-03-03,0,2.5248,2,12,12Y
上海清算所城投债收益率曲线(AAA),远期的到期,2026-03-03,0,2.5105,2,11,11Y
上海清算所城投债收益率曲线(AAA),远期的到期,2026-03-03,0,2.4957,2,10,10Y
上海清算所城投债收益率曲线(AAA),远期的到期,2026-03-03,0,2.4799,2,9,9Y
上海清算所城投债收益率曲线(AAA),远期的到期,2026-03-03,0,2.4626,2,8,8Y
上海清算所城投债收益率曲线(AAA),远期的到期,2026-03-03,0,2.4329,2,7,7Y
上海清算所城投债收益率曲线(AAA),远期的到期,2026-03-03,0,2.3741,2,6,6Y
上海清算所城投债收益率曲线(AAA),远期的到期,2026-03-03,0,2.3554,2,5,5Y
上海清算所城投债收益率曲线(AAA),远期的到期,2026-03-03,0,2.1471,2,4,4Y
上海清算所城投债收益率曲线(AAA),远期的到期,2026-03-03,0,2.0971,2,3,3Y
上海清算所城投债收益率曲线(AAA),远期的到期,2026-03-03,0,2.0741,2,2,2Y
上海清算所城投债收益率曲线(AAA),远期的到期,2026-03-03,0,1.9433,2,1,1Y
上海清算所城投债收益率曲线(AAA),远期的到期,2026-03-03,0,2.5974,3,12,12Y
上海清算所城投债收益率曲线(AAA),远期的到期,2026-03-03,0,2.586,3,11,11Y
上海清算所城投债收益率曲线(AAA),远期的到期,2026-03-03,0,2.5753,3,10,10Y
上海清算所城投债收益率曲线(AAA),远期的到期,2026-03-03,0,2.565,3,9,9Y
上海清算所城投债收益率曲线(AAA),远期的到期,2026-03-03,0,2.5546,3,8,8Y
上海清算所城投债收益率曲线(AAA),远期的到期,2026-03-03,0,2.5442,3,7,7Y
上海清算所城投债收益率曲线(AAA),远期的到期,2026-03-03,0,2.5215,3,6,6Y
上海清算所城投债收益率曲线(AAA),远期的到期,2026-03-03,0,2.4664,3,5,5Y
上海清算所城投债收益率曲线(AAA),远期的到期,2026-03-03,0,2.4644,3,4,4Y
上海清算所城投债收益率曲线(AAA),远期的到期,2026-03-03,0,2.218,3,3,3Y
上海清算所城投债收益率曲线(AAA),远期的到期,2026-03-03,0,2.1765,3,2,2Y
上海清算所城投债收益率曲线(AAA),远期的到期,2026-03-03,0,2.2078,3,1,1Y
上海清算所城投债收益率曲线(AAA),远期的到期,2026-03-03,0,2.6386,4,11,11Y
上海清算所城投债收益率曲线(AAA),远期的到期,2026-03-03,0,2.6294,4,10,10Y
上海清算所城投债收益率曲线(AAA),远期的到期,2026-03-03,0,2.6216,4,9,9Y
上海清算所城投债收益率曲线(AAA),远期的到期,2026-03-03,0,2.6149,4,8,8Y
上海清算所城投债收益率曲线(AAA),远期的到期,2026-03-03,0,2.6094,4,7,7Y
上海清算所城投债收益率曲线(AAA),远期的到期,2026-03-03,0,2.6053,4,6,6Y
上海清算所城投债收益率曲线(AAA),远期的到期,2026-03-03,0,2.589,4,5,5Y
上海清算所城投债收益率曲线(AAA),远期的到期,2026-03-03,0,2.5351,4,4,4Y
上海清算所城投债收益率曲线(AAA),远期的到期,2026-03-03,0,2.554,4,3,3Y
上海清算所城投债收益率曲线(AAA),远期的到期,2026-03-03,0,2.2233,4,2,2Y
上海清算所城投债收益率曲线(AAA),远期的到期,2026-03-03,0,2.1446,4,1,1Y
上海清算所城投债收益率曲线(AAA),远期的到期,2026-03-03,0,2.6956,5,10,10Y
上海清算所城投债收益率曲线(AAA),远期的到期,2026-03-03,0,2.6907,5,9,9Y
上海清算所城投债收益率曲线(AAA),远期的到期,2026-03-03,0,2.6886,5,8,8Y
上海清算所城投债收益率曲线(AAA),远期的到期,2026-03-03,0,2.6895,5,7,7Y
上海清算所城投债收益率曲线(AAA),远期的到期,2026-03-03,0,2.6943,5,6,6Y
上海清算所城投债收益率曲线(AAA),远期的到期,2026-03-03,0,2.705,5,5,5Y
上海清算所城投债收益率曲线(AAA),远期的到期,2026-03-03,0,2.7076,5,4,4Y
上海清算所城投债收益率曲线(AAA),远期的到期,2026-03-03,0,2.6722,5,3,3Y
上海清算所城投债收益率曲线(AAA),远期的到期,2026-03-03,0,2.7668,5,2,2Y
上海清算所城投债收益率曲线(AAA),远期的到期,2026-03-03,0,2.3039,5,1,1Y
上海清算所城投债收益率曲线(AAA),远期的到期,2026-03-03,0,2.7454,6,9,9Y
上海清算所城投债收益率曲线(AAA),远期的到期,2026-03-03,0,2.7453,6,8,8Y
上海清算所城投债收益率曲线(AAA),远期的到期,2026-03-03,0,2.7499,6,7,7Y
上海清算所城投债收益率曲线(AAA),远期的到期,2026-03-03,0,2.7603,6,6,6Y
上海清算所城投债收益率曲线(AAA),远期的到期,2026-03-03,0,2.7791,6,5,5Y
上海清算所城投债收益率曲线(AAA),远期的到期,2026-03-03,0,2.8126,6,4,4Y
上海清算所城投债收益率曲线(AAA),远期的到期,2026-03-03,0,2.8501,6,3,3Y
上海清算所城投债收益率曲线(AAA),远期的到期,2026-03-03,0,2.8646,6,2,2Y
上海清算所城投债收益率曲线(AAA),远期的到期,2026-03-03,0,3.2447,6,1,1Y
上海清算所城投债收益率曲线(AAA),远期的到期,2026-03-03,0,2.6753,7,8,8Y
上海清算所城投债收益率曲线(AAA),远期的到期,2026-03-03,0,2.6662,7,7,7Y
上海清算所城投债收益率曲线(AAA),远期的到期,2026-03-03,0,2.6596,7,6,6Y
上海清算所城投债收益率曲线(AAA),远期的到期,2026-03-03,0,2.6556,7,5,5Y
上海清算所城投债收益率曲线(AAA),远期的到期,2026-03-03,0,2.655,7,4,4Y
上海清算所城投债收益率曲线(AAA),远期的到期,2026-03-03,0,2.661,7,3,3Y
上海清算所城投债收益率曲线(AAA),远期的到期,2026-03-03,0,2.6451,7,2,2Y
上海清算所城投债收益率曲线(AAA),远期的到期,2026-03-03,0,2.4751,7,1,1Y
上海清算所城投债收益率曲线(AAA),远期的到期,2026-03-03,0,2.7071,8,7,7Y
上海清算所城投债收益率曲线(AAA),远期的到期,2026-03-03,0,2.7012,8,6,6Y
上海清算所城投债收益率曲线(AAA),远期的到期,2026-03-03,0,2.6996,8,5,5Y
上海清算所城投债收益率曲线(AAA),远期的到期,2026-03-03,0,2.7038,8,4,4Y
上海清算所城投债收益率曲线(AAA),远期的到期,2026-03-03,0,2.7183,8,3,3Y
上海清算所城投债收益率曲线(AAA),远期的到期,2026-03-03,0,2.7578,8,2,2Y
上海清算所城投债收益率曲线(AAA),远期的到期,2026-03-03,0,2.8199,8,1,1Y
上海清算所城投债收益率曲线(AAA),远期的到期,2026-03-03,0,2.6864,9,6,6Y
上海清算所城投债收益率曲线(AAA),远期的到期,2026-03-03,0,2.6755,9,5,5Y
上海清算所城投债收益率曲线(AAA),远期的到期,2026-03-03,0,2.6675,9,4,4Y
上海清算所城投债收益率曲线(AAA),远期的到期,2026-03-03,0,2.6631,9,3,3Y
上海清算所城投债收益率曲线(AAA),远期的到期,2026-03-03,0,2.6654,9,2,2Y
上海清算所城投债收益率曲线(AAA),远期的到期,2026-03-03,0,2.6941,9,1,1Y
上海清算所城投债收益率曲线(AAA),远期的到期,2026-03-03,0,2.6848,10,5,5Y
上海清算所城投债收益率曲线(AAA),远期的到期,2026-03-03,0,2.6706,10,4,4Y
上海清算所城投债收益率曲线(AAA),远期的到期,2026-03-03,0,2.6582,10,3,3Y
上海清算所城投债收益率曲线(AAA),远期的到期,2026-03-03,0,2.6469,10,2,2Y
上海清算所城投债收益率曲线(AAA),远期的到期,2026-03-03,0,2.6359,10,1,1Y
上海清算所城投债收益率曲线(AAA),远期的到期,2026-03-03,0,2.6978,11,4,4Y
上海清算所城投债收益率曲线(AAA),远期的到期,2026-03-03,0,2.6827,11,3,3Y
上海清算所城投债收益率曲线(AAA),远期的到期,2026-03-03,0,2.6698,11,2,2Y
上海清算所城投债收益率曲线(AAA),远期的到期,2026-03-03,0,2.6582,11,1,1Y
上海清算所城投债收益率曲线(AAA),远期的到期,2026-03-03,0,2.7118,12,3,3Y
上海清算所城投债收益率曲线(AAA),远期的到期,2026-03-03,0,2.6955,12,2,2Y
上海清算所城投债收益率曲线(AAA),远期的到期,2026-03-03,0,2.6817,12,1,1Y
上海清算所城投债收益率曲线(AAA),远期的到期,2026-03-03,0,2.7274,13,2,2Y
上海清算所城投债收益率曲线(AAA),远期的到期,2026-03-03,0,2.7097,13,1,1Y
上海清算所城投债收益率曲线(AAA),远期的到期,2026-03-03,0,2.7457,14,1,1Y
上海清算所城投债收益率曲线(AAA),远期的到期,2026-03-03,0,2.4816,1,14,14Y
上海清算所城投债收益率曲线(AAA),远期的到期,2026-03-03,0,2.4648,1,13,13Y
上海清算所城投债收益率曲线(AAA),远期的到期,2026-03-03,0,2.4476,1,12,12Y
上海清算所城投债收益率曲线(AAA),远期的到期,2026-03-03,0,2.4295,1,11,11Y
上海清算所城投债收益率曲线(AAA),远期的到期,2026-03-03,0,2.4097,1,10,10Y
上海清算所城投债收益率曲线(AAA),远期的到期,2026-03-03,0,2.3877,1,9,9Y
上海清算所城投债收益率曲线(AAA),远期的到期,2026-03-03,0,2.3537,1,8,8Y
上海清算所城投债收益率曲线(AAA),远期的到期,2026-03-03,0,2.2936,1,7,7Y
上海清算所城投债收益率曲线(AAA),远期的到期,2026-03-03,0,2.2659,1,6,6Y
上海清算所城投债收益率曲线(AAA),远期的到期,2026-03-03,0,2.0845,1,5,5Y
上海清算所城投债收益率曲线(AAA),远期的到期,2026-03-03,0,2.0325,1,4,4Y
上海清算所城投债收益率曲线(AAA),远期的到期,2026-03-03,0,1.9968,1,3,3Y
上海清算所城投债收益率曲线(AAA),远期的到期,2026-03-03,0,1.8945,1,2,2Y
上海清算所城投债收益率曲线(AAA),远期的到期,2026-03-03,0,1.8467,1,1,1Y
上海清算所城投债收益率曲线(AAA),远期的到期,2026-03-04,0,2.5363,2,13,13Y
上海清算所城投债收益率曲线(AAA),远期的到期,2026-03-04,0,2.5216,2,12,12Y
上海清算所城投债收益率曲线(AAA),远期的到期,2026-03-04,0,2.5066,2,11,11Y
上海清算所城投债收益率曲线(AAA),远期的到期,2026-03-04,0,2.4902,2,10,10Y
上海清算所城投债收益率曲线(AAA),远期的到期,2026-03-04,0,2.4715,2,9,9Y
上海清算所城投债收益率曲线(AAA),远期的到期,2026-03-04,0,2.4494,2,8,8Y
上海清算所城投债收益率曲线(AAA),远期的到期,2026-03-04,0,2.4021,2,7,7Y
上海清算所城投债收益率曲线(AAA),远期的到期,2026-03-04,0,2.3679,2,6,6Y
上海清算所城投债收益率曲线(AAA),远期的到期,2026-03-04,0,2.3546,2,5,5Y
上海清算所城投债收益率曲线(AAA),远期的到期,2026-03-04,0,2.1537,2,4,4Y
上海清算所城投债收益率曲线(AAA),远期的到期,2026-03-04,0,2.0559,2,3,3Y
上海清算所城投债收益率曲线(AAA),远期的到期,2026-03-04,0,2.0826,2,2,2Y
上海清算所城投债收益率曲线(AAA),远期的到期,2026-03-04,0,1.9665,2,1,1Y
上海清算所城投债收益率曲线(AAA),远期的到期,2026-03-04,0,2.5919,3,12,12Y
上海清算所城投债收益率曲线(AAA),远期的到期,2026-03-04,0,2.58,3,11,11Y
上海清算所城投债收益率曲线(AAA),远期的到期,2026-03-04,0,2.5683,3,10,10Y
上海清算所城投债收益率曲线(AAA),远期的到期,2026-03-04,0,2.5559,3,9,9Y
上海清算所城投债收益率曲线(AAA),远期的到期,2026-03-04,0,2.5418,3,8,8Y
上海清算所城投债收益率曲线(AAA),远期的到期,2026-03-04,0,2.5253,3,7,7Y
上海清算所城投债收益率曲线(AAA),远期的到期,2026-03-04,0,2.4809,3,6,6Y
上海清算所城投债收益率曲线(AAA),远期的到期,2026-03-04,0,2.4539,3,5,5Y
上海清算所城投债收益率曲线(AAA),远期的到期,2026-03-04,0,2.4573,3,4,4Y
上海清算所城投债收益率曲线(AAA),远期的到期,2026-03-04,0,2.2189,3,3,3Y
上海清算所城投债收益率曲线(AAA),远期的到期,2026-03-04,0,2.102,3,2,2Y
上海清算所城投债收益率曲线(AAA),远期的到期,2026-03-04,0,2.2013,3,1,1Y
上海清算所城投债收益率曲线(AAA),远期的到期,2026-03-04,0,2.6332,4,11,11Y
上海清算所城投债收益率曲线(AAA),远期的到期,2026-03-04,0,2.6234,4,10,10Y
上海清算所城投债收益率曲线(AAA),远期的到期,2026-03-04,0,2.6144,4,9,9Y
上海清算所城投债收益率曲线(AAA),远期的到期,2026-03-04,0,2.6054,4,8,8Y
上海清算所城投债收益率曲线(AAA),远期的到期,2026-03-04,0,2.5955,4,7,7Y
上海清算所城投债收益率曲线(AAA),远期的到期,2026-03-04,0,2.5841,4,6,6Y
上海清算所城投债收益率曲线(AAA),远期的到期,2026-03-04,0,2.541,4,5,5Y
